0.45643273	-0.38331497	-0.78024	-0.18964341
0.45658758	-0.38322732	-0.7802097	-0.18957186
0.45673633	-0.38309237	-0.7802181	-0.18945165
0.456882	-0.38285464	-0.7802758	-0.18934359
0.45700762	-0.3826627	-0.78032213	-0.18923756
0.45695284	-0.38266364	-0.78034043	-0.18929267
0.4567771	-0.38275605	-0.78036696	-0.18941982
0.45656863	-0.38288787	-0.7803849	-0.18958221
0.45638815	-0.38302374	-0.7803821	-0.18975408
0.45623854	-0.38315398	-0.7803588	-0.18994626
0.45611167	-0.3832608	-0.78033996	-0.19011287
0.4559941	-0.38334304	-0.7803339	-0.19025417
0.4559182	-0.38337857	-0.7803453	-0.19031754
0.4559029	-0.38337535	-0.78035694	-0.19031304
0.45593825	-0.3833659	-0.7803572	-0.19024621
0.4559943	-0.38338646	-0.7803349	-0.1901619
0.4560544	-0.38342187	-0.7803088	-0.19005352
0.45611727	-0.38343242	-0.7803	-0.18991731
0.45617503	-0.38341033	-0.780317	-0.18975268
0.45621574	-0.38330778	-0.78038996	-0.18956271
0.4562381	-0.38311937	-0.78052306	-0.18934196
0.45627546	-0.38286227	-0.78067964	-0.18912616
0.4563285	-0.38256875	-0.780841	-0.18892558
0.4564088	-0.38225576	-0.78098464	-0.18877149
0.4565145	-0.38197854	-0.781078	-0.18869111
0.45657137	-0.38179764	-0.78113234	-0.18869448
0.4565155	-0.38173324	-0.7811793	-0.1887654
0.45637468	-0.38174868	-0.78122526	-0.18888393
0.45618805	-0.38180044	-0.7812702	-0.18904443
0.4559952	-0.3818536	-0.7813152	-0.18921587
0.45584536	-0.38187096	-0.7813559	-0.18937396
0.45568675	-0.38180876	-0.78144765	-0.1895026
0.45558178	-0.38164616	-0.7815932	-0.18948233
0.45551342	-0.3814728	-0.78173304	-0.18941917
0.4554991	-0.3812901	-0.7818548	-0.18931812
0.45550594	-0.3811829	-0.7819384	-0.18917263
0.45553392	-0.38115	-0.7819821	-0.18899088
0.45561135	-0.38116655	-0.78198004	-0.18877958
0.4557453	-0.38120028	-0.78194076	-0.18855089
0.4559159	-0.381228	-0.7818861	-0.18830837
0.45607683	-0.38123283	-0.78184485	-0.18808024
0.4561701	-0.38121375	-0.7818461	-0.18788753
0.4561999	-0.3811531	-0.7818966	-0.18772823
0.45621145	-0.38107052	-0.7819546	-0.1876258
0.4562459	-0.38096336	-0.78200537	-0.18754798
0.45627147	-0.38087466	-0.78204316	-0.1875083
0.45631668	-0.38081235	-0.78204685	-0.18750954
0.4563592	-0.38077092	-0.7820303	-0.18755908
0.45637196	-0.38076824	-0.7820106	-0.18761551
0.45633307	-0.380788	-0.7820043	-0.1876964
0.4562447	-0.38083604	-0.78200203	-0.18782336
0.45613673	-0.38088724	-0.7820046	-0.18797038
0.45604193	-0.3809166	-0.7820152	-0.18809733
0.4559848	-0.380876	-0.78205526	-0.18815131
0.45599735	-0.38072076	-0.78213394	-0.18810838
0.45594978	-0.38073426	-0.78216016	-0.18808745
0.4564954	-0.3799284	-0.78233534	-0.187664
0.4568224	-0.37948012	-0.7824282	-0.18738814
0.45736116	-0.37857178	-0.7826874	-0.18682769
0.45742783	-0.3781871	-0.78288835	-0.18660164
0.45739898	-0.37788436	-0.7830651	-0.18654424
0.45735678	-0.3776742	-0.783191	-0.18654448
0.45736533	-0.37741184	-0.78331405	-0.18653807
0.45746037	-0.3771042	-0.78341305	-0.18651132
0.4573322	-0.37708116	-0.78348744	-0.18655983
0.45837396	-0.37613633	-0.7834033	-0.1862636
0.45869088	-0.37586963	-0.78336525	-0.1861817
0.45903072	-0.37565187	-0.7832908	-0.18609712
0.45936757	-0.37546504	-0.7832069	-0.18599615
0.4596946	-0.37527025	-0.78313166	-0.185898
0.46003622	-0.37502763	-0.7830697	-0.18580389
0.46032798	-0.37476924	-0.783038	-0.18573602
0.46071064	-0.3744167	-0.7829835	-0.18572745
0.46089318	-0.37417048	-0.7829762	-0.185802
0.4610828	-0.37389418	-0.7829698	-0.18591502
0.46129268	-0.37358305	-0.7829611	-0.18605609
0.46196872	-0.37294883	-0.7828137	-0.18627074
0.46229076	-0.37261006	-0.782749	-0.1864215
0.46275288	-0.3722473	-0.78262335	-0.18652725
0.46314162	-0.37191853	-0.78253156	-0.18660358
0.46361664	-0.371547	-0.78242093	-0.18662786
0.46420264	-0.37113053	-0.78229475	-0.18652888
0.4648738	-0.37066013	-0.78217584	-0.18629137
0.46488008	-0.37059215	-0.78217643	-0.18640867
0.4658708	-0.3698317	-0.78208125	-0.1858436
0.46645814	-0.36928123	-0.7820828	-0.1854585
0.46701545	-0.36872676	-0.7820963	-0.18510146
0.4675704	-0.3681635	-0.78211004	-0.18476309
0.46826982	-0.36744916	-0.7821363	-0.18430215
0.46815714	-0.36740184	-0.7822051	-0.18439081
0.46920153	-0.36626825	-0.7823133	-0.18353069
0.46983168	-0.36553028	-0.782393	-0.18304995
0.47046995	-0.36473954	-0.7824884	-0.18257856
0.47108418	-0.36390597	-0.7826141	-0.18211867
0.4717189	-0.36303088	-0.7827377	-0.18169081
0.47327363	-0.36093965	-0.78302956	-0.18055306
0.47481462	-0.35891998	-0.7833054	-0.17933285
0.47478014	-0.3588796	-0.78332853	-0.1794039
0.4754347	-0.35805202	-0.7834236	-0.1789084
0.47631785	-0.35700935	-0.7835307	-0.17817251
0.47717518	-0.35611218	-0.78354543	-0.17760776
0.47786665	-0.355373	-0.7835616	-0.17715746
0.47884864	-0.35454386	-0.78343177	-0.17674091
0.47990742	-0.3538021	-0.78318495	-0.17644905
0.48104215	-0.3530531	-0.78287584	-0.17623143
0.48219264	-0.35227028	-0.7825657	-0.17603047
0.4833766	-0.35132462	-0.78232753	-0.17573257
0.48440298	-0.35035768	-0.7822012	-0.17539878
0.48527583	-0.34946653	-0.7821295	-0.17508297
0.4861056	-0.3485457	-0.78209805	-0.17475724
0.48688596	-0.34765056	-0.7820779	-0.17445748
0.48783803	-0.3467727	-0.7819155	-0.17427257
0.4889346	-0.3459033	-0.78165257	-0.1741067
0.49015546	-0.34503257	-0.78130764	-0.17395006
0.4913554	-0.34423724	-0.78094095	-0.1737874
0.49257156	-0.34345955	-0.7805664	-0.17356546
0.4939275	-0.3426402	-0.7801473	-0.17321528
0.49504334	-0.34200996	-0.779805	-0.17281656
0.49628118	-0.34128982	-0.7794538	-0.17227304
0.49770418	-0.34031764	-0.77914214	-0.1714995
0.49889582	-0.3393941	-0.77894425	-0.17076461
0.5001853	-0.33828127	-0.7787906	-0.16989884
0.5015494	-0.33698708	-0.7786912	-0.16890253
0.5029514	-0.33552316	-0.7786577	-0.16779815
0.50435644	-0.33387673	-0.77872455	-0.16655056
0.5057784	-0.33208176	-0.77885	-0.16523507
0.50725555	-0.33015582	-0.7790003	-0.16385205
0.50874305	-0.3282145	-0.77914	-0.16247031
0.51026297	-0.32621324	-0.7792822	-0.1610461
0.51184845	-0.3241408	-0.77940905	-0.15957971
0.51325816	-0.32230592	-0.7794992	-0.15832256
0.51464486	-0.32052243	-0.779557	-0.15715225
0.51598704	-0.31882003	-0.7795772	-0.1561109
0.5172224	-0.31730065	-0.7795483	-0.15526097
0.5184718	-0.31581905	-0.77946264	-0.15454237
0.51967955	-0.3144944	-0.7793	-0.15400657
0.52093226	-0.3132955	-0.77901846	-0.15364236
0.52222335	-0.31218067	-0.77863675	-0.15346307
0.52334684	-0.31123447	-0.778269	-0.15342323
0.5245711	-0.31015638	-0.7778846	-0.15337457
0.52558464	-0.30927998	-0.77756405	-0.15330014
0.5267708	-0.30830508	-0.777176	-0.15315989
0.5279784	-0.30734214	-0.77677983	-0.15294719
0.5292449	-0.30630895	-0.7763859	-0.15264244
0.5306146	-0.30516535	-0.7759778	-0.15225205
0.53198576	-0.30402154	-0.77556866	-0.15184022
0.53333646	-0.3029035	-0.77516365	-0.15140338
0.53470904	-0.30175358	-0.7747549	-0.15095033
0.5359842	-0.30060717	-0.77440345	-0.15051769
0.53714454	-0.29941723	-0.774144	-0.1500877
0.5381772	-0.2981568	-0.7739975	-0.14965236
0.53910255	-0.2968482	-0.7739415	-0.1492118
0.5400531	-0.29544115	-0.7739076	-0.14874233
0.5419064	-0.29259452	-0.7739096	-0.14761397
0.5429897	-0.29111803	-0.7738427	-0.14690156
0.54420453	-0.28950417	-0.7737515	-0.14607388
0.54541177	-0.2879584	-0.7736429	-0.1451989
0.54656863	-0.28640908	-0.77358115	-0.1442392
0.54769236	-0.2846907	-0.7736291	-0.14311711
0.54778516	-0.2846859	-0.7735654	-0.14311506
0.5492461	-0.28189352	-0.77389336	-0.14125809
0.54996765	-0.280341	-0.7741396	-0.14018801
0.5505966	-0.27895936	-0.7743619	-0.13924362
0.5513833	-0.27736184	-0.7745621	-0.1382039
0.5521396	-0.27576578	-0.7747777	-0.13716641
0.55308634	-0.27402788	-0.7749186	-0.13603476
0.55412483	-0.2722733	-0.77500767	-0.13481842
0.55515766	-0.27061877	-0.7750539	-0.13363053
0.5562685	-0.2689019	-0.7750754	-0.13234524
0.5570908	-0.26766124	-0.7750833	-0.13135152
0.5579111	-0.26636872	-0.77512157	-0.13026723
0.55861276	-0.2652195	-0.7751751	-0.12928252
0.55926156	-0.2641446	-0.7752275	-0.12836151
0.55985594	-0.26311696	-0.77529263	-0.12748423
0.56040365	-0.2621219	-0.77536935	-0.12665834
0.56092393	-0.26114047	-0.7754535	-0.12586454
0.5613776	-0.2601821	-0.77557653	-0.12506628
0.5618309	-0.2591466	-0.77572334	-0.12426793
0.56226987	-0.2580294	-0.77590346	-0.123480044
0.56265116	-0.2569885	-0.7760911	-0.12273274
0.5630782	-0.25578573	-0.77630764	-0.12191392
0.56349564	-0.2544378	-0.77659756	-0.12095604
0.5637924	-0.25298086	-0.7770411	-0.11977529
0.5641177	-0.25149432	-0.7774778	-0.118533604
0.56436956	-0.25007743	-0.7779529	-0.11720733
0.56456095	-0.24867287	-0.77847594	-0.11579308
0.56466234	-0.24721053	-0.779096	-0.11424922
0.5646696	-0.24579453	-0.779762	-0.1127144
0.56461	-0.24435246	-0.780478	-0.11118266
0.5644362	-0.2431044	-0.78117424	-0.10990417
0.5642338	-0.2418377	-0.78189826	-0.10858129
0.56392854	-0.24085072	-0.7825582	-0.10760176
0.56361234	-0.23989119	-0.7832177	-0.106599666
0.5633591	-0.2390474	-0.78377044	-0.10576773
0.5628813	-0.2379113	-0.7845791	-0.104874246
0.5629118	-0.23793311	-0.78455514	-0.10483938
0.56262654	-0.23702826	-0.7851108	-0.104260094
0.5624951	-0.23657452	-0.78538424	-0.10394036
0.5623648	-0.23613383	-0.7856559	-0.10359333
0.56222737	-0.2356744	-0.7859468	-0.103178635
0.56208795	-0.23524952	-0.78623086	-0.10274166
0.5619332	-0.23488912	-0.786507	-0.10229824
0.561723	-0.23461609	-0.78679407	-0.10187123
0.56145865	-0.23443078	-0.7870878	-0.10148525
0.56117123	-0.23428848	-0.7873826	-0.10111633
0.5609211	-0.23415253	-0.7876439	-0.10078323
0.5606793	-0.23394194	-0.78792655	-0.100407355
0.5610191	-0.2336419	-0.787836	-0.099917226
0.56133336	-0.23321825	-0.78781956	-0.09927074
0.5616092	-0.23279794	-0.7878313	-0.09860095
0.5617688	-0.23234412	-0.787948	-0.09782733
0.5617533	-0.2319291	-0.7881815	-0.097015575
0.5615484	-0.23156984	-0.7885284	-0.09623926
0.5612281	-0.23132446	-0.78891605	-0.095517166
0.5607865	-0.23116724	-0.78936374	-0.09479112
0.5599136	-0.23102464	-0.7901458	-0.09377665
0.55973005	-0.2311372	-0.7903338	-0.09300709
0.559553	-0.231173	-0.7905387	-0.09223923
0.55949044	-0.23117158	-0.79065675	-0.091609456
0.55915797	-0.23116846	-0.7909581	-0.09104403
0.55866784	-0.23116472	-0.791361	-0.090558395
0.5580632	-0.23115666	-0.7918396	-0.09012301
0.5573853	-0.2311358	-0.7923698	-0.08971139
0.5563534	-0.23108698	-0.79315335	-0.08931717
0.5554604	-0.2310289	-0.79384404	-0.08888908
0.5545434	-0.23094416	-0.79456866	-0.08835798
0.5538163	-0.23087052	-0.7951502	-0.087878846
0.5529715	-0.23079139	-0.7958242	-0.087303475
0.5522498	-0.23075685	-0.796387	-0.08682885
0.55140686	-0.23075396	-0.7970242	-0.08634562
0.54956937	-0.23083645	-0.7983624	-0.085472405
0.54868335	-0.23088236	-0.79900366	-0.0850484
0.5468314	-0.23090485	-0.8003589	-0.08416779
0.54592013	-0.23085445	-0.80104405	-0.08370195
0.5450227	-0.23078296	-0.8017265	-0.08321104
0.54408836	-0.23071955	-0.8024361	-0.08265973
0.5434237	-0.23071262	-0.8029324	-0.08223162
0.54271287	-0.23074622	-0.80345345	-0.08174151
0.5419275	-0.23078679	-0.80402744	-0.08119047
0.5410959	-0.23082227	-0.80463165	-0.080649786
0.54017127	-0.23085925	-0.80529654	-0.080103874
0.5391362	-0.2308897	-0.8060379	-0.07953161
0.53814286	-0.23090267	-0.8067511	-0.07898756
0.53719425	-0.23090166	-0.8074327	-0.078480676
0.53629184	-0.23088388	-0.8080842	-0.07799807
0.53541607	-0.23083489	-0.80872524	-0.0775147
0.534465	-0.23077807	-0.8094205	-0.07698645
0.5335043	-0.23074143	-0.8101136	-0.07646997
0.53247076	-0.23074172	-0.8108432	-0.07593765
0.5314104	-0.2307794	-0.81157726	-0.07540788
0.53031987	-0.2307995	-0.81233567	-0.07485587
0.529127	-0.23074692	-0.81318724	-0.074209
0.5281089	-0.2306438	-0.8139313	-0.07362335
0.52695733	-0.23050553	-0.81477517	-0.07297167
0.5257098	-0.23039714	-0.81566787	-0.072336264
0.52465874	-0.2303551	-0.81639415	-0.07190513
0.5234186	-0.23034348	-0.81722754	-0.071513124
0.5222359	-0.23036677	-0.8179995	-0.07125832
0.52223265	-0.2303655	-0.8180017	-0.07126085
0.52067006	-0.23045793	-0.818989	-0.071056984
0.5187683	-0.23069268	-0.8201448	-0.07087376
0.51772386	-0.23081532	-0.82078373	-0.07071249
0.5166586	-0.23088951	-0.8214584	-0.07042911
0.5155946	-0.23088737	-0.8221612	-0.0700311
0.51441365	-0.2308103	-0.8229674	-0.06949684
0.51318	-0.23068182	-0.8238243	-0.06889049
0.51204824	-0.23051271	-0.8246217	-0.06833386
0.51072234	-0.23029135	-0.82555735	-0.06770339
0.50946003	-0.23012464	-0.8264294	-0.06713917
0.5081176	-0.22997697	-0.8273412	-0.06658744
0.5068809	-0.22987731	-0.8281673	-0.06608487
0.50563514	-0.22983728	-0.8289769	-0.06561306
0.50437886	-0.22984701	-0.82977307	-0.06518534
0.5032453	-0.22980961	-0.83049756	-0.064849764
0.5019631	-0.22976097	-0.8313126	-0.06451555
0.5008555	-0.22976556	-0.8319984	-0.06426665
0.49956003	-0.22985427	-0.83277303	-0.06400047
0.49839485	-0.22998606	-0.8334524	-0.06376711
0.4967717	-0.2301697	-0.8343942	-0.063451596
0.4967717	-0.2301697	-0.8343942	-0.063451596
0.49438426	-0.23035473	-0.83578527	-0.06311814
0.49296016	-0.2304524	-0.8366107	-0.0629662
0.49153966	-0.23058845	-0.83741546	-0.06287376
0.490145	-0.23077372	-0.838185	-0.06282714
0.48882324	-0.23095357	-0.8389107	-0.062779
0.48741502	-0.23111153	-0.8396945	-0.062666714
0.4861576	-0.23124152	-0.840399	-0.06251029
0.4847359	-0.23140177	-0.8411921	-0.062291212
0.48322588	-0.2315882	-0.8420291	-0.06202039
0.48181367	-0.23175703	-0.84281033	-0.061767776
0.48031214	-0.23197043	-0.84362763	-0.061503027
0.47886986	-0.23222744	-0.8443907	-0.06130562
0.47748172	-0.23254308	-0.84509814	-0.061188705
0.4761239	-0.23291296	-0.8457681	-0.0611063
0.4747769	-0.23329967	-0.84642506	-0.061014533
0.47361067	-0.23364736	-0.8469915	-0.060887795
0.4723508	-0.23402396	-0.84760386	-0.06070625
0.47103915	-0.23444559	-0.84823173	-0.060502753
0.46951172	-0.23506954	-0.84892017	-0.06029735
0.46849045	-0.23547618	-0.84938115	-0.060160458
0.467222	-0.23593532	-0.84996146	-0.060030613
0.46586245	-0.2362815	-0.8506301	-0.059762787
0.46456623	-0.23658136	-0.8512743	-0.059494678
0.46328214	-0.23687063	-0.85191387	-0.059202477
0.4618523	-0.23720102	-0.8526219	-0.058854762
0.46072713	-0.23749365	-0.85317004	-0.058552533
0.45954758	-0.23783214	-0.85373366	-0.058231663
0.45827755	-0.23823717	-0.85432607	-0.057894148
0.45709115	-0.23867631	-0.8548589	-0.05759933
0.4558704	-0.23921758	-0.8553766	-0.05734231
0.4545781	-0.23988658	-0.85589176	-0.057118557
0.45341054	-0.24056375	-0.85633105	-0.056966174
0.4522026	-0.24128477	-0.8567724	-0.056882445
0.45097703	-0.24199264	-0.8572196	-0.056867808
0.4497432	-0.24266694	-0.85767436	-0.056908697
0.44843364	-0.24334528	-0.8581625	-0.05698628
0.4472071	-0.24399747	-0.85861063	-0.057087243
0.44599855	-0.24472934	-0.8590226	-0.057211064
0.44458726	-0.24570207	-0.85946894	-0.057321653
0.444561	-0.24570867	-0.8594814	-0.057312384
0.4425449	-0.24733663	-0.8600498	-0.05738358
0.4414462	-0.24835157	-0.8603169	-0.057460226
0.44036755	-0.24945919	-0.8605396	-0.057604335
0.43930557	-0.25058317	-0.8607433	-0.057790205
0.4382152	-0.2517866	-0.86093456	-0.057987936
0.43741617	-0.25280473	-0.8610335	-0.058123518
0.43666214	-0.25393084	-0.86107093	-0.05832808
0.4357902	-0.25513485	-0.8611449	-0.058503047
0.4350805	-0.2559519	-0.86125183	-0.058641996
0.43412095	-0.25694105	-0.8614225	-0.058920704
0.43308064	-0.25789917	-0.86164165	-0.05918469
0.43184668	-0.25902444	-0.86188364	-0.05976013
0.4306934	-0.26012143	-0.862086	-0.060396403
0.42947346	-0.26138493	-0.8622587	-0.06115926
0.42833072	-0.26269847	-0.8623708	-0.061959594
0.42733014	-0.26409698	-0.8623799	-0.06279134
0.42655244	-0.2654956	-0.86227727	-0.0635848
0.4258087	-0.26733527	-0.8620015	-0.06459289
0.42533463	-0.26881522	-0.86171865	-0.065344736
0.42490217	-0.27046603	-0.8613522	-0.066172995
0.4244775	-0.27234638	-0.8608953	-0.06712418
0.4240724	-0.2742859	-0.86039907	-0.06814293
0.42365283	-0.2762562	-0.8598868	-0.06924942
0.423217	-0.27821422	-0.85937494	-0.070420064
0.42263255	-0.2800695	-0.85896397	-0.071580835
0.42183506	-0.28193456	-0.8586443	-0.0727897
0.42110968	-0.28341797	-0.85842615	-0.07379485
0.4203187	-0.2850438	-0.8581767	-0.07493222
0.41974354	-0.2864033	-0.8579228	-0.075874776
0.4193173	-0.28780636	-0.857576	-0.07683685
0.41907865	-0.2891613	-0.857156	-0.07773454
0.4190399	-0.2905569	-0.8566217	-0.07862306
0.41918382	-0.29194424	-0.8560011	-0.07947154
0.41951078	-0.29347438	-0.85523075	-0.08039877
0.4198473	-0.29502782	-0.8544421	-0.08133686
0.4201259	-0.29682502	-0.85357034	-0.08250461
0.4203392	-0.29821226	-0.85289025	-0.08344268
0.4203872	-0.29977888	-0.8522108	-0.0845216
0.42034802	-0.30109254	-0.85167027	-0.08549127
0.42033297	-0.30228555	-0.8511559	-0.08647204
0.42038137	-0.30339158	-0.85063285	-0.08750381
0.42048275	-0.3043321	-0.8501442	-0.08849379
0.4206593	-0.30524635	-0.8496177	-0.08955597
0.42089954	-0.306153	-0.8490551	-0.09066167
0.42120427	-0.3069947	-0.8484849	-0.09173095
0.42162982	-0.30800366	-0.84777063	-0.0929904
0.42208076	-0.30905804	-0.8470301	-0.09418531
0.42267725	-0.31049076	-0.846043	-0.09565858
0.42319512	-0.31181714	-0.8451547	-0.09690028
0.42375833	-0.31315112	-0.84424275	-0.09807917
0.4244192	-0.31451195	-0.84326714	-0.09925265
0.42572758	-0.316852	-0.84148884	-0.101278484
0.42629462	-0.3177627	-0.840747	-0.10219749
0.42693567	-0.31870154	-0.8399372	-0.10325141
0.42745286	-0.31947455	-0.83925974	-0.1042266
0.42794678	-0.32042232	-0.83848965	-0.10548139
0.42835355	-0.3215425	-0.83765775	-0.10701972
0.42866543	-0.32274482	-0.8368144	-0.10873642
0.4289334	-0.32396296	-0.8359695	-0.11054017
0.4292371	-0.32520968	-0.83507854	-0.11241918
0.4295998	-0.3264607	-0.83414954	-0.11428948
0.43002814	-0.32772186	-0.8331774	-0.11614518
0.4305082	-0.32898015	-0.83218694	-0.11789743
0.43104237	-0.3302494	-0.8311634	-0.11960426
0.43155172	-0.3315404	-0.8301404	-0.12128915
0.43198824	-0.33262715	-0.82926357	-0.12274938
0.43252262	-0.33366612	-0.82833743	-0.12429115
0.43310338	-0.33446866	-0.82749593	-0.12570849
0.4337287	-0.33503821	-0.8267406	-0.12699942
0.43439144	-0.33539447	-0.8260752	-0.1281194
0.4359775	-0.33581153	-0.8247461	-0.13018534
0.43670502	-0.33593458	-0.8241686	-0.13108407
0.43736708	-0.33608538	-0.823606	-0.13202202
0.4373654	-0.33607996	-0.82360744	-0.13203281
0.43845677	-0.33668646	-0.82244223	-0.13411441
0.43892846	-0.33718798	-0.82180417	-0.13521798
0.43950516	-0.3378306	-0.8210207	-0.1364942
0.4401395	-0.3384709	-0.8202136	-0.13771129
0.44087857	-0.33914694	-0.8193217	-0.13898797
0.4426021	-0.34063938	-0.8173133	-0.14165872
0.4434365	-0.34146303	-0.8162741	-0.14305155
0.44417778	-0.3423844	-0.8152285	-0.14450426
0.44478413	-0.34332737	-0.8142418	-0.14595737
0.4451867	-0.34422305	-0.81339234	-0.14735085
0.4451252	-0.34423345	-0.8134243	-0.14733617
0.4458257	-0.34546915	-0.81207734	-0.14973684
0.446741	-0.3465622	-0.8106453	-0.15222181
0.4474545	-0.34722927	-0.8096398	-0.15394685
0.44824353	-0.3478821	-0.8085775	-0.1557506
0.44905132	-0.34861103	-0.8074657	-0.15755115
0.4498883	-0.34934247	-0.8063367	-0.15931544
0.4507872	-0.35016322	-0.8051093	-0.16116956
0.45163348	-0.35101968	-0.8039129	-0.16290043
0.452383	-0.3519663	-0.802708	-0.1647099
0.4532397	-0.3534025	-0.8010695	-0.16723667
0.453229	-0.35341012	-0.801075	-0.16722347
0.45437908	-0.35531458	-0.7989771	-0.1700789
0.4552526	-0.35644257	-0.7976222	-0.17173474
0.45620748	-0.3575889	-0.7962096	-0.17336485
0.45715615	-0.3586168	-0.7948732	-0.17486852
0.45809895	-0.3595112	-0.79359716	-0.17635377
0.4589872	-0.3602594	-0.79241914	-0.17780857
0.4600047	-0.36105624	-0.7910687	-0.17956744
0.4606316	-0.36164883	-0.79013956	-0.18085392
0.46123886	-0.36245546	-0.7890476	-0.18245173
0.46175325	-0.3633586	-0.787961	-0.18404348
0.46219692	-0.36435315	-0.7868789	-0.18558694
0.46265438	-0.3654658	-0.7857194	-0.18716562
0.46370727	-0.3676014	-0.783385	-0.19013894
0.46437627	-0.36865133	-0.7821175	-0.19168524
0.46515113	-0.3696595	-0.7807914	-0.19326437
0.4660076	-0.37064412	-0.77941585	-0.19486113
0.46685567	-0.37158236	-0.7780732	-0.19640376
0.46771017	-0.3725568	-0.7766982	-0.19796114
0.4685847	-0.3736641	-0.77521384	-0.1996174
0.46930364	-0.3745731	-0.7739953	-0.20094916
0.47004887	-0.37556383	-0.7726917	-0.20236932
0.47164574	-0.37742782	-0.7700842	-0.2051074
0.4725121	-0.37832958	-0.76873744	-0.2064996
0.47332984	-0.37918532	-0.76743925	-0.20788118
0.4741158	-0.3801011	-0.76608616	-0.2094025
0.47473624	-0.38094226	-0.7648905	-0.21083446
0.47532192	-0.38187686	-0.763622	-0.21241646
0.47588664	-0.38286316	-0.76230055	-0.21411607
0.47645786	-0.3839574	-0.760867	-0.21597745
0.47698295	-0.3851103	-0.7594152	-0.21786694
0.47750744	-0.3863591	-0.7578817	-0.21983784
0.47804978	-0.38772964	-0.7562452	-0.22187258
0.47860307	-0.3891273	-0.75460434	-0.22381087
0.47921222	-0.39062247	-0.7528288	-0.22587344
0.4798172	-0.3919929	-0.7511548	-0.22777961
0.48034108	-0.39314228	-0.74972457	-0.22940089
0.4808895	-0.39441803	-0.7481684	-0.23113576
0.48150358	-0.39572236	-0.7465302	-0.23291835
0.48206478	-0.3968557	-0.74505734	-0.23453942
0.48268878	-0.3978907	-0.7436047	-0.23610707
0.4832928	-0.39890456	-0.74217623	-0.23765053
0.48380154	-0.39994764	-0.7407964	-0.23916261
0.48412824	-0.40098295	-0.73958045	-0.24052711
0.48430514	-0.4020193	-0.7384773	-0.24182735
0.48434517	-0.40307853	-0.7374475	-0.2431227
0.484353	-0.40394375	-0.7365981	-0.2442437
0.48443848	-0.40481502	-0.73565906	-0.24545887
0.48478898	-0.4056127	-0.73457754	-0.24668561
0.4852284	-0.40641627	-0.73344904	-0.24785443
0.4856759	-0.40721786	-0.7323477	-0.24891631
0.48602316	-0.4080477	-0.7313094	-0.24993025
0.48623282	-0.4089311	-0.73032445	-0.25095662
0.48630324	-0.4098133	-0.72942466	-0.25199613
0.4862453	-0.41074076	-0.7285548	-0.2531118
0.48610327	-0.4117971	-0.72760534	-0.25439614
0.48596254	-0.41285124	-0.72664434	-0.25569966
0.48584425	-0.41397163	-0.72559696	-0.25708354
0.4857814	-0.41514763	-0.72444016	-0.25856394
0.48579714	-0.41622162	-0.72331643	-0.2599504
0.48584783	-0.4172464	-0.7222163	-0.261268
0.48590785	-0.41822454	-0.721139	-0.26256514
0.48593712	-0.4190972	-0.720173	-0.2637681
0.48590627	-0.4198978	-0.7193017	-0.26492673
0.48581156	-0.42067653	-0.718497	-0.26604593
0.48564267	-0.4215103	-0.71771324	-0.26714772
0.48539734	-0.42240265	-0.7169684	-0.26818258
0.48509085	-0.4233402	-0.71625304	-0.26916823
0.48479274	-0.42425972	-0.7155527	-0.2701185
0.4845507	-0.42516398	-0.71481663	-0.27107814
0.48439142	-0.42602462	-0.71405476	-0.27201813
0.48430324	-0.42688993	-0.71322656	-0.27298957
0.48428112	-0.42780304	-0.7123043	-0.27400538
0.48429993	-0.4287926	-0.71128374	-0.27507454
0.48430446	-0.42981845	-0.7102435	-0.27615103
0.48424295	-0.4306969	-0.70937425	-0.2771232
0.4840545	-0.4316296	-0.70856047	-0.2780816
0.48386917	-0.43248034	-0.70779544	-0.27902874
0.483928	-0.43243927	-0.7077568	-0.27908826
0.48302764	-0.4341855	-0.706625	-0.28079978
0.48263824	-0.43484303	-0.7061714	-0.28159153
0.48182225	-0.436419	-0.7050098	-0.28345534
0.48142806	-0.43731335	-0.7043207	-0.28445825
0.48097762	-0.43832242	-0.7035975	-0.28545538
0.4804208	-0.4394617	-0.70285237	-0.28647482
0.47981304	-0.44059873	-0.70216596	-0.28742862
0.4791386	-0.4417363	-0.7015211	-0.2883806
0.47768992	-0.4440009	-0.70029444	-0.2902813
0.47701117	-0.44515297	-0.699613	-0.29127467
0.47630954	-0.44645017	-0.6988193	-0.29234087
0.47561708	-0.44779044	-0.6980045	-0.29336318
0.47486606	-0.44923586	-0.69715935	-0.2943778
0.47405347	-0.45076582	-0.69629437	-0.2953942
0.4731619	-0.45237598	-0.6954155	-0.29643047
0.47224373	-0.4539422	-0.6945964	-0.2974194
0.47104138	-0.45586637	-0.6936316	-0.2986321
0.4710848	-0.4558433	-0.69360274	-0.2986657
0.4693983	-0.45860645	-0.6921591	-0.30043504
0.46847486	-0.46020898	-0.69130677	-0.30138665
0.46752402	-0.46187377	-0.6904185	-0.30235118
0.4667442	-0.46322614	-0.6897246	-0.30306995
0.4658787	-0.4646131	-0.6890616	-0.30378604
0.4650839	-0.46590894	-0.6884513	-0.30440223
0.46428296	-0.4671936	-0.68785834	-0.30499566
0.46346197	-0.46846363	-0.6872942	-0.30556777
0.4627514	-0.4696146	-0.6867485	-0.30610442
0.4621454	-0.47065023	-0.6862066	-0.30664405
0.46158394	-0.4716295	-0.685682	-0.30715805
0.46101812	-0.47255954	-0.6852145	-0.3076215
0.45963892	-0.47450808	-0.6844626	-0.30835888
0.4588125	-0.47559148	-0.6841142	-0.30869332
0.4579565	-0.4766982	-0.68377835	-0.30900148
0.45700964	-0.4779	-0.6834265	-0.3093251
0.45604995	-0.47909445	-0.68308777	-0.3096421
0.45505175	-0.4803056	-0.6827577	-0.30996186
0.45407248	-0.48146126	-0.68245715	-0.31026697
0.45298335	-0.48268682	-0.68216425	-0.3105987
0.4518769	-0.48388615	-0.68188846	-0.3109497
0.45075375	-0.48505712	-0.68163663	-0.31130734
0.44954103	-0.48624656	-0.6814303	-0.31165698
0.4482914	-0.48739344	-0.68130016	-0.31194967
0.4471119	-0.48844412	-0.68121433	-0.31218645
0.4458412	-0.48956466	-0.68115675	-0.31237435
0.44457987	-0.49069586	-0.68111116	-0.3124964
0.44337574	-0.49179313	-0.6810746	-0.31256187
0.44222593	-0.4928511	-0.68105334	-0.31257078
0.44111118	-0.49394995	-0.68098396	-0.31256258
0.4411053	-0.49390474	-0.68098825	-0.31263298
0.43900898	-0.4961405	-0.6806628	-0.31275213
0.43791795	-0.4972794	-0.6804542	-0.31292674
0.43671808	-0.4984501	-0.6802792	-0.31312165
0.43553793	-0.49955148	-0.6801488	-0.31329325
0.43430683	-0.5006575	-0.68004453	-0.31346306
0.43304378	-0.5017241	-0.679983	-0.31363857
0.4314863	-0.5029227	-0.6799994	-0.31382972
0.4300944	-0.5038891	-0.6800801	-0.3140156
0.42840412	-0.50499135	-0.6802369	-0.31421587
0.42667437	-0.5060776	-0.68043643	-0.31438956
0.42483073	-0.5072325	-0.6806504	-0.3145618
0.42307368	-0.5083717	-0.680825	-0.31471288
0.4213212	-0.5095162	-0.6810126	-0.31480742
0.4196029	-0.5106377	-0.68122905	-0.3148167
0.41805354	-0.51170063	-0.68139726	-0.31478804
0.41655296	-0.51276296	-0.6815211	-0.3147804
0.41511175	-0.5138225	-0.68159574	-0.31479532
0.41390038	-0.51473063	-0.68164796	-0.3147937
0.4126837	-0.5156507	-0.6817284	-0.3147109
0.41148794	-0.51655376	-0.6818518	-0.3145284
0.4103364	-0.5174153	-0.68201995	-0.31425193
0.40920526	-0.518221	-0.6822611	-0.31387576
0.4079957	-0.5189785	-0.6826341	-0.31338736
0.40666497	-0.51968646	-0.6831435	-0.3128333
0.40506822	-0.5204487	-0.6837995	-0.31220388
0.40335396	-0.5211879	-0.68453366	-0.31158054
0.40164003	-0.52186173	-0.6852962	-0.3109901
0.39990985	-0.52254367	-0.68607527	-0.31035635
0.3985225	-0.52308494	-0.6867107	-0.30982324
0.39717865	-0.5236568	-0.6872997	-0.30927616
0.39589545	-0.5242437	-0.68785787	-0.30868596
0.3950469	-0.5246349	-0.688213	-0.30831656
0.39383984	-0.52523434	-0.68867826	-0.30780086
0.3923811	-0.5259786	-0.6891981	-0.3072289
0.39090994	-0.52677083	-0.6896507	-0.30673116
0.38915235	-0.5277734	-0.6901279	-0.3061687
0.38699532	-0.52901816	-0.6906857	-0.30549586
0.385335	-0.52993923	-0.6911213	-0.30501273
0.38354537	-0.53087884	-0.6916442	-0.30444854
0.38195816	-0.5316414	-0.6921939	-0.30386335
0.3819129	-0.5315963	-0.6922185	-0.3039433
0.37960842	-0.5326655	-0.6932076	-0.3027013
0.37872624	-0.5330983	-0.69363016	-0.30207622
0.37793317	-0.53350276	-0.694016	-0.3014684
0.377044	-0.53395015	-0.6944522	-0.3007843
0.376019	-0.5344305	-0.694965	-0.3000292
0.37476936	-0.5349909	-0.69556326	-0.29920655
0.37345368	-0.53557444	-0.69614905	-0.29844412
0.37203065	-0.536214	-0.6967625	-0.29764035
0.3703943	-0.5369656	-0.69746333	-0.2966834
0.36809635	-0.53813887	-0.69842905	-0.29514152
0.36699492	-0.53869396	-0.6989118	-0.29435676
0.36595494	-0.53919196	-0.6993904	-0.2936019
0.36492687	-0.53961843	-0.6998806	-0.29292926
0.36391214	-0.54003924	-0.7003466	-0.29230183
0.36241618	-0.5406603	-0.7010061	-0.2914301
0.3623648	-0.54062706	-0.7010324	-0.29149228
0.36041477	-0.54136914	-0.7019336	-0.29036176
0.3591539	-0.54173577	-0.70259213	-0.28964686
0.35793492	-0.54196346	-0.70337415	-0.28883073
0.35669968	-0.5420941	-0.70425165	-0.287974
0.35546434	-0.5421522	-0.7051901	-0.28709418
0.3542827	-0.54216534	-0.70612353	-0.28623456
0.35321382	-0.54213965	-0.7070088	-0.2854177
0.35228088	-0.5420865	-0.7078224	-0.2846543
0.3515012	-0.5420435	-0.7085249	-0.28395125
0.35082301	-0.5420025	-0.7091636	-0.28327298
0.3502309	-0.5419479	-0.7097521	-0.28263566
0.34969747	-0.54186803	-0.71031517	-0.28203416
0.34916446	-0.541773	-0.71087134	-0.28147483
0.34855214	-0.5416609	-0.7114859	-0.28089607
0.34787187	-0.5415059	-0.71216357	-0.2803207
0.34709704	-0.5413017	-0.71293	-0.2797267
0.34616545	-0.5410331	-0.71385	-0.2790535
0.34543568	-0.54079276	-0.7145843	-0.278544
0.344709	-0.54047924	-0.7154123	-0.27792656
0.34414557	-0.5401379	-0.7161804	-0.27730963
0.3437106	-0.5397393	-0.716952	-0.27663046
0.34336665	-0.53927773	-0.71774614	-0.27589756
0.3430621	-0.53877795	-0.71855736	-0.27514
0.3427942	-0.5383402	-0.71926284	-0.27448672
0.3424955	-0.53788507	-0.7200125	-0.27378553
0.34224334	-0.5374883	-0.7206733	-0.27314067
0.34197313	-0.53708464	-0.7213519	-0.2724812
0.34179574	-0.5367867	-0.7219167	-0.27179423
0.34171328	-0.53649795	-0.7224214	-0.2711259
0.34181303	-0.5360994	-0.7229365	-0.2704148
0.34192052	-0.53562635	-0.7235112	-0.26967812
0.34198877	-0.5350635	-0.72418284	-0.2689052
0.34202415	-0.5343689	-0.7249945	-0.2680532
0.3420345	-0.533628	-0.7258516	-0.26719475
0.34207743	-0.5328306	-0.72674114	-0.2663117
0.342178	-0.53204	-0.7275997	-0.26541743
0.34236312	-0.5312574	-0.7284195	-0.264496
0.34262887	-0.5304697	-0.7292111	-0.26354986
0.34297782	-0.5296229	-0.73003155	-0.26252562
0.34335873	-0.5287998	-0.73079425	-0.26156324
0.34376568	-0.5279017	-0.73160523	-0.26057392
0.3441118	-0.5270237	-0.73240376	-0.25964966
0.3445715	-0.52534336	-0.73402774	-0.25785294
0.34473595	-0.52454346	-0.7348475	-0.256925
0.34493902	-0.52372694	-0.73567796	-0.2559397
0.34523484	-0.5228575	-0.73652774	-0.25487235
0.34564525	-0.52192557	-0.7373813	-0.2537556
0.34614465	-0.52097744	-0.73819786	-0.25264683
0.34671298	-0.51996654	-0.7390277	-0.25152147
0.34730622	-0.5188933	-0.7398825	-0.25040355
0.34786204	-0.51779366	-0.7407539	-0.24933013
0.34827128	-0.51686245	-0.74149376	-0.24849036
0.34865585	-0.5158282	-0.74233204	-0.24759547
0.34893388	-0.51483214	-0.74319017	-0.24670114
0.3492332	-0.5138155	-0.7440524	-0.24579628
0.34959015	-0.51273596	-0.74494374	-0.24484181
0.34993935	-0.5116368	-0.745836	-0.24392407
0.3502816	-0.510499	-0.74675834	-0.24299309
0.35064015	-0.5093069	-0.74770373	-0.24206875
0.35103303	-0.5081278	-0.74859196	-0.24123025
0.351484	-0.50695515	-0.74942863	-0.24044189
0.3520753	-0.5057505	-0.7502172	-0.23965296
0.35272583	-0.50464976	-0.750893	-0.2388997
0.35342056	-0.5035157	-0.7515992	-0.2380431
0.3540272	-0.5024617	-0.75230056	-0.23715149
0.3545838	-0.5013725	-0.75307107	-0.23617792
0.35507214	-0.500299	-0.7538504	-0.23523256
0.35553008	-0.49922758	-0.7546294	-0.23431747
0.3560036	-0.49817848	-0.7553641	-0.23346277
0.35646313	-0.4972128	-0.75600934	-0.23273051
0.35693285	-0.49626094	-0.7566207	-0.2320545
0.3574702	-0.49527028	-0.7572177	-0.23139529
0.35806325	-0.49427116	-0.75779235	-0.23073237
0.3586946	-0.49323717	-0.75838536	-0.23001502
0.3593021	-0.49217665	-0.75901663	-0.22925527
0.35984945	-0.4910219	-0.75975347	-0.22843087
0.3602411	-0.48987696	-0.7605556	-0.22760071
0.3605137	-0.48870164	-0.76143444	-0.2267555
0.36072093	-0.4875272	-0.7623391	-0.22591318
0.36091316	-0.4864305	-0.76318383	-0.22511719
0.36114812	-0.48539257	-0.7639638	-0.22433308
0.36186832	-0.48336476	-0.76539665	-0.22266044
0.36246184	-0.48227543	-0.76605374	-0.22179659
0.3630878	-0.4811355	-0.76673263	-0.22090065
0.3637512	-0.47986534	-0.7675032	-0.21989404
0.3643376	-0.4785676	-0.7683195	-0.2188981
0.36488613	-0.47708774	-0.76928884	-0.2178076
0.3652821	-0.47574362	-0.7702052	-0.21684311
0.36559698	-0.47426856	-0.77125955	-0.21579371
0.36579975	-0.4729376	-0.77224904	-0.2148301
0.3660106	-0.4715579	-0.7732544	-0.21388622
0.36619917	-0.47023702	-0.77420825	-0.21301861
0.3663324	-0.46900427	-0.77511483	-0.21220872
0.36643803	-0.4678292	-0.77597725	-0.21146752
0.3665101	-0.46681258	-0.77672905	-0.21082795
0.36661896	-0.4658507	-0.7774178	-0.21022709
0.36681002	-0.46493122	-0.7780402	-0.20962575
0.367027	-0.46402597	-0.7786581	-0.20895585
0.36729038	-0.4632762	-0.77913	-0.20839705
0.36729693	-0.46327958	-0.779127	-0.20838986
0.3680926	-0.4616942	-0.78003556	-0.20710094
0.36851713	-0.4609119	-0.78045917	-0.20649208
0.36897975	-0.46003652	-0.7809317	-0.20583019
0.3694722	-0.45913482	-0.78140783	-0.20515206
0.36999616	-0.45824522	-0.78186506	-0.20445323
0.37049595	-0.45745134	-0.7822707	-0.20377333
0.3712382	-0.45642442	-0.7827859	-0.20274433
0.37121278	-0.4564334	-0.7827975	-0.20272578
0.37240055	-0.45483387	-0.7835857	-0.20109098
0.37310287	-0.45387176	-0.78406143	-0.20010644
0.37383008	-0.4528351	-0.78457654	-0.19907594
0.37456867	-0.45169184	-0.7851457	-0.1980382
0.37547216	-0.45037624	-0.7857535	-0.19690965
0.37733096	-0.4477797	-0.78686714	-0.19481997
0.3782206	-0.44649428	-0.78742635	-0.1937831
0.3796057	-0.44446474	-0.7883077	-0.19214998
0.37954542	-0.44447818	-0.7883355	-0.19212405
0.3809334	-0.4423211	-0.78931177	-0.19033884
0.38193396	-0.4407506	-0.79000694	-0.18908896
0.3829629	-0.439142	-0.79068696	-0.18790413
0.38406682	-0.43745917	-0.7913646	-0.18671982
0.38516888	-0.43580508	-0.7919992	-0.18562353
0.38741946	-0.43242532	-0.7932165	-0.18363541
0.38850975	-0.430736	-0.7938148	-0.18271509
0.3896613	-0.4290445	-0.79436624	-0.18184426
0.39082855	-0.42744994	-0.79482806	-0.18107471
0.39200255	-0.42595455	-0.7952044	-0.18040718
0.39196083	-0.4259703	-0.7952234	-0.18037675
0.39420134	-0.4229812	-0.7959773	-0.17919996
0.39511666	-0.42151928	-0.79642254	-0.17864905
0.39604488	-0.4200284	-0.7968558	-0.17817254
0.3970352	-0.4186641	-0.7971507	-0.17786016
0.39817756	-0.41731143	-0.7973359	-0.17765528
0.39934212	-0.41606542	-0.797436	-0.17751434
0.40052396	-0.41488892	-0.79748315	-0.17739365
0.40179226	-0.41368562	-0.7975049	-0.17723748
0.40306747	-0.41256195	-0.79749197	-0.17701958
0.40433916	-0.41140503	-0.7975236	-0.17666891
0.4056881	-0.4101455	-0.7975942	-0.17618619
0.4067002	-0.409182	-0.79766446	-0.17577383
0.40785733	-0.4080896	-0.7977407	-0.17528631
0.40898576	-0.4070733	-0.7977897	-0.17479631
0.41006568	-0.4061335	-0.79781455	-0.17433798
0.41113165	-0.4052247	-0.7978252	-0.17389303
0.4122457	-0.40430155	-0.79781723	-0.17344016
0.4134805	-0.4033471	-0.7977708	-0.17293577
0.41479945	-0.40242684	-0.79766446	-0.17241107
0.41635117	-0.4013949	-0.79750574	-0.17180935
0.41775432	-0.4004279	-0.7973848	-0.17122033
0.41918224	-0.3993618	-0.7973093	-0.1705711
0.42057455	-0.39825845	-0.79727364	-0.16988917
0.42191342	-0.39715707	-0.79725885	-0.16921557
0.42320952	-0.39607573	-0.79724497	-0.16857708
0.4244477	-0.39502546	-0.7972273	-0.16801074
0.425663	-0.39396015	-0.79720736	-0.16753171
0.42689294	-0.39289522	-0.7971534	-0.16715966
0.4282169	-0.39183623	-0.79701966	-0.16689648
0.42965132	-0.39079714	-0.7967914	-0.16673557
0.43114096	-0.38980633	-0.7964877	-0.16666138
0.43269718	-0.38879582	-0.7961432	-0.16663437
0.43419063	-0.38778684	-0.79582286	-0.16663094
0.4354916	-0.38671938	-0.79563147	-0.16663079
0.4367398	-0.38567653	-0.79544425	-0.16667499
0.43794727	-0.38464847	-0.7952763	-0.16668376
0.43925515	-0.38360247	-0.7950578	-0.16669464
0.4403389	-0.38279986	-0.79484665	-0.16668794
0.44158897	-0.38190478	-0.794588	-0.16666716
0.44405302	-0.38007414	-0.7941026	-0.16661812
0.44408447	-0.38009387	-0.794084	-0.16657872
0.4463452	-0.3782686	-0.79369926	-0.16652465
0.4473628	-0.37743726	-0.7935295	-0.16648878
0.44829094	-0.37662807	-0.7933936	-0.16647243
0.44909385	-0.3758904	-0.793288	-0.16647866
0.4491431	-0.3758945	-0.7932608	-0.166467
0.45071924	-0.37451923	-0.79301566	-0.16647433
0.45159453	-0.37395626	-0.79279053	-0.16643977
0.4526389	-0.3733731	-0.7924789	-0.1663966
0.45351037	-0.37296286	-0.79217905	-0.16637096
0.45447809	-0.37256	-0.7918159	-0.16636242
0.45540875	-0.3722077	-0.791447	-0.16636086
0.45631832	-0.37190533	-0.791061	-0.166381
0.45718405	-0.3716675	-0.79066545	-0.16641642
0.4579664	-0.37151515	-0.790276	-0.1664547
0.45871547	-0.3714059	-0.78989005	-0.16646823
0.45938846	-0.3713125	-0.78954655	-0.16645017
0.46019357	-0.37116277	-0.78916544	-0.16636714
0.46106404	-0.37093902	-0.78878975	-0.16623761
0.46196023	-0.37065306	-0.7884368	-0.16606216
0.46286905	-0.3703287	-0.78810346	-0.16583693
0.46410483	-0.37012607	-0.78758025	-0.1653208
0.46540347	-0.36985117	-0.787062	-0.1647518
0.4667171	-0.3694535	-0.7866086	-0.16409221
0.4678725	-0.3690559	-0.78622127	-0.16355261
0.46889564	-0.36854532	-0.78595084	-0.1630717
0.4696014	-0.3682026	-0.78575695	-0.16274986
0.47026294	-0.36784002	-0.7855936	-0.16244718
0.47093424	-0.3674063	-0.78546643	-0.1620995
0.4714555	-0.36738056	-0.78516775	-0.1620889
0.47228003	-0.36683786	-0.78496975	-0.16187666
0.47303787	-0.36646616	-0.7847061	-0.16178457
0.47417155	-0.3656286	-0.784467	-0.16151986
0.4748661	-0.36516184	-0.7843053	-0.16132107
0.4754194	-0.3647614	-0.7841897	-0.16115825
0.47588652	-0.36444083	-0.7840611	-0.16113134
0.47625235	-0.36440885	-0.78386563	-0.16107367
0.4763073	-0.3645285	-0.7837739	-0.1610869
0.4762693	-0.36472777	-0.7836825	-0.16119283
0.47628817	-0.3650558	-0.7834689	-0.1614322
0.4763541	-0.3654386	-0.78316414	-0.16184962
0.47647747	-0.36636344	-0.78244066	-0.16289195
0.47644317	-0.36682448	-0.7821179	-0.16350316
0.47638312	-0.3672863	-0.7818106	-0.16411063
0.47629806	-0.36773008	-0.78153676	-0.16466728
0.47626224	-0.36821648	-0.7812179	-0.16519533
0.4762669	-0.3686752	-0.780911	-0.1656089
0.4762434	-0.369177	-0.7806194	-0.1659336
0.4761709	-0.36964756	-0.78038704	-0.16618656
0.4760309	-0.37014303	-0.7802004	-0.16636124
0.47589523	-0.37050974	-0.7800783	-0.16650629
0.47591555	-0.3706628	-0.77997226	-0.16660367
0.4761477	-0.37052035	-0.7799132	-0.166534
0.47652298	-0.37035486	-0.7797425	-0.166628
0.4768329	-0.3704178	-0.77946174	-0.16691431
0.47690836	-0.37078992	-0.77914804	-0.16733703
0.4766664	-0.37128854	-0.7789579	-0.16780554
0.47616714	-0.37194216	-0.7788477	-0.16828614
0.47574586	-0.37257475	-0.778693	-0.16879319
0.47555366	-0.37302518	-0.77849257	-0.16926394
0.47546268	-0.37327877	-0.7783593	-0.16957314
0.47548234	-0.37331775	-0.7782917	-0.16974239
0.475547	-0.37322503	-0.7782827	-0.16980639
0.47559813	-0.37310296	-0.77831393	-0.16978888
0.475652	-0.37303576	-0.77832454	-0.16973689
0.4756838	-0.37297532	-0.7783413	-0.16970369
0.4756567	-0.37298444	-0.77836424	-0.16965441
0.4756462	-0.37300327	-0.77836543	-0.16963615
0.47569108	-0.37305462	-0.77831316	-0.16963732
0.4757672	-0.37316352	-0.7782147	-0.16963612
0.47586766	-0.37326437	-0.778109	-0.16961803
0.47597402	-0.37332782	-0.7780251	-0.16956492
0.47605422	-0.37334764	-0.77797925	-0.1695059
0.4761	-0.37336123	-0.7779506	-0.16947897
0.47607622	-0.37344313	-0.7779212	-0.16950032
0.4759996	-0.3736111	-0.7778743	-0.16956055
0.47587153	-0.37381506	-0.77783316	-0.16965918
0.4757246	-0.37400234	-0.77780265	-0.16979846
0.47555038	-0.37419856	-0.77778023	-0.16995679
0.47528896	-0.37438735	-0.7778081	-0.1701442
0.47499192	-0.3745141	-0.7778914	-0.170314
0.47467867	-0.37456962	-0.7780226	-0.1704663
0.47402924	-0.3746225	-0.77834505	-0.17068502
0.47374046	-0.37463087	-0.7784888	-0.17081302
0.47350135	-0.37467256	-0.77859277	-0.17091005
0.47331733	-0.37477428	-0.77863747	-0.17099313
0.47316712	-0.3749402	-0.7786363	-0.17105079
0.4730717	-0.3751513	-0.7785849	-0.17108594
0.47305378	-0.37538967	-0.7784731	-0.17112109
0.473093	-0.37563008	-0.7783232	-0.17116643
0.4731531	-0.37585887	-0.7781639	-0.17122255
0.47322395	-0.3760503	-0.7780091	-0.17131048
0.47329774	-0.37622982	-0.77785337	-0.17141926
0.47328183	-0.37621287	-0.7778644	-0.17145017
0.4731896	-0.37625477	-0.777866	-0.1716055
0.47311994	-0.37620282	-0.7779181	-0.17167526
0.4730644	-0.37609217	-0.77799666	-0.17171519
0.4730391	-0.375958	-0.77808225	-0.17169082
0.4731855	-0.37574068	-0.7781207	-0.1715891
0.47319117	-0.3757408	-0.7781172	-0.17158823
0.47331274	-0.3757	-0.77807736	-0.17152295
0.47340372	-0.37569362	-0.77804184	-0.17144716
0.47337463	-0.3757238	-0.77804846	-0.17143132
0.47335234	-0.3757334	-0.77805805	-0.17142823
0.47331083	-0.37575713	-0.7780478	-0.1715381
0.47320372	-0.3757979	-0.7780764	-0.17161381
0.47286218	-0.37597308	-0.77813613	-0.17190038
0.47281495	-0.37595958	-0.77816516	-0.1719285
0.47235763	-0.3762226	-0.7782134	-0.17239183
0.4721699	-0.37634453	-0.77820945	-0.17265719
0.47210887	-0.37645686	-0.7781381	-0.17290084
0.47213382	-0.37659594	-0.77800655	-0.17312181
0.47220093	-0.37675676	-0.7778422	-0.17332661
0.47226787	-0.37688234	-0.777705	-0.17348719
0.472274	-0.37694356	-0.77766263	-0.17352758
0.4722175	-0.37693268	-0.77772135	-0.17344187
0.4721232	-0.3768454	-0.77786964	-0.17322253