373	950
373	950
374	952
373	952
372	952
372	953
371	952
372	952
370	952
367	950
367	948
367	950
366	950
364	950
363	949
363	949
363	950
363	952
361	952
361	952
360	953
359	955
360	955
360	955
358	955
357	955
356	956
354	958
352	959
353	958
351	958
347	958
345	960
344	961
341	959
338	958
336	960
334	962
331	963
327	965
323	967
319	964
315	961
311	960
305	959
300	959
295	960
288	960
281	958
275	957
265	955
257	955
251	952
244	949
237	947
230	946
221	947
213	949
204	948
197	948
190	947
182	947
173	947
167	948
161	949
154	951
145	952
140	952
135	952
128	955
123	959
119	962
115	965
109	966
103	965
102	965
97	967
91	971
88	972
89	969
90	966
91	964
89	960
84	957
82	957
83	960
83	963
84	965
86	964
87	967
90	973
93	983
96	995
96	1005
97	1015
98	1024
97	1031
95	1037
93	1043
90	1046
88	1051
85	1059
82	1069
78	1078
73	1086
71	1097
71	1106
70	1114
70	1120
68	1124
68	1133
71	1146
72	1157
72	1169
75	1179
77	1188
74	1197
75	1207
76	1215
76	1221
76	1226
77	1233
77	1243
76	1254
73	1266
70	1277
70	1284
70	1291
70	1297
69	1301
66	1306
67	1310
65	1314
63	1321
62	1328
60	1337
60	1345
61	1356
63	1362
64	1366
64	1374
65	1383
66	1389
66	1395
66	1402
68	1409
67	1415
66	1420
67	1426
66	1432
64	1439
63	1448
64	1457
64	1465
66	1475
69	1485
72	1490
69	1497
69	1505
69	1511
68	1517
71	1523
72	1529
72	1533
72	1537
71	1543
68	1550
68	1555
67	1561
66	1569
67	1575
69	1583
68	1590
66	1596
66	1604
64	1613
64	1616
68	1613
72	1610
73	1607
78	1604
84	1602
87	1603
96	1603
107	1602
113	1603
120	1602
128	1598
135	1596
141	1595
147	1596
156	1599
163	1600
172	1600
184	1600
195	1597
203	1595
215	1589
223	1585
228	1583
242	1578
253	1573
265	1571
276	1572
287	1575
297	1576
309	1577
320	1580
333	1583
344	1585
353	1589
361	1589
371	1589
381	1591
389	1596
399	1602
409	1611
422	1615
435	1615
449	1617
463	1619
478	1617
491	1612
498	1610
505	1607
514	1606
523	1606
532	1606
541	1607
553	1608
563	1611
569	1612
576	1611
584	1608
591	1606
598	1605
607	1605
615	1608
623	1611
630	1612
640	1614
651	1619
658	1621
670	1620
679	1619
685	1619
694	1621
705	1626
713	1630
721	1629
730	1628
737	1627
744	1625
749	1625
754	1623
763	1618
772	1620
778	1623
785	1625
796	1629
805	1631
808	1631
817	1631
825	1630
830	1631
838	1633
847	1633
853	1635
857	1636
863	1634
869	1634
880	1637
889	1641
893	1644
898	1647
901	1645
900	1640
900	1636
901	1630
900	1625
902	1621
903	1617
903	1615
902	1613
903	1612
903	1610
902	1605
905	1599
905	1594
904	1589
906	1582
906	1575
905	1569
907	1565
911	1564
912	1562
912	1557
914	1550
915	1541
914	1536
915	1530
917	1522
918	1512
920	1502
922	1495
924	1491
925	1487
925	1485
925	1479
925	1471
922	1463
920	1452
919	1441
918	1432
918	1425
919	1417
919	1408
917	1396
914	1382
913	1368
909	1356
905	1344
903	1333
903	1326
902	1318
901	1309
897	1299
895	1287
894	1274
894	1260
896	1244
896	1228
897	1212
899	1199
901	1190
902	1182
902	1175
903	1167
904	1157
903	1147
900	1138
901	1131
900	1121
898	1111
900	1103
899	1096
895	1089
894	1082
894	1077
890	1070
887	1062
883	1053
877	1046
872	1039
868	1031
865	1021
862	1008
860	997
857	986
856	977
854	966
851	957
849	950
845	944
838	939
834	930
833	923
831	916
832	908
836	895
839	881
843	870
847	858
852	845
857	835
860	830
864	828
866	822
868	814
873	809
874	801
872	794
874	788
871	780
870	771
872	761
871	751
869	741
866	731
862	723
858	716
854	706
847	695
839	683
833	669
827	657
821	648
817	641
813	633
809	626
808	618
808	610
806	602
804	594
804	585
805	576
807	568
807	561
806	557
806	552
810	553
812	542
811	528
813	516
812	506
806	501
806	501
805	498
806	492
810	481
811	468
806	458
805	451
802	439
800	431
801	426
803	419
805	411
806	403
804	396
800	386
798	375
800	360
798	346
796	336
792	326
786	319
785	314
784	304
779	293
776	285
778	281
774	279
765	275
762	269
760	263
758	262
755	264
753	263
752	259
746	263
740	268
733	273
721	276
716	273
711	266
700	265
691	268
680	271
672	272
666	273
654	273
644	272
637	269
629	265
618	258
609	255
594	256
579	259
568	262
555	256
541	249
533	242
528	237
517	232
506	229
491	225
476	223
469	224
461	222
448	221
432	223
424	225
418	224
406	220
397	218
391	217
380	219
371	226
364	235
355	243
344	246
334	249
325	248
316	243
305	239
294	242
283	241
271	244
261	248
250	250
237	242
228	234
216	223
207	214
202	210
191	208
180	210
173	214
163	213
156	212
152	210
145	207
133	201
131	202
129	203
123	207
121	210
114	214
97	216
86	219
79	217
71	214
77	215
87	213
94	211
95	212
95	220
96	228
99	237
97	244
95	254
96	265
99	274
105	285
106	293
104	298
107	302
108	305
108	309
108	316
106	322
105	325
101	327
94	334
89	340
87	346
85	354
84	364
84	373
81	380
80	388
82	398
84	406
83	409
81	415
78	426
79	437
79	444
78	448
82	456
87	466
88	476
90	484
93	489
94	499
94	511
93	517
91	526
93	537
92	547
91	556
94	565
95	573
93	583
90	593
93	608
95	624
95	639
96	652
94	662
91	671
89	677
86	684
88	692
89	702
89	706
86	710
83	722
82	736
80	747
79	757
81	767
78	776
73	784
72	794
73	803
72	809
73	814
73	828
73	842
73	854
75	868
79	882
80	892
78	901
78	907
78	912
79	918
83	923
87	926
91	930
96	933
101	936
109	941
116	945
121	951
126	953
132	953
136	954
142	955
149	956
154	956
159	957
168	959
176	960
181	962
188	969
200	974
209	975
216	974
225	972
235	967
244	964
253	964
261	965
267	965
276	964
289	966
298	967
304	968
313	970
325	973
335	975
342	978
349	981
355	981
362	981
369	984
371	986
372	987
375	986
375	985
375	985
376	985
376	985
375	985
375	985
374	981
373	979
375	983
375	988
373	989
373	985
374	982
374	980
372	980
370	981
370	981
371	982
374	980
375	978
372	978
370	978
372	979
372	980
372	978
374	976
376	978
373	980
373	979
377	979
378	979
379	979
381	978
380	980
381	982
382	982
382	983
382	986
385	986
386	987
383	988
382	987