0.24496071	-0.76823455	-0.46149155	-0.36991286
0.24498637	-0.76808536	-0.46186614	-0.36973837
0.24512072	-0.7679207	-0.46220478	-0.36956817
0.24528362	-0.76778585	-0.4624319	-0.36945596
0.24539773	-0.767646	-0.46261236	-0.36944494
0.24552496	-0.7676527	-0.46257377	-0.36939484
0.24549028	-0.7677196	-0.46254492	-0.36931467
0.24529944	-0.7677918	-0.46259826	-0.3692247
0.24501792	-0.76784015	-0.46272427	-0.36915335
0.24471202	-0.76788574	-0.46283478	-0.36912292
0.24441023	-0.7679281	-0.4629096	-0.36914065
0.24418667	-0.7679321	-0.46299	-0.36917946
0.2441574	-0.767847	-0.46304867	-0.3693022
0.24437965	-0.76767695	-0.46317154	-0.36935484
0.24464262	-0.76749593	-0.46329167	-0.36940613
0.24485041	-0.7673449	-0.46340644	-0.36943847
0.24493273	-0.7672474	-0.463499	-0.3694703
0.24492182	-0.767216	-0.4635289	-0.36950487
0.24484406	-0.76725596	-0.46348226	-0.36953193
0.24471988	-0.7673443	-0.46341282	-0.36951822
0.24461259	-0.7674392	-0.46336135	-0.36945668
0.24462403	-0.7674744	-0.4633555	-0.36938295
0.24475877	-0.7674538	-0.46338284	-0.36930236
0.24495405	-0.7674041	-0.46341386	-0.36923727
0.24516398	-0.76734155	-0.46344483	-0.36918908
0.24537742	-0.76727134	-0.46350268	-0.3691207
0.24557158	-0.76719236	-0.46359688	-0.3690371
0.2457453	-0.7671091	-0.4637381	-0.3689171
0.24589984	-0.7670138	-0.46393988	-0.36875883
0.24601129	-0.76689565	-0.46421188	-0.36858776
0.2460648	-0.76676565	-0.46452937	-0.36842266
0.24605818	-0.766629	-0.46485716	-0.36829785
0.24599586	-0.76650625	-0.46514386	-0.36823276
0.24586695	-0.7664201	-0.46535388	-0.36823285
0.24570327	-0.76638	-0.465442	-0.36831415
0.2455388	-0.7663765	-0.465431	-0.36844513
0.24542634	-0.76641816	-0.46532044	-0.36857307
0.2453372	-0.7664479	-0.46521398	-0.36870465
0.24528751	-0.7664825	-0.46507895	-0.3688365
0.2452542	-0.76650745	-0.4650019	-0.3689039
0.24519733	-0.7665156	-0.46496612	-0.36896965
0.2452213	-0.7664563	-0.46503472	-0.3689906
0.24529988	-0.7663558	-0.46515372	-0.3689968
0.24558897	-0.76615286	-0.46541387	-0.36889812
0.24582247	-0.766064	-0.46548957	-0.36883172
0.24610034	-0.7659878	-0.46553904	-0.36874235
0.24635223	-0.76593506	-0.46556175	-0.36865473
0.2465634	-0.765909	-0.4655525	-0.36857936
0.2467134	-0.76590806	-0.4655129	-0.36853096
0.24675408	-0.7659448	-0.465432	-0.36852962
0.24672115	-0.765994	-0.46532032	-0.36859053
0.24667984	-0.76600975	-0.4652184	-0.36871392
0.24668486	-0.7659632	-0.4651678	-0.36887112
0.24675293	-0.7658647	-0.46519226	-0.36899927
0.24686444	-0.76572365	-0.46529633	-0.36908627
0.24698386	-0.76558983	-0.46542397	-0.36912307
0.24709031	-0.7654669	-0.46556443	-0.3691293
0.24712059	-0.76538163	-0.46569586	-0.36912012
0.24712755	-0.7653806	-0.46569252	-0.36912218
0.24681506	-0.7654498	-0.4657245	-0.3691472
0.24668948	-0.7654845	-0.46570408	-0.3691851
0.24660605	-0.76548946	-0.46569568	-0.36924124
0.24665377	-0.7654194	-0.4657484	-0.3692881
0.24683091	-0.76527673	-0.4658863	-0.36929122
0.24709645	-0.76509374	-0.4661147	-0.36920473
0.24732532	-0.7649197	-0.46639284	-0.3690607
0.24748425	-0.7647846	-0.46662056	-0.36894616
0.2474278	-0.76475376	-0.46679118	-0.36883238
0.24743223	-0.7647556	-0.46678892	-0.3688284
0.24725476	-0.7647822	-0.4668995	-0.3687521
0.24727444	-0.76478344	-0.46688977	-0.36874893
0.24713585	-0.7647875	-0.46688685	-0.3688372
0.24710602	-0.76471907	-0.46701077	-0.36884183
0.24705543	-0.7646294	-0.4672055	-0.36881503
0.24698247	-0.76455045	-0.4673849	-0.3688004
0.24688502	-0.76448363	-0.46754435	-0.368802
0.24679829	-0.7644343	-0.46766993	-0.36880308
0.24675085	-0.7643468	-0.4678148	-0.36883238
0.24675363	-0.76434994	-0.4678133	-0.3688259
0.2469739	-0.76419914	-0.46801063	-0.3687407
0.2471941	-0.76409537	-0.4681199	-0.36866927
0.24749471	-0.763965	-0.46824527	-0.36857858
0.24785395	-0.76380557	-0.46838158	-0.3684947
0.24817893	-0.7636613	-0.46848562	-0.3684425
0.24842916	-0.76354605	-0.46856946	-0.36840624
0.24854065	-0.7634693	-0.46866444	-0.3683693
0.248504	-0.7634105	-0.4687994	-0.368344
0.24833606	-0.7633666	-0.46895492	-0.36835042
0.24778292	-0.7633567	-0.46919483	-0.36843807
0.2474574	-0.7633608	-0.46930516	-0.36850765
0.24722649	-0.7633808	-0.46937042	-0.36853814
0.24711135	-0.76336896	-0.469466	-0.36851782
0.24719942	-0.7633763	-0.46948025	-0.36842543
0.24747835	-0.763351	-0.46943018	-0.36835438
0.24788767	-0.763321	-0.46934685	-0.36824775
0.2483596	-0.7632849	-0.46920747	-0.3681823
0.24875009	-0.76324856	-0.4690691	-0.36817026
0.2490746	-0.7631941	-0.4689696	-0.36819035
0.2492869	-0.7631235	-0.4689559	-0.36821073
0.24943437	-0.7630289	-0.46902263	-0.36822194
0.2495389	-0.7629077	-0.4691573	-0.36823046
0.24965107	-0.76274234	-0.46936795	-0.36822858
0.24960196	-0.7627374	-0.4693926	-0.36824065
0.24988736	-0.76237005	-0.4698946	-0.36816758
0.24996099	-0.7620747	-0.47032553	-0.3681787
0.24967684	-0.7618963	-0.4705498	-0.36845395
0.2496456	-0.7619168	-0.47056454	-0.3684142
0.24939267	-0.7618712	-0.4707015	-0.3685049
0.24934998	-0.76181054	-0.47078946	-0.36854658
0.24946585	-0.7616875	-0.47088766	-0.36859718
0.24972965	-0.76151943	-0.47097653	-0.36865243
0.25010282	-0.76131976	-0.4710671	-0.36869574
0.25050315	-0.7611181	-0.47115472	-0.3687285
0.25087392	-0.76093435	-0.47123593	-0.36875173
0.25120613	-0.7608061	-0.4712489	-0.36877385
0.2514312	-0.7607295	-0.4712385	-0.3687918
0.2516333	-0.76064056	-0.47125185	-0.36882034
0.25185335	-0.7605299	-0.47126964	-0.36887577
0.2520849	-0.76036096	-0.47135362	-0.36895835
0.25230777	-0.76014525	-0.47152248	-0.36903468
0.25248453	-0.75993246	-0.47172925	-0.36908767
0.25263706	-0.7597471	-0.47188103	-0.36917108
0.25276968	-0.75961924	-0.47193027	-0.36928055
0.25290802	-0.7595256	-0.47190285	-0.36941326
0.25309166	-0.7594632	-0.47180012	-0.36954713
0.25335252	-0.75940627	-0.471634	-0.3696972
0.25372776	-0.7593238	-0.4714067	-0.36989927
0.25452638	-0.7589995	-0.47114366	-0.37035108
0.25452733	-0.75903124	-0.47114164	-0.37028772
0.2554194	-0.758558	-0.47113866	-0.37064707
0.25583604	-0.75831354	-0.47118723	-0.3707978
0.25620458	-0.7580955	-0.47121197	-0.37095767
0.25657487	-0.7578825	-0.4712173	-0.37113053
0.2569419	-0.75766224	-0.47122577	-0.37131554
0.2573083	-0.75741565	-0.47127545	-0.37150148
0.25768834	-0.75712574	-0.47136447	-0.37171602
0.2580596	-0.756816	-0.4714658	-0.37196094
0.2584369	-0.7564884	-0.47158223	-0.37221766
0.2587939	-0.75618076	-0.47170165	-0.37244335
0.2591493	-0.7558904	-0.47179517	-0.37266713
0.25949937	-0.75563186	-0.47184387	-0.37288618
0.2598186	-0.75541306	-0.47185266	-0.37309605
0.2600878	-0.75522554	-0.47184852	-0.37329316
0.26034158	-0.755008	-0.47176132	-0.37366623
0.26030368	-0.7550374	-0.47177935	-0.37361068
0.26086697	-0.7545792	-0.47159493	-0.37437537
0.26128772	-0.75425684	-0.4715404	-0.37480006
0.26247224	-0.75347215	-0.4715381	-0.375553
0.2631303	-0.7530934	-0.47156593	-0.37581718
0.26381516	-0.75273114	-0.47159392	-0.3760275
0.26450163	-0.75238717	-0.47160333	-0.37622157
0.26520398	-0.75203687	-0.47159618	-0.3764368
0.2658563	-0.75170076	-0.4715815	-0.37666634
0.2663434	-0.75144774	-0.4715382	-0.3768811
0.2669243	-0.7511015	-0.4715053	-0.37720102
0.26745236	-0.750731	-0.47156763	-0.37748682
0.26797915	-0.75032574	-0.47169918	-0.37775412
0.2685173	-0.7499011	-0.47184336	-0.37803516
0.26905903	-0.7494711	-0.47195452	-0.37836385
0.269586	-0.7490416	-0.47204673	-0.37872428
0.2700672	-0.74862057	-0.47214508	-0.37909102
0.27055573	-0.7482052	-0.47219777	-0.3794969
0.2710786	-0.74781287	-0.47218543	-0.37991202
0.27164036	-0.7474381	-0.47213197	-0.38031462
0.27223063	-0.74707335	-0.47207272	-0.3806826
0.27284598	-0.74670666	-0.47202426	-0.38102162
0.27339694	-0.74637127	-0.47200763	-0.3813041
0.2739	-0.74603266	-0.47203726	-0.38156915
0.27433765	-0.7456993	-0.4720826	-0.38184994
0.27465436	-0.74542576	-0.4720535	-0.38219222
0.27498448	-0.74515235	-0.47202078	-0.3825284
0.2752989	-0.74495256	-0.47188812	-0.3828549
0.27562106	-0.7447871	-0.47169718	-0.38318026
0.27606487	-0.74459416	-0.4714697	-0.3835155
0.2765857	-0.74437356	-0.47124895	-0.38383952
0.27719018	-0.74411565	-0.47104284	-0.3841565
0.27834338	-0.743614	-0.47067982	-0.38473848
0.2789072	-0.7433478	-0.4704919	-0.38507435
0.27941296	-0.74307144	-0.47034118	-0.38542515
0.27998722	-0.7426775	-0.470242	-0.38588822
0.27997917	-0.7426493	-0.47024816	-0.38594082
0.2806985	-0.7420611	-0.4702517	-0.38654503
0.2811474	-0.7417124	-0.47027057	-0.38686514
0.28167474	-0.74133897	-0.4703052	-0.38715506
0.28227457	-0.740943	-0.47035637	-0.3874138
0.28289965	-0.7405558	-0.47041237	-0.38763034
0.28355414	-0.74016887	-0.4704671	-0.3878245
0.284195	-0.7397883	-0.47051233	-0.38802665
0.28484872	-0.73939264	-0.4705517	-0.3882535
0.28555793	-0.7389474	-0.4706095	-0.3885102
0.28627113	-0.7384527	-0.47072074	-0.38879105
0.28699732	-0.7378912	-0.4709117	-0.3890903
0.28765538	-0.7373351	-0.4711422	-0.38937956
0.28827986	-0.7368041	-0.47135285	-0.38966784
0.28895682	-0.7362969	-0.47148213	-0.38996854
0.28960767	-0.73580825	-0.47159815	-0.3902677
0.29028147	-0.7353536	-0.47164816	-0.39056358
0.29101872	-0.7348904	-0.47167945	-0.39084888
0.29186565	-0.73435867	-0.47178718	-0.39108646
0.29252714	-0.7339242	-0.47188875	-0.3912854
0.293189	-0.7334647	-0.4720183	-0.39149526
0.29392162	-0.73290694	-0.47221106	-0.39175788
0.2939134	-0.732876	-0.4722179	-0.39181373
0.2946445	-0.73217124	-0.4724378	-0.3923168
0.29511425	-0.7316957	-0.47255588	-0.39270854
0.29553962	-0.7312882	-0.47262454	-0.3930648
0.29602975	-0.7308527	-0.47265705	-0.39346674
0.2965816	-0.7304159	-0.47266883	-0.39384797
0.29722255	-0.72994316	-0.47269502	-0.39420962
0.29787064	-0.7294979	-0.47272688	-0.39450634
0.29853907	-0.7290551	-0.47277132	-0.39476624
0.29922324	-0.7285849	-0.4728642	-0.39500508
0.2997963	-0.7281695	-0.47296932	-0.3952106
0.30035672	-0.72777224	-0.47307268	-0.3953931
0.30091518	-0.72737753	-0.47317824	-0.39556858
0.30150536	-0.72699165	-0.47325307	-0.39573896
0.3022068	-0.7265649	-0.47330827	-0.3959215
0.30303043	-0.7260988	-0.47334546	-0.3961026
0.30391327	-0.7256048	-0.4734225	-0.39623934
0.30482793	-0.72509104	-0.4735491	-0.3963259
0.3058045	-0.7245838	-0.4736981	-0.39632308
0.3069414	-0.7239788	-0.47394392	-0.39625615
0.30695972	-0.7239557	-0.4739351	-0.3962948
0.3085799	-0.72303027	-0.4743396	-0.39624184
0.30947202	-0.72241855	-0.47465062	-0.39628947
0.31126434	-0.7211945	-0.4753231	-0.3963093
0.31213415	-0.72056115	-0.47568503	-0.39634308
0.31289405	-0.72000635	-0.47600415	-0.39636895
0.31356752	-0.7195214	-0.47628924	-0.3963747
0.31421816	-0.71907485	-0.47652286	-0.39638916
0.3148498	-0.7186506	-0.47672075	-0.3964195
0.3155055	-0.718219	-0.47690082	-0.39646372
0.31621498	-0.7177689	-0.47706538	-0.39651555
0.316932	-0.71732616	-0.4771983	-0.39658442
0.31765774	-0.71687144	-0.4773074	-0.3966947
0.3183775	-0.71646386	-0.4773205	-0.39683822
0.3190871	-0.7160557	-0.47730726	-0.3970209
0.3197577	-0.71564627	-0.47731593	-0.3972091
0.32039678	-0.7152187	-0.47736296	-0.3974076
0.32099518	-0.71478015	-0.47744963	-0.39760956
0.3214939	-0.7143746	-0.477564	-0.39779812
0.32195842	-0.71395665	-0.4776953	-0.39801508
0.32242632	-0.71351314	-0.47783747	-0.39826095
0.3228778	-0.71303433	-0.47802702	-0.39852506
0.32336068	-0.7125356	-0.47821295	-0.39880225
0.32380885	-0.7120419	-0.47843772	-0.3990509
0.32428548	-0.71149313	-0.47872803	-0.3992944
0.32483134	-0.7108746	-0.47906774	-0.39954478
0.32537544	-0.71029955	-0.47937107	-0.3997609
0.32602772	-0.7096627	-0.4796883	-0.39998
0.32688308	-0.70896196	-0.47994825	-0.40021268
0.32759264	-0.70839447	-0.48016065	-0.40038246
0.32842752	-0.70775086	-0.4803794	-0.4005742
0.32932654	-0.70714283	-0.48053136	-0.40072766
0.3301967	-0.7065678	-0.4806438	-0.40089104
0.3310198	-0.706019	-0.48081475	-0.4009742
0.33188948	-0.7054123	-0.48103714	-0.4010564
0.33289433	-0.7046882	-0.48132154	-0.40115532
0.3338811	-0.70397156	-0.48160172	-0.40125704
0.33505058	-0.7031301	-0.48193225	-0.40136075
0.33623153	-0.70227623	-0.48227155	-0.40146053
0.33731407	-0.70147216	-0.48264858	-0.40150535
0.33828294	-0.7007188	-0.48304957	-0.40152335
0.33913124	-0.7000352	-0.4834191	-0.40155533
0.33988345	-0.6994242	-0.48369548	-0.4016513
0.34053913	-0.69888294	-0.48387274	-0.40182465
0.34112433	-0.69835603	-0.48402464	-0.40206125
0.34166932	-0.69783723	-0.4841318	-0.4023701
0.3422059	-0.69732976	-0.48415354	-0.40276748
0.3426953	-0.6968883	-0.48405933	-0.4032286
0.34307298	-0.6965258	-0.4839227	-0.40369755
0.34331575	-0.69621164	-0.48384023	-0.40413162
0.3434285	-0.6959236	-0.48383087	-0.40454286
0.34348905	-0.6956465	-0.4838366	-0.4049611
0.34359092	-0.69535005	-0.48381826	-0.40540534
0.34376585	-0.69505936	-0.48377812	-0.40580335
0.34408602	-0.69471717	-0.48373294	-0.40617174
0.34464633	-0.6942952	-0.4836378	-0.40653098
0.345207	-0.6939197	-0.48357666	-0.4067692
0.34591094	-0.69347656	-0.48356894	-0.40693623
0.3465937	-0.69308084	-0.4835862	-0.40700892
0.3472684	-0.6926934	-0.4836622	-0.40700307
0.34785318	-0.69233525	-0.483785	-0.40696704
0.34844896	-0.6919211	-0.48397085	-0.40694073
0.34853983	-0.6918661	-0.4839183	-0.407019
0.3495492	-0.69110477	-0.4843801	-0.4068973
0.35014722	-0.6906921	-0.4845729	-0.4068545
0.35079548	-0.6902699	-0.48477808	-0.40676805
0.35146242	-0.68986595	-0.48497188	-0.40664667
0.35216382	-0.6894812	-0.4851395	-0.40649235
0.35288113	-0.6891186	-0.4852627	-0.40633813
0.3535997	-0.68876624	-0.4853725	-0.40617967
0.35433674	-0.68838805	-0.48551717	-0.4060055
0.35504222	-0.687979	-0.4857453	-0.4058096
0.3557222	-0.6875131	-0.48606494	-0.40562108
0.3563075	-0.6870464	-0.4864193	-0.40547317
0.35687554	-0.6865538	-0.48681903	-0.40532824
0.3574336	-0.68606675	-0.4872067	-0.4051954
0.3580533	-0.68557143	-0.48757067	-0.40504888
0.35879216	-0.6850447	-0.4879062	-0.40488207
0.35971868	-0.6844331	-0.4882614	-0.40466598
0.3604257	-0.6839695	-0.4885346	-0.40449098
0.3612046	-0.68344754	-0.48886698	-0.40427697
0.36188242	-0.6829605	-0.4891951	-0.4040968
0.3624233	-0.6825301	-0.4895138	-0.40395334
0.36286125	-0.68212926	-0.48985565	-0.4038229
0.36316127	-0.68179655	-0.4901741	-0.40372863
0.36341667	-0.681491	-0.49045044	-0.40367907
0.36368078	-0.6812032	-0.4906812	-0.4036465
0.36397642	-0.68092036	-0.49089023	-0.40360302
0.36434978	-0.68058836	-0.49111393	-0.4035541
0.3647267	-0.68023556	-0.49139363	-0.40346783
0.36510447	-0.6798412	-0.49172917	-0.40338218
0.3654738	-0.6794236	-0.49210677	-0.40329093
0.3658458	-0.67898875	-0.49250093	-0.4032047
0.3662356	-0.6785616	-0.49288863	-0.40309608
0.36669105	-0.6781133	-0.49326882	-0.40297157
0.36726227	-0.6776108	-0.49366245	-0.40281457
0.36792395	-0.67706436	-0.494068	-0.4026323
0.3686439	-0.6764747	-0.49451843	-0.4024117
0.3693657	-0.67588884	-0.49499595	-0.4021473
0.37009737	-0.6752831	-0.49553692	-0.40182567
0.37080246	-0.6746553	-0.49616295	-0.40145752
0.37150526	-0.67397726	-0.49688423	-0.40105435
0.3722231	-0.673263	-0.49764746	-0.400642
0.37286004	-0.67260456	-0.4983608	-0.4002689
0.37345365	-0.67194986	-0.49910936	-0.39988208
0.37401348	-0.6713029	-0.499869	-0.39949647
0.37456205	-0.67066413	-0.500614	-0.3991224
0.37516335	-0.6700085	-0.5013268	-0.39876372
0.3757654	-0.6694255	-0.5019762	-0.39835888
0.37621924	-0.66895944	-0.5025455	-0.39799538
0.3766453	-0.66854036	-0.50310814	-0.39758572
0.37708095	-0.6682133	-0.5035698	-0.39713788
0.37751898	-0.667967	-0.50386906	-0.3967561
0.37797856	-0.66770595	-0.5041877	-0.39635304
0.37848428	-0.6674756	-0.50442976	-0.39595038
0.3790411	-0.6672354	-0.50465226	-0.3955389
0.37953126	-0.6668879	-0.505028	-0.3951751
0.37995428	-0.666486	-0.5055578	-0.39476904
0.38031018	-0.6660518	-0.50617427	-0.39436895
0.38061723	-0.6655887	-0.5067954	-0.3940567
0.3809067	-0.6651175	-0.5074459	-0.39373553
0.38122457	-0.6646173	-0.50815684	-0.39335516
0.381544	-0.66413945	-0.5088427	-0.3929657
0.3818759	-0.66365916	-0.5095264	-0.39256877
0.38222277	-0.6631798	-0.51020306	-0.39216205
0.38258412	-0.6626975	-0.510861	-0.39176843
0.3829449	-0.6622212	-0.5114929	-0.39139658
0.3832841	-0.6617658	-0.512119	-0.39101598
0.38365236	-0.66130245	-0.5126928	-0.39068678
0.38404217	-0.66087997	-0.5131859	-0.39037102
0.38453576	-0.66043556	-0.513666	-0.3900056
0.3850583	-0.66002995	-0.51405776	-0.38966054
0.3857558	-0.65948457	-0.5146064	-0.38916963
0.38582015	-0.65944624	-0.51456845	-0.38922074
0.38650495	-0.65866345	-0.51557475	-0.3885345
0.38687676	-0.65811855	-0.516291	-0.38813645
0.38710338	-0.65768987	-0.5168901	-0.3878397
0.3873022	-0.6572445	-0.51755476	-0.3875098
0.38773748	-0.65648097	-0.5187119	-0.38682082
0.3877641	-0.65645385	-0.5186976	-0.3868594
0.38808006	-0.6561113	-0.5191691	-0.38649097
0.38841847	-0.6558022	-0.5195957	-0.38610244
0.38883162	-0.6554794	-0.5199508	-0.38575634
0.38891888	-0.65545845	-0.51989585	-0.38577825
0.38925776	-0.6550034	-0.5206237	-0.38522714
0.38942143	-0.6547061	-0.52111423	-0.3849037
0.38955012	-0.6543678	-0.5217002	-0.38455474
0.38963845	-0.65399367	-0.522406	-0.38414332
0.38969046	-0.6539674	-0.52237487	-0.38417765
0.38979423	-0.65357035	-0.5232172	-0.3836015
0.3899043	-0.65321183	-0.5240147	-0.38301137
0.39012104	-0.6529268	-0.52449197	-0.3826231
0.39041376	-0.65263134	-0.52489096	-0.38228115
0.39076072	-0.6522966	-0.525321	-0.38190737
0.39117017	-0.6519351	-0.5257495	-0.38151544
0.39166185	-0.65152466	-0.526236	-0.3810413
0.39218274	-0.65112424	-0.52668405	-0.38057044
0.39269984	-0.6507166	-0.5271759	-0.38005328
0.3931708	-0.6503084	-0.5277258	-0.3795014
0.39359674	-0.6498859	-0.5283538	-0.3789092
0.39397752	-0.6494344	-0.5290619	-0.3782992
0.3942928	-0.6489689	-0.5298273	-0.37769806
0.39449772	-0.6485682	-0.53053117	-0.3771837
0.39459878	-0.64819187	-0.5313661	-0.37654904
0.3946464	-0.6478366	-0.5322169	-0.3759084
0.39466745	-0.64750075	-0.53302664	-0.37531722
0.39467514	-0.6471778	-0.5337876	-0.37478438
0.39467743	-0.64690065	-0.53443474	-0.3743379
0.3946477	-0.6466862	-0.53496206	-0.3739866
0.39459658	-0.6465618	-0.5353324	-0.37372535
0.39456216	-0.64645916	-0.5356795	-0.37344182
0.39452097	-0.64639175	-0.5359726	-0.37318146
0.39445588	-0.64636326	-0.53652436	-0.37250608
0.39453948	-0.6463119	-0.53680867	-0.3720968
0.39473873	-0.64614594	-0.5371563	-0.3716719
0.39505377	-0.64582336	-0.5376408	-0.37119693
0.39541185	-0.6453984	-0.5382468	-0.3706762
0.39582196	-0.6448647	-0.5390172	-0.37004748
0.39614597	-0.644416	-0.53968716	-0.3695055
0.39648563	-0.6439227	-0.540491	-0.36882564
0.39680922	-0.6434307	-0.54135084	-0.36807418
0.39723957	-0.6428431	-0.5424461	-0.3670229
0.39732593	-0.6428415	-0.54239035	-0.36701465
0.39784905	-0.6422979	-0.54345405	-0.36582416
0.39815122	-0.6419884	-0.544068	-0.36512557
0.39838362	-0.64170647	-0.54464275	-0.3645101
0.3985126	-0.6414344	-0.54528975	-0.36388016
0.39854753	-0.64122105	-0.54588926	-0.36331862
0.39849427	-0.6410676	-0.54646146	-0.36278713
0.39834568	-0.6409592	-0.5470446	-0.36226276
0.3980969	-0.640892	-0.54763603	-0.36176106
0.39774546	-0.6408573	-0.54824203	-0.36129096
0.39740837	-0.6408426	-0.5487417	-0.36092925
0.39704984	-0.6408332	-0.5492431	-0.36057788
0.39677507	-0.64080477	-0.5496888	-0.36025137
0.39660612	-0.6407205	-0.5501515	-0.3598808
0.39657435	-0.6405421	-0.55068505	-0.359417
0.39665428	-0.6402927	-0.5512571	-0.35889593
0.39676473	-0.6400455	-0.55189764	-0.35822976
0.39688402	-0.63983005	-0.55248797	-0.3575719
0.3967878	-0.63971484	-0.5532261	-0.35674274
0.39690915	-0.6397197	-0.55314827	-0.35671952
0.39661556	-0.6397543	-0.55386317	-0.3558737
0.39648268	-0.6397939	-0.5542363	-0.35536945
0.39634934	-0.63984215	-0.55461216	-0.35484457
0.39627048	-0.6398824	-0.5549273	-0.35436696
0.39614934	-0.6399128	-0.5552976	-0.35386708
0.39584988	-0.63996315	-0.5558489	-0.35324496
0.39553142	-0.64003646	-0.5562348	-0.35286143
0.39502797	-0.6401987	-0.5566417	-0.35248905
0.39434513	-0.6404729	-0.55703187	-0.3521389
0.39360097	-0.6408242	-0.55734813	-0.351832
0.39291272	-0.6412085	-0.5575683	-0.3515523
0.39232102	-0.6415949	-0.5577264	-0.3512572
0.39191553	-0.6419011	-0.5578567	-0.35094342
0.39163247	-0.6421167	-0.55804104	-0.35057145
0.3914266	-0.642238	-0.55830336	-0.3501615
0.39119726	-0.64230555	-0.55865276	-0.3497363
0.39088374	-0.64237297	-0.5590699	-0.34929615
0.3904601	-0.64248544	-0.5595264	-0.34883195
0.38991666	-0.6426395	-0.560073	-0.34827816
0.3894642	-0.642791	-0.5605313	-0.34776735
0.38904944	-0.6429529	-0.5609709	-0.34722292
0.38867632	-0.643098	-0.56142616	-0.34663573
0.3883818	-0.6431904	-0.561895	-0.34603432
0.3881336	-0.64320654	-0.56242955	-0.34541395
0.38763607	-0.64313906	-0.5635539	-0.34426376
0.38765574	-0.64314306	-0.5635413	-0.34425452
0.3873627	-0.64315474	-0.5640361	-0.34375215
0.3870123	-0.6432261	-0.56449467	-0.34326005
0.3864543	-0.6434022	-0.56509626	-0.34256834
0.3864486	-0.6434122	-0.5650984	-0.34255227
0.38584945	-0.6436615	-0.5656804	-0.341798
0.385132	-0.64389616	-0.5665442	-0.3407328
0.384815	-0.643974	-0.5669661	-0.34024167
0.38446164	-0.6440772	-0.5674206	-0.33968794
0.3841039	-0.6442073	-0.56784517	-0.33913586
0.38363266	-0.64439034	-0.5683648	-0.33845016
0.38361806	-0.64438695	-0.568374	-0.33845776
0.38293928	-0.64461106	-0.5690939	-0.33758903
0.38251042	-0.64473784	-0.569528	-0.33710054
0.38207176	-0.64487207	-0.5699504	-0.33662707
0.38164073	-0.6449972	-0.5703684	-0.33616802
0.38109586	-0.6451543	-0.57092243	-0.3355435
0.3810886	-0.6451448	-0.5709279	-0.33556068
0.38039875	-0.64528877	-0.5718231	-0.33454087
0.38003454	-0.6453287	-0.5723929	-0.33390284
0.37975696	-0.64532304	-0.5729176	-0.3333293
0.37949678	-0.64526427	-0.5735178	-0.3327064
0.37947842	-0.6452477	-0.5735308	-0.33273733
0.3787968	-0.6449486	-0.57514364	-0.3313066
0.3784815	-0.64481497	-0.5758269	-0.33073974
0.37806225	-0.64468384	-0.5766549	-0.33003154
0.3776239	-0.64462006	-0.5774508	-0.32926568
0.37721997	-0.6445603	-0.578211	-0.32851055
0.37686178	-0.64446217	-0.5789522	-0.32780808
0.37658337	-0.6442813	-0.5797166	-0.32713187
0.3762935	-0.64403754	-0.5805567	-0.32645515
0.37597153	-0.6437676	-0.5814177	-0.32582545
0.37555373	-0.6435088	-0.5823256	-0.32519644
0.37511083	-0.64327866	-0.5832285	-0.32454416
0.37461063	-0.64312387	-0.58407223	-0.32391095
0.3740516	-0.64302725	-0.5849048	-0.3232458
0.37351608	-0.6429642	-0.5856735	-0.32259795
0.37304053	-0.64291376	-0.586378	-0.3219683
0.372637	-0.6428794	-0.58700186	-0.32136667
0.3722511	-0.64286274	-0.58759916	-0.3207551
0.3719259	-0.64286226	-0.58810174	-0.32021186
0.37158486	-0.6428637	-0.5886434	-0.3196091
0.37125352	-0.64286184	-0.5891927	-0.31898502
0.37080982	-0.6428323	-0.5899627	-0.31813663
0.37049466	-0.6427944	-0.59051704	-0.31755129
0.37009937	-0.64273477	-0.59122413	-0.31681627
0.3697144	-0.64266	-0.59196526	-0.3160325
0.3693624	-0.6425765	-0.5927103	-0.31521645
0.3690434	-0.6424908	-0.59345156	-0.314369
0.36876267	-0.642393	-0.594185	-0.3135116
0.3684868	-0.64228284	-0.594933	-0.312642
0.36817214	-0.6421739	-0.59569156	-0.3117909
0.36767057	-0.64213127	-0.59643877	-0.31104136
0.367019	-0.64213645	-0.59722656	-0.31028756
0.36645582	-0.642188	-0.5978091	-0.3097242
0.36588952	-0.64230317	-0.5983618	-0.3090871
0.3653711	-0.64249396	-0.5987659	-0.30852062
0.36493123	-0.64272213	-0.5990762	-0.3079629
0.36456424	-0.64292604	-0.5993942	-0.30735272
0.36416307	-0.64310765	-0.59981036	-0.30663553
0.36377677	-0.6432202	-0.6002638	-0.30597007
0.36329806	-0.64330137	-0.6008534	-0.3052099
0.36277723	-0.6433596	-0.601504	-0.3044241
0.3622528	-0.6433811	-0.60222936	-0.30356804
0.36190757	-0.6433584	-0.60280687	-0.30288082
0.36159876	-0.64330024	-0.6034183	-0.30215484
0.3612385	-0.643236	-0.60409003	-0.30137938
0.36080182	-0.6431841	-0.60478956	-0.30060926
0.3602539	-0.6431596	-0.6055312	-0.29982468
0.3595655	-0.64318204	-0.6063396	-0.2989681
0.35894576	-0.6432445	-0.60700095	-0.29823545
0.35826027	-0.643331	-0.6077129	-0.29742187
0.35762954	-0.64341253	-0.6083875	-0.29662478
0.35676384	-0.6435347	-0.6093833	-0.29535502
0.35676807	-0.64355004	-0.6093792	-0.29532498
0.35599524	-0.64366084	-0.61028564	-0.29414216
0.35549814	-0.6437443	-0.6107809	-0.29353192
0.3548325	-0.6438731	-0.611348	-0.29287362
0.3539757	-0.6440461	-0.6119952	-0.2921776
0.35312185	-0.64422864	-0.6125904	-0.2915603
0.35229406	-0.64441955	-0.6131366	-0.29099137
0.35156736	-0.6446385	-0.6135747	-0.29046142
0.3509658	-0.6448295	-0.6139775	-0.28991324
0.35047397	-0.64498806	-0.61430514	-0.28946096
0.34996396	-0.6452007	-0.61461574	-0.2889442
0.34937418	-0.6454847	-0.61489713	-0.28842458
0.34872028	-0.64583313	-0.6151429	-0.28791136
0.3480427	-0.6462017	-0.615376	-0.28740576
0.3473904	-0.6465732	-0.6156147	-0.28684765
0.3467621	-0.6468989	-0.6159041	-0.28625166
0.34620103	-0.64715743	-0.6162176	-0.2856712
0.34561163	-0.64740443	-0.6165744	-0.28505468
0.3450095	-0.6476606	-0.61692137	-0.28445104
0.34433332	-0.64795345	-0.6172577	-0.28387308
0.34352332	-0.64830345	-0.6176016	-0.28330684
0.3425705	-0.64870775	-0.6179577	-0.28275782
0.34153053	-0.64914656	-0.6183113	-0.28223544
0.34054378	-0.6495679	-0.6186273	-0.28176546
0.33962852	-0.6499704	-0.61891884	-0.28130156
0.33884126	-0.6503444	-0.6191776	-0.2808167
0.3381884	-0.650682	-0.61940205	-0.28032604
0.33755803	-0.65103465	-0.61962265	-0.27977893
0.33695987	-0.65137416	-0.6198339	-0.27924156
0.33631083	-0.6517247	-0.62005264	-0.27871975
0.33556205	-0.65210706	-0.62027794	-0.27822644
0.3347593	-0.6525384	-0.62046593	-0.27776238
0.3339701	-0.6529648	-0.62063015	-0.2773434
0.3332052	-0.65339917	-0.6207785	-0.27690792
0.33245513	-0.65379316	-0.62097275	-0.27644342
0.3317962	-0.65410316	-0.6212009	-0.2759889
0.33101758	-0.6544264	-0.62151825	-0.2754426
0.33005503	-0.65483177	-0.62186897	-0.27484187
0.32926556	-0.655163	-0.6221571	-0.27434707
0.32830772	-0.6556119	-0.62240136	-0.2738683
0.3276021	-0.6559753	-0.62256205	-0.27347735
0.3270059	-0.6563234	-0.622699	-0.2730434
0.32653326	-0.656628	-0.6228486	-0.27253515
0.32611954	-0.6568737	-0.6230555	-0.27196473
0.3256348	-0.6571093	-0.62334573	-0.27131063
0.32506973	-0.6573329	-0.6236765	-0.27068567
0.32429585	-0.65761834	-0.6240708	-0.270011
0.3233346	-0.6579588	-0.62450737	-0.2693241
0.32235444	-0.65827614	-0.624944	-0.26871037
0.3214475	-0.65855587	-0.625353	-0.2681591
0.3206109	-0.6587853	-0.6257692	-0.26762572
0.31935552	-0.6590064	-0.6266636	-0.26648712
0.31885466	-0.6590407	-0.6271607	-0.26583186
0.31831762	-0.65908986	-0.6276836	-0.26511845
0.31776443	-0.65918595	-0.6281524	-0.2644322
0.3171331	-0.6593362	-0.6286524	-0.26362565
0.31639898	-0.6595427	-0.6291009	-0.26292053
0.3156337	-0.6598148	-0.62949014	-0.26222518
0.31491625	-0.66009897	-0.62982386	-0.2615704
0.314282	-0.660349	-0.63014543	-0.26092687
0.31341457	-0.6605478	-0.63088644	-0.25967348
0.3129829	-0.66058385	-0.63135517	-0.2589623
0.31238747	-0.66058373	-0.6319965	-0.2581157
0.31186664	-0.66060007	-0.6325337	-0.25738668
0.3113178	-0.6606395	-0.633085	-0.25659335
0.31074	-0.6607099	-0.6336612	-0.25568858
0.31038624	-0.66077125	-0.6340111	-0.25509185
0.30995145	-0.66087765	-0.6344086	-0.25435534
0.30947974	-0.6610069	-0.63478947	-0.25364256
0.30892727	-0.661146	-0.6351994	-0.25292626
0.308307	-0.6612851	-0.6356357	-0.25222263
0.30762964	-0.66142166	-0.6361194	-0.25147092
0.30693406	-0.6615486	-0.6366199	-0.2507189
0.3062342	-0.66167045	-0.6371401	-0.24993058
0.30562377	-0.6617689	-0.6376304	-0.24916568
0.30502665	-0.66185504	-0.6381617	-0.24830681
0.30463552	-0.66189796	-0.6385605	-0.24764654
0.3042344	-0.6619215	-0.639018	-0.24689543
0.30385888	-0.66193616	-0.639453	-0.24619134
0.303459	-0.6619568	-0.6398905	-0.24549153
0.30301738	-0.66198945	-0.6403222	-0.24482243
0.30241933	-0.66204697	-0.6408238	-0.24409284
0.3018646	-0.662121	-0.641211	-0.24356152
0.30113256	-0.66222	-0.64169747	-0.24291596
0.30040252	-0.66233987	-0.6421588	-0.24227323
0.2997049	-0.6624826	-0.6425801	-0.24162912
0.29909995	-0.6626426	-0.64292246	-0.24102877
0.29861343	-0.66278535	-0.64320153	-0.2404942
0.29814503	-0.66288394	-0.6435306	-0.23992264
0.2972571	-0.662743	-0.6444999	-0.23880944
0.29673612	-0.66262925	-0.645076	-0.23821667
0.29667038	-0.662655	-0.64510006	-0.23816179
0.2956817	-0.66249496	-0.64618933	-0.23688005
0.2951899	-0.66244745	-0.64674854	-0.23609883
0.29470557	-0.6623937	-0.6473264	-0.23526986
0.29422787	-0.66232497	-0.64792657	-0.23440737
0.29377344	-0.6622233	-0.648554	-0.23352806
0.2933638	-0.6621183	-0.64913994	-0.23271118
0.29333678	-0.6621343	-0.64914894	-0.23267458
0.29278818	-0.6620909	-0.6498367	-0.2315666
0.2921348	-0.6621566	-0.6504874	-0.23037381
0.29172188	-0.6622895	-0.65077955	-0.22968894
0.29126915	-0.6624924	-0.6510157	-0.22900817
0.29078892	-0.6627188	-0.6512098	-0.22841097
0.2901515	-0.66298527	-0.6514459	-0.22777379
0.2890032	-0.6632866	-0.6519903	-0.22679673
0.28841478	-0.6633974	-0.65232503	-0.2262586
0.28785422	-0.6634745	-0.65270436	-0.22565143
0.28738475	-0.66352695	-0.6530854	-0.22499202
0.2869589	-0.66359246	-0.653463	-0.22424506
0.28652534	-0.6637156	-0.65382105	-0.22338958
0.2861395	-0.66390646	-0.6540647	-0.22260255
0.28575653	-0.66417086	-0.6542186	-0.22185211
0.28533754	-0.66448885	-0.6543061	-0.22117998
0.28494525	-0.6647521	-0.65436757	-0.22071216
0.28442982	-0.66495454	-0.6545149	-0.22033009
0.28382	-0.6651506	-0.65468794	-0.22001056
0.2829899	-0.6654331	-0.6548321	-0.21979627
0.2820365	-0.6657644	-0.65496665	-0.21961787
0.28101373	-0.66618305	-0.6550358	-0.21945292
0.27998775	-0.6666571	-0.6550497	-0.21928333
0.27901158	-0.6671706	-0.6550129	-0.21907546
0.27819568	-0.66767603	-0.654928	-0.21882688
0.27747107	-0.66819453	-0.6547976	-0.21855438
0.2768359	-0.668687	-0.65464574	-0.21830837
0.27625105	-0.6691532	-0.6544862	-0.218099
0.27571204	-0.66956675	-0.65435165	-0.21791546
0.27511412	-0.6700018	-0.6542179	-0.21773557
0.27447405	-0.6704439	-0.6540897	-0.21756765
0.27377966	-0.67091894	-0.6539432	-0.21741879
0.27302805	-0.67143846	-0.653776	-0.2172628
0.27231383	-0.6719524	-0.653611	-0.2170663
0.2716497	-0.6724728	-0.6534239	-0.2168504
0.27103704	-0.673015	-0.653192	-0.21663353
0.27046227	-0.6735625	-0.65294415	-0.216397
0.2698531	-0.6741245	-0.6526976	-0.21615131
0.2698521	-0.674135	-0.65269667	-0.21612263
0.26851138	-0.6752361	-0.6522649	-0.2156583
0.26778916	-0.67579454	-0.6520577	-0.21543317
0.26703417	-0.6763753	-0.65183336	-0.21522671
0.26630446	-0.6770358	-0.6515143	-0.21501996
0.26557982	-0.67768985	-0.6511891	-0.21484087
0.26488125	-0.6783678	-0.65082294	-0.21467324
0.26482603	-0.6784008	-0.650839	-0.21458852
0.2640714	-0.679307	-0.65024334	-0.21445748
0.26298928	-0.6806007	-0.6493946	-0.21425694
0.2623473	-0.6812976	-0.64896023	-0.214145
0.2623	-0.68130624	-0.6489763	-0.21412687
0.26112235	-0.6824699	-0.6482915	-0.21393499
0.260541	-0.6829731	-0.64801335	-0.21388093
0.2599815	-0.68343544	-0.64776677	-0.21383141
0.2594214	-0.68388253	-0.6475407	-0.21376702
0.25885797	-0.68431985	-0.647328	-0.21369477
0.25814936	-0.68486774	-0.6470735	-0.2135673
0.25762334	-0.6852396	-0.6469291	-0.21344721
0.25696287	-0.68570554	-0.64675033	-0.21328865
0.25627705	-0.686182	-0.6465745	-0.21311463
0.2556731	-0.6866267	-0.6463874	-0.21297543
0.25512367	-0.687075	-0.64615154	-0.212904
0.25464138	-0.6875282	-0.6458706	-0.21287066
0.25425443	-0.6879962	-0.6455325	-0.21284659
0.25395444	-0.6884748	-0.6451514	-0.2128132
0.25370425	-0.6889494	-0.644767	-0.21274057
0.25337663	-0.6894751	-0.64438653	-0.21258055
0.25336024	-0.6894815	-0.6443915	-0.21256398
0.25268006	-0.6902264	-0.6440092	-0.21211463
0.25219595	-0.6906661	-0.6438266	-0.21181354
0.25164497	-0.69113237	-0.643638	-0.21152084
0.25115398	-0.691601	-0.6434005	-0.21129493
0.25081277	-0.6921538	-0.6429759	-0.21118276
0.25066048	-0.6927139	-0.6424974	-0.21098317
0.25060293	-0.69272447	-0.6425162	-0.21095957
0.25042927	-0.69345474	-0.64189464	-0.2106588
0.25021055	-0.69389635	-0.64158005	-0.21042281
0.24981867	-0.69440997	-0.6412315	-0.2102563
0.24936852	-0.6949496	-0.64086115	-0.2101365
0.2489194	-0.6955191	-0.6404425	-0.21006145
0.2485291	-0.6960661	-0.6400101	-0.21002968
0.24820262	-0.6966049	-0.63955253	-0.2100229
0.24792741	-0.69712996	-0.63908935	-0.21001586
0.24764368	-0.6976656	-0.6386162	-0.21001104
0.24730161	-0.6982137	-0.6381411	-0.21003692
0.24684422	-0.6988241	-0.6376277	-0.21010435
0.24631119	-0.6994529	-0.63710296	-0.21022941
0.24571246	-0.70015216	-0.6365026	-0.2104203
0.2452307	-0.7007518	-0.6359587	-0.21063122
0.2448419	-0.7013615	-0.63533235	-0.21094397
0.2445548	-0.7019718	-0.6346485	-0.21130508
0.24432763	-0.7025217	-0.6340174	-0.21163489
0.24407753	-0.7030379	-0.6334497	-0.21190885
0.24334417	-0.7039424	-0.6325819	-0.21234131
0.24265896	-0.70462507	-0.6319568	-0.21272227
0.2419561	-0.7052195	-0.6314465	-0.21306849
0.24194887	-0.70524555	-0.6314458	-0.21299233
0.24113692	-0.7059828	-0.6307877	-0.21342017
0.2402905	-0.7069361	-0.6298254	-0.2140604
0.24025717	-0.70697606	-0.6298322	-0.21394607
0.23977652	-0.7079993	-0.62860495	-0.21470952
0.23957723	-0.70848745	-0.62801194	-0.21505642
0.23916784	-0.7093386	-0.6269614	-0.21577045
0.23907933	-0.7093501	-0.62699044	-0.2157465
0.23880917	-0.7097711	-0.6264905	-0.21611318
0.23857747	-0.7101813	-0.6259896	-0.21647283
0.23842649	-0.7105473	-0.62552536	-0.21677946
0.23830186	-0.7108883	-0.6250761	-0.21709411
0.2381698	-0.71120924	-0.6246472	-0.21742234
0.23799214	-0.7115106	-0.6242504	-0.21777049
0.2377192	-0.71182394	-0.6238696	-0.21813518
0.236969	-0.7125973	-0.6229893	-0.21894099
0.23687246	-0.71260667	-0.6230214	-0.21892355
0.23634288	-0.71317255	-0.6224012	-0.21941681
0.23585899	-0.71381885	-0.621662	-0.21993084
0.23553897	-0.7143405	-0.62104946	-0.22031023
0.23525238	-0.71499974	-0.6202196	-0.22081551
0.23505409	-0.7156809	-0.6192971	-0.22140816
0.23492226	-0.71634334	-0.6183401	-0.22207978
0.23484805	-0.7169862	-0.6173428	-0.22285682
0.23482637	-0.7174949	-0.616485	-0.22361545
0.23475106	-0.71795	-0.6156958	-0.22440682
0.23451026	-0.71838194	-0.61499697	-0.22519125
0.23409946	-0.71881723	-0.6144015	-0.22585411
0.23343389	-0.7193065	-0.6138576	-0.22646317
0.2324641	-0.71996415	-0.6131792	-0.22720796
0.23245637	-0.71996546	-0.6131817	-0.22720475
0.23144798	-0.72073495	-0.61227673	-0.22823276
0.23118868	-0.7211132	-0.6116397	-0.2290078
0.2310472	-0.72150844	-0.61097133	-0.22968848
0.23106074	-0.721873	-0.61026734	-0.23039998
0.23104794	-0.72222537	-0.6096171	-0.23102906
0.23095946	-0.7225895	-0.60900605	-0.23158967
0.2307727	-0.7229676	-0.6084344	-0.23209776
0.23049285	-0.7233365	-0.6079158	-0.23258477
0.23015216	-0.72368634	-0.60742056	-0.23312742
0.22989461	-0.7239258	-0.6070488	-0.23360567
0.22971202	-0.7241332	-0.60665476	-0.23416579
0.22965252	-0.7243111	-0.6062357	-0.2347582
0.22970794	-0.72448885	-0.605777	-0.23533921
0.22981204	-0.72467905	-0.60533035	-0.23580065
0.22986321	-0.72496635	-0.60477984	-0.23627955
0.22988045	-0.72533125	-0.604171	-0.2367005
0.22987993	-0.72573596	-0.60354596	-0.23705438
0.22992335	-0.72609526	-0.60300356	-0.23729227
0.2300517	-0.7264255	-0.6024818	-0.23748253
0.23022503	-0.7265859	-0.6021786	-0.23759273
0.23048787	-0.7267113	-0.601875	-0.23772387
0.23077843	-0.7267855	-0.6016244	-0.23784935
0.23102668	-0.7268521	-0.6013981	-0.23797713
0.23114929	-0.7269582	-0.60117537	-0.23809662
0.2311483	-0.7271077	-0.6009375	-0.23824146
0.23106846	-0.72731024	-0.6006247	-0.23848948
0.23095354	-0.72758204	-0.6001787	-0.23889409
0.23082756	-0.7279081	-0.59962595	-0.23941034
0.23072205	-0.7283997	-0.5987936	-0.240099
0.23065189	-0.7288881	-0.5979446	-0.2407988
0.23056751	-0.72935313	-0.5971086	-0.24154502
0.23036243	-0.72994184	-0.596163	-0.24229704
0.23010612	-0.73052275	-0.59524137	-0.24305436
0.22985439	-0.73103815	-0.59441036	-0.24377562
0.22950462	-0.73158604	-0.5935226	-0.24462308
0.2291375	-0.7320858	-0.5926982	-0.24546939
0.22874121	-0.73258233	-0.5918698	-0.24635509
0.22832689	-0.73306406	-0.5910835	-0.24719255
0.22787948	-0.73356277	-0.59029144	-0.24801749
0.22737181	-0.7341176	-0.5894336	-0.24888043
0.22688627	-0.7346789	-0.58858687	-0.24967007
0.22645123	-0.7352331	-0.58771634	-0.25048277
0.22609879	-0.7357335	-0.5869077	-0.25122708
0.22581774	-0.73621947	-0.5860889	-0.25196636
0.22564754	-0.7367001	-0.58522516	-0.25272062
0.22561784	-0.73713887	-0.58436793	-0.25345042
0.22567397	-0.7375494	-0.58350575	-0.25419116
0.22571999	-0.73795736	-0.5826771	-0.25486636
0.22569728	-0.7383631	-0.58191365	-0.25545502
0.22558509	-0.7388406	-0.5810648	-0.25610477
0.22545095	-0.73922586	-0.5804031	-0.2566112
0.22528832	-0.7396332	-0.57970977	-0.25714692
0.22518139	-0.7399669	-0.5791049	-0.25764292
0.22516832	-0.74023885	-0.5785447	-0.2581314
0.22525056	-0.7404875	-0.57795966	-0.25865653
0.22536199	-0.7407396	-0.57734615	-0.25920713
0.22539145	-0.74098647	-0.57679135	-0.25971076
0.22529334	-0.74127454	-0.5762088	-0.26026618
0.2250682	-0.7416024	-0.57559437	-0.26088572
0.22463486	-0.7419903	-0.5749381	-0.2616024
0.22420421	-0.74238014	-0.57427317	-0.26232532
0.22380342	-0.74277896	-0.5735917	-0.26302874
0.22351044	-0.74314886	-0.57294774	-0.26363555
0.22329123	-0.7435196	-0.5723037	-0.26417437
0.22309677	-0.7439198	-0.5716033	-0.26472822
0.22293228	-0.74435633	-0.57085025	-0.26526383
0.22278735	-0.74482733	-0.570031	-0.2658248
0.22266306	-0.74532264	-0.56914	-0.2664487
0.22258565	-0.74581	-0.5681995	-0.26715633
0.22257566	-0.7462721	-0.5672444	-0.26790285
0.22261384	-0.7467105	-0.5663169	-0.26861084
0.22266392	-0.74711674	-0.5654605	-0.26924303
0.22269005	-0.74749845	-0.56468284	-0.2697936
0.22268265	-0.7478139	-0.56405336	-0.27024207
0.22263421	-0.74818206	-0.5633133	-0.27080563
0.22255203	-0.7485571	-0.5625332	-0.27145782
0.22233438	-0.7493088	-0.5608761	-0.2729869
0.22219698	-0.7497286	-0.55992836	-0.27389014
0.22204529	-0.7501651	-0.55896384	-0.27478662
0.22183262	-0.7506649	-0.55793506	-0.27568284
0.22156782	-0.75117844	-0.5569374	-0.27651322
0.22120522	-0.751691	-0.5560143	-0.2772672
0.22083373	-0.7522183	-0.5550632	-0.27803788
0.22046155	-0.7527565	-0.55407655	-0.27884316
0.22013088	-0.75328434	-0.55307233	-0.27967158
0.2198625	-0.75380915	-0.55203	-0.2805266
0.21966991	-0.75434715	-0.5509371	-0.28137878
0.21955468	-0.7548992	-0.54979503	-0.28222063
0.21950227	-0.7553606	-0.548806	-0.28295076
0.21952674	-0.7558065	-0.5477724	-0.28374276
0.21965718	-0.75617844	-0.5468071	-0.2845116
0.2199592	-0.75663954	-0.54549813	-0.28556326
0.21995609	-0.75663686	-0.54549944	-0.28557026
0.22050713	-0.7570955	-0.54406065	-0.28667244
0.22083552	-0.7574143	-0.5431523	-0.2872993
0.22112145	-0.7577672	-0.54223394	-0.28788298
0.22137153	-0.75819576	-0.5411967	-0.28851378
0.22149195	-0.7584892	-0.54050255	-0.28895062
0.22157553	-0.7588623	-0.5396353	-0.28952765
0.22161976	-0.75922555	-0.53877693	-0.2901389
0.22166929	-0.7596261	-0.5378133	-0.2908398
0.22172093	-0.7599982	-0.5369096	-0.29149726
0.22178528	-0.76034546	-0.5360665	-0.29209387
0.22190005	-0.7607007	-0.535185	-0.29269767
0.22207318	-0.7610315	-0.53431696	-0.29329172
0.22230329	-0.76133823	-0.53345174	-0.29389572
0.22260699	-0.761621	-0.5325765	-0.29451966
0.22296424	-0.7618677	-0.5317449	-0.29511383
0.22336215	-0.76208436	-0.53095204	-0.29568008
0.22380155	-0.7622765	-0.5301732	-0.29624942
0.22425638	-0.7624611	-0.5293951	-0.29682127
0.22462457	-0.7626528	-0.52865493	-0.29736963
0.22487758	-0.76286596	-0.5279418	-0.297898
0.22503221	-0.76309633	-0.52723724	-0.29843837
0.22508484	-0.7632857	-0.52661717	-0.29900876
0.22495975	-0.7635573	-0.52582216	-0.2998074
0.22495429	-0.76355267	-0.52582455	-0.29981908
0.22457127	-0.7639161	-0.52489036	-0.3008158
0.22403242	-0.7644231	-0.5236473	-0.3020934
0.22372499	-0.7647284	-0.52290785	-0.3028283
0.22337979	-0.7650956	-0.5220155	-0.30369386
0.2230574	-0.7654613	-0.52110916	-0.3045648
0.22277874	-0.7658145	-0.5202134	-0.30541077
0.2225343	-0.7661585	-0.51929647	-0.30628553
0.22242019	-0.76637733	-0.5186083	-0.3069859
0.22243324	-0.7665436	-0.51790315	-0.30775094
0.22256872	-0.76665545	-0.5172386	-0.30849117
0.22277538	-0.7667521	-0.5165676	-0.3092254
0.22300743	-0.76687044	-0.5158496	-0.30996233
0.22321866	-0.7670295	-0.51508796	-0.31068233
0.22340131	-0.76722306	-0.5142913	-0.31139225
0.22361767	-0.7675596	-0.5131177	-0.3123424
0.22362168	-0.7675527	-0.5131161	-0.3123587
0.22378513	-0.7680168	-0.51168334	-0.31344965
0.223887	-0.76830465	-0.5108084	-0.31409788
0.22403067	-0.76859766	-0.50987715	-0.31479087
0.22420318	-0.7689049	-0.5088793	-0.3155315
0.22438812	-0.7692628	-0.50773937	-0.31636277
0.22451536	-0.76961136	-0.5066739	-0.317132
0.2245878	-0.77001196	-0.50548327	-0.31800747
0.22459522	-0.7704032	-0.50430804	-0.31891882
0.22453563	-0.77076155	-0.50313944	-0.3199394
0.22444184	-0.77109087	-0.50208735	-0.32086304
0.2242846	-0.77145076	-0.50103295	-0.32175502
0.22415298	-0.7721229	-0.49895638	-0.3234566
0.22411211	-0.77241796	-0.49801382	-0.32423237
0.2240702	-0.77273065	-0.49698484	-0.32509392
0.22399409	-0.77306485	-0.49588633	-0.3260281
0.22386856	-0.7733859	-0.49483413	-0.32695022
0.22370498	-0.7736996	-0.49376324	-0.3279374
0.22353621	-0.7740042	-0.4926653	-0.32898304
0.22338991	-0.774283	-0.49159932	-0.33001974
0.22326234	-0.77456456	-0.49047002	-0.3311237
0.22314233	-0.7750695	-0.48824194	-0.33330855
0.22314353	-0.7750678	-0.48824146	-0.33331236
0.22312966	-0.77527475	-0.48723736	-0.3343084
0.22315808	-0.77543527	-0.4863384	-0.3352246
0.22324394	-0.7755421	-0.4855343	-0.33608517
0.22342223	-0.7756079	-0.48476455	-0.3369249
0.22367722	-0.7756552	-0.48397982	-0.3377738
0.22368403	-0.7756501	-0.48397687	-0.33778492
0.22398876	-0.7757506	-0.4830637	-0.33865872
0.22449608	-0.77590203	-0.48164648	-0.33999163
0.22482581	-0.775996	-0.48076826	-0.34080133
0.22576566	-0.77607626	-0.47894266	-0.34256318
0.22635853	-0.77606314	-0.4780222	-0.34348604
0.22694118	-0.7760492	-0.47711435	-0.34439433
0.22749001	-0.77603304	-0.47621047	-0.34531817
0.22793381	-0.77611023	-0.4750753	-0.34641388
0.22815734	-0.7761945	-0.47425804	-0.34719703
0.22815229	-0.77619064	-0.47426048	-0.34720573
0.22845155	-0.77637357	-0.4727266	-0.3486883
0.22863014	-0.7764482	-0.4719075	-0.3495137
0.22879682	-0.77651453	-0.47112423	-0.35031307
0.22893345	-0.7765946	-0.47032988	-0.35111272
0.22901127	-0.7766846	-0.46961573	-0.35181823
0.2290669	-0.7768001	-0.46883622	-0.3525659
0.22912551	-0.7769125	-0.4680582	-0.35331285
0.22923733	-0.7770143	-0.46719027	-0.35416427
0.2294125	-0.77706	-0.46640563	-0.35498405
0.22969796	-0.77705735	-0.46556118	-0.35591233
0.23006731	-0.77702373	-0.4647	-0.35687155
0.23047997	-0.77696264	-0.46387422	-0.35781127
0.23085448	-0.7769051	-0.4631246	-0.35866445
0.231168	-0.7768721	-0.46235323	-0.35952827
0.23142095	-0.77689064	-0.46136272	-0.36059633
0.23150007	-0.77695125	-0.46051913	-0.36149204
0.23149817	-0.7770317	-0.45962402	-0.36245838
0.23146324	-0.7771077	-0.45858765	-0.3636287
0.23143898	-0.77714074	-0.45760542	-0.36480904
0.23144837	-0.7771305	-0.45653373	-0.366165
0.23146927	-0.777091	-0.4555128	-0.36750463
0.23147343	-0.77702785	-0.4544816	-0.36890948
0.23145261	-0.77694184	-0.4535896	-0.3701997
0.23137975	-0.77683115	-0.45281908	-0.37141865
0.23123269	-0.7767109	-0.45211855	-0.37261328
0.2310387	-0.77658576	-0.45147523	-0.37377262
0.23082243	-0.77645487	-0.4508419	-0.37494075
0.23060618	-0.7762604	-0.44993857	-0.37655792
0.23065285	-0.77624536	-0.44991603	-0.3765876
0.23065223	-0.7760103	-0.4488183	-0.3783779
0.23074754	-0.77587074	-0.44814658	-0.37940085
0.2308881	-0.77574515	-0.44747654	-0.38036162
0.23104404	-0.7756403	-0.4468541	-0.38121167
0.23119731	-0.7755513	-0.44623095	-0.38202885
0.23133276	-0.77548224	-0.44555393	-0.38287628
0.23143075	-0.77543813	-0.44492048	-0.38364217
0.23150524	-0.77540976	-0.4441518	-0.3845441
0.23154123	-0.7754073	-0.44327894	-0.38553333
0.23153062	-0.7754413	-0.44220737	-0.38670024
0.23155779	-0.7754325	-0.44219384	-0.38671702
0.23135825	-0.77555794	-0.44053286	-0.3884767
0.23120032	-0.7756241	-0.4396183	-0.3894733
0.23098303	-0.7756778	-0.43860862	-0.39063206
0.23081627	-0.7757044	-0.43787128	-0.39150393
0.23058316	-0.77575076	-0.43691415	-0.39261714
0.23036121	-0.7758094	-0.43604165	-0.39360008
0.23014803	-0.77589005	-0.435048	-0.3946642
0.2300338	-0.7760284	-0.43356812	-0.39608464
0.23006733	-0.77602285	-0.433551	-0.39609507
0.22997278	-0.77623624	-0.4316451	-0.39780945
0.22995415	-0.77636045	-0.43047243	-0.39884713
0.22996478	-0.7764471	-0.42939195	-0.39983565
0.22999157	-0.776486	-0.42843893	-0.40076607
0.23000677	-0.7764477	-0.42760754	-0.4017184
0.2300643	-0.77637434	-0.42687517	-0.40260524
0.23020655	-0.77625823	-0.426174	-0.40348956
0.23033027	-0.7761392	-0.42550343	-0.40435472
0.23040526	-0.7760324	-0.42487904	-0.40517274
0.23040283	-0.77594364	-0.42424983	-0.40600267
0.23031335	-0.7758862	-0.42369407	-0.40674302
0.23017237	-0.7758463	-0.4231681	-0.40744594
0.2300312	-0.77581364	-0.42264366	-0.40813127
0.22991748	-0.7757687	-0.4220987	-0.40884423
0.2298097	-0.775723	-0.42152575	-0.40958193
0.2296909	-0.7756908	-0.42088953	-0.41036317
0.22955357	-0.7756886	-0.42014307	-0.41120824
0.2293817	-0.7757231	-0.41923618	-0.41216362
0.2293934	-0.7757168	-0.41923	-0.41217527
0.22925295	-0.77574736	-0.4184177	-0.41302022
0.2290664	-0.77579296	-0.41731387	-0.41415364
0.22877267	-0.77584445	-0.41600835	-0.41553047
0.22864762	-0.77586997	-0.41532797	-0.4162318
0.22854197	-0.77590835	-0.41457787	-0.41696504
0.22847307	-0.7759472	-0.4137755	-0.41772708
0.22841829	-0.7759778	-0.41295433	-0.41851196
0.22832166	-0.7760124	-0.4120423	-0.41939875
0.22819008	-0.77605313	-0.41107118	-0.42034692
0.22801751	-0.7761095	-0.40996748	-0.42141277
0.22756405	-0.77634984	-0.40738425	-0.42371407
0.22736217	-0.776552	-0.40585336	-0.42491937
0.22719269	-0.77672464	-0.40438038	-0.42609724
0.2270385	-0.7768631	-0.40297168	-0.42726004
0.22692718	-0.77697515	-0.401613	-0.42839316
0.2268026	-0.77708244	-0.40034348	-0.4294516
0.22664158	-0.77717227	-0.39911342	-0.43051767
0.22644606	-0.7772434	-0.3979739	-0.43154582
0.22622496	-0.7772801	-0.39697418	-0.43251547
0.22602302	-0.7772813	-0.39602226	-0.43349016
0.22580504	-0.77726823	-0.39507776	-0.4344879
0.22556552	-0.77724475	-0.39414355	-0.43550166
0.2252628	-0.7772032	-0.3932345	-0.43655303
0.22488746	-0.7772174	-0.39230442	-0.4375571
0.22447203	-0.7773355	-0.3910284	-0.43870088
0.22405344	-0.77746433	-0.38996026	-0.43963674
0.22361463	-0.7776368	-0.38871476	-0.44065663
0.22322114	-0.77779824	-0.38740528	-0.44172332
0.22287099	-0.77793646	-0.38596377	-0.44291678
0.22263955	-0.7779858	-0.38465163	-0.44408664
0.2223933	-0.77789176	-0.38326567	-0.44557077
0.22217669	-0.7776978	-0.38127047	-0.44772375
0.22211646	-0.7775344	-0.38020995	-0.44893777
0.22205132	-0.77737576	-0.3792367	-0.4500665
0.2219706	-0.77724016	-0.3784073	-0.4510374
0.22183242	-0.7771296	-0.37758422	-0.45198473
0.22165793	-0.7770652	-0.37687185	-0.45277503
0.22145504	-0.7770168	-0.37597817	-0.45369926
0.22153845	-0.77697164	-0.37592956	-0.4537762
0.2213514	-0.776862	-0.37497038	-0.45484743
0.22133318	-0.7767698	-0.3743997	-0.4554836
0.22127968	-0.7767468	-0.3737228	-0.4561043
0.22112946	-0.7768204	-0.37289268	-0.45673063
0.22084367	-0.7769869	-0.37189865	-0.4573959
0.22033338	-0.77727276	-0.37051854	-0.4582754
0.22034916	-0.77726597	-0.37050924	-0.45828685
0.21963805	-0.7776163	-0.36863244	-0.45954543
0.21881446	-0.7779822	-0.36633113	-0.4611567
0.21821466	-0.7782251	-0.36451134	-0.46247122
0.21823551	-0.77821237	-0.36449897	-0.46249256
0.21740538	-0.7786107	-0.36174846	-0.4643689
0.2168992	-0.77888685	-0.36019424	-0.46534953
0.21629564	-0.7792405	-0.35864687	-0.46623272
0.21557519	-0.7796754	-0.35708213	-0.46703953
0.2148013	-0.78013015	-0.35559624	-0.46776983
0.21389993	-0.78063256	-0.3540034	-0.4685523
0.21299025	-0.78111684	-0.35237855	-0.4693837
0.21224897	-0.781504	-0.35094285	-0.4701502
0.21153432	-0.78188646	-0.3494527	-0.47094554
0.21092038	-0.78222746	-0.34799695	-0.47173202
0.21045798	-0.78250784	-0.34664533	-0.47246808
0.2100972	-0.7827688	-0.34533307	-0.4731569
0.20980582	-0.78302956	-0.3441014	-0.47375137
0.20953308	-0.78330004	-0.342941	-0.4742663
0.20923814	-0.7835876	-0.34182295	-0.47472835
0.20887084	-0.78391474	-0.34068146	-0.47517034
0.20851871	-0.7842147	-0.33966535	-0.47555742
0.20801786	-0.78462726	-0.3381495	-0.47617605
0.20804621	-0.784599	-0.33813238	-0.47622243
0.2073389	-0.78514886	-0.33575106	-0.4773083
0.20688657	-0.785472	-0.33431166	-0.47798297
0.20634492	-0.78580344	-0.33290985	-0.47864982
0.20559087	-0.7862149	-0.3313531	-0.47937852
0.20486446	-0.78658396	-0.33007032	-0.4799687
0.20391987	-0.7870556	-0.32856673	-0.48062897
0.2029137	-0.7875605	-0.3270182	-0.48128322
0.20199291	-0.78802603	-0.32557166	-0.48188904
0.20201276	-0.78799015	-0.32555968	-0.48194745
0.20085147	-0.7885917	-0.32360616	-0.48276392
0.19957688	-0.7892975	-0.3212842	-0.4836888
0.19888024	-0.7896748	-0.3200189	-0.48419878
0.19819592	-0.7900596	-0.31880733	-0.48465052
0.1974982	-0.7904666	-0.31761435	-0.4850548
0.19675241	-0.7909327	-0.31635475	-0.48542124
0.19602351	-0.7914255	-0.31510156	-0.48572785
0.19525245	-0.7919707	-0.31377313	-0.48600966
0.19447823	-0.7925529	-0.31236804	-0.48627612
0.19373316	-0.79314214	-0.3109609	-0.48651448
0.19294642	-0.79377407	-0.30953655	-0.48670483
0.19213828	-0.7944144	-0.30820096	-0.48682728
0.19129907	-0.7950555	-0.3069278	-0.4869155
0.19037402	-0.795742	-0.30558524	-0.48700124
0.18940644	-0.79640436	-0.30429626	-0.4871028
0.18834661	-0.7970893	-0.30296558	-0.4872228
0.18722147	-0.79782075	-0.30148822	-0.48737574
0.18609884	-0.7985482	-0.30000657	-0.48752862
0.1849365	-0.79934114	-0.2983768	-0.4876717
0.18378648	-0.80010796	-0.29682776	-0.48779422
0.18261755	-0.80088294	-0.29536644	-0.4878484
0.18146443	-0.80162555	-0.294058	-0.48784935
0.180227	-0.80242294	-0.2927263	-0.4877981
0.17813802	-0.8037746	-0.29053965	-0.48764744
0.17702517	-0.8044812	-0.2893041	-0.48762223
0.17595439	-0.805176	-0.28802902	-0.48761767
0.17506371	-0.8057685	-0.28689167	-0.48763013
0.17413802	-0.80640495	-0.28565714	-0.48763424
0.17330457	-0.80698854	-0.2845258	-0.48762688
0.17255913	-0.8075134	-0.2835093	-0.48761445
0.17182885	-0.80802995	-0.2825332	-0.48758334
0.17104098	-0.80857295	-0.28154817	-0.48752993
0.1703392	-0.8090304	-0.28079426	-0.4874516
0.1695608	-0.80952847	-0.2800922	-0.4872997
0.16873452	-0.8100488	-0.27941906	-0.48710856
0.16791007	-0.81055385	-0.27875835	-0.48693168
0.1671111	-0.8110377	-0.27813804	-0.48675558
0.16639364	-0.8114714	-0.2776108	-0.48657945
0.16572298	-0.8118955	-0.27712178	-0.48637983
0.16521323	-0.8122438	-0.276739	-0.48618942
0.16481197	-0.8125439	-0.27643856	-0.48599496
0.1640003	-0.8132841	-0.27585813	-0.48536086
0.16398285	-0.8132625	-0.2758685	-0.48539704
0.16348493	-0.8136724	-0.27558187	-0.48504066
0.16279022	-0.81416667	-0.27525163	-0.48463234
0.161985	-0.8146735	-0.27490094	-0.4842494
0.16109262	-0.8151869	-0.27455893	-0.4838771
0.16030455	-0.8156427	-0.27431038	-0.48351127
0.15947042	-0.8161815	-0.27403903	-0.48303178
0.15946604	-0.81615525	-0.27404144	-0.4830759
0.15871121	-0.816855	-0.27356526	-0.48241135
0.15829945	-0.81714636	-0.27332488	-0.48218954
0.1578381	-0.8174736	-0.27315268	-0.4818834
0.15726426	-0.81789804	-0.2730194	-0.48142615
0.15684617	-0.8181683	-0.2729641	-0.48113465
0.15634109	-0.8185095	-0.2729358	-0.48073453
0.15584575	-0.81882083	-0.27291664	-0.48037612
0.15534395	-0.8191224	-0.27287096	-0.4800504
0.15484859	-0.81940824	-0.27278545	-0.47977102
0.1543344	-0.8197112	-0.27264628	-0.47949824
0.15378861	-0.8200552	-0.27245125	-0.479196
0.15314485	-0.82047546	-0.2721912	-0.47883064
0.15244703	-0.8209252	-0.27187034	-0.47846457
0.15165178	-0.8214271	-0.2714536	-0.47809216
0.15085196	-0.8219239	-0.2709985	-0.47774944
0.15013003	-0.82236016	-0.2705956	-0.4774547
0.14948227	-0.8227349	-0.27029517	-0.4771823
0.14882444	-0.82311714	-0.27008644	-0.47684675
0.1482058	-0.8234861	-0.26994663	-0.47648138
0.14769259	-0.8238134	-0.26982346	-0.4761447
0.14712937	-0.8242088	-0.26966605	-0.47572395
0.14658006	-0.8246394	-0.26945275	-0.47526795
0.1460239	-0.8251056	-0.26918402	-0.4747818
0.1454446	-0.8255657	-0.2689344	-0.4743011
0.14417247	-0.8265028	-0.26852742	-0.47328684
0.14422327	-0.826453	-0.26849756	-0.47337532
0.14290649	-0.82739705	-0.26803818	-0.47238478
0.14222167	-0.82789445	-0.26774958	-0.4718835
0.14158344	-0.8283773	-0.26743504	-0.47140604
0.14096317	-0.82883453	-0.26711616	-0.4709688
0.14096339	-0.82883257	-0.267116	-0.47097248
0.13919193	-0.83005565	-0.26641256	-0.46974203
0.13919511	-0.83005124	-0.2664107	-0.46975017
0.13795532	-0.83088547	-0.26594785	-0.46890244
0.13729909	-0.8313265	-0.26567706	-0.46846667
0.13662742	-0.8318023	-0.26534864	-0.4680043
0.13601713	-0.83226997	-0.26499733	-0.46754935
0.13546726	-0.83271855	-0.26465866	-0.46710208
0.1344538	-0.83358014	-0.26413614	-0.46615282
0.1339266	-0.83400506	-0.2639684	-0.46563926
0.13332193	-0.83447003	-0.2637863	-0.46508268
0.13267	-0.8349396	-0.26359314	-0.46453556
0.1319456	-0.8354891	-0.26337096	-0.46387938
0.131225	-0.8360359	-0.26315388	-0.46322122
0.13054688	-0.8365577	-0.2629524	-0.4625849
0.12994656	-0.83705497	-0.26277906	-0.46195245
0.129423	-0.8375229	-0.26263428	-0.46133313
0.12896085	-0.83796626	-0.2625348	-0.46071386
0.12855314	-0.8383712	-0.26247627	-0.460124
0.12800847	-0.8389124	-0.262429	-0.4593155
0.12747876	-0.8394363	-0.26241273	-0.45851448
0.12681235	-0.8400165	-0.26237634	-0.45765683
0.12611833	-0.8406024	-0.26237875	-0.45677024
0.1254692	-0.84113634	-0.26239815	-0.45595434
0.124845356	-0.84164125	-0.2624086	-0.45518714
0.124307305	-0.84209013	-0.26238492	-0.45451766
0.123844646	-0.84252465	-0.26230913	-0.45388162
0.12344895	-0.8429815	-0.2622004	-0.45320365
0.12313213	-0.8434313	-0.2620965	-0.45251247
0.122821674	-0.84393495	-0.26200318	-0.45171118
0.12249339	-0.8444572	-0.26196176	-0.4508475
0.122111976	-0.8450082	-0.26199487	-0.4498983
0.12164841	-0.845577	-0.26211008	-0.44888696
0.12058357	-0.8467009	-0.2624131	-0.44687432
0.1200326	-0.84722954	-0.26248923	-0.44597512
0.11956207	-0.8476878	-0.26244453	-0.44525647
0.11922017	-0.84814805	-0.26211444	-0.44466552
0.11881651	-0.8486215	-0.2617517	-0.44408366
0.118349954	-0.8491921	-0.26124638	-0.44341442
0.11786483	-0.84975904	-0.26074693	-0.4427511
0.11726736	-0.8503768	-0.2602427	-0.44201964
0.116561644	-0.8510364	-0.2597545	-0.44122335
0.11522745	-0.852242	-0.25889578	-0.43974903
0.114654236	-0.85277814	-0.25850487	-0.4390892
0.114188954	-0.8533032	-0.25816953	-0.43838686
0.113784604	-0.8537278	-0.2579393	-0.43780053
0.113349445	-0.85419834	-0.25780112	-0.43707648
0.11286611	-0.85471106	-0.25775346	-0.43622634
0.112276606	-0.8553047	-0.2576927	-0.43524963
0.111590326	-0.8558833	-0.25771037	-0.43427715
0.11083696	-0.856492	-0.2577431	-0.4332496
0.1101123	-0.85707575	-0.25778446	-0.43225425
0.10944173	-0.85761327	-0.25782382	-0.43133384
0.10887747	-0.8580934	-0.25786117	-0.43049872
0.10847536	-0.85849816	-0.2578908	-0.42977485
0.10822303	-0.8588621	-0.2579399	-0.4290812
0.1079613	-0.85923666	-0.25799337	-0.42836463
0.1078694	-0.85961586	-0.25817257	-0.4275182
0.10775615	-0.8600111	-0.25836864	-0.42663258
0.10755723	-0.8604799	-0.2585815	-0.42560712
0.107251465	-0.8609706	-0.25882363	-0.42454338
0.106819816	-0.8615052	-0.25912964	-0.42337927
0.10636451	-0.8619612	-0.2594424	-0.42237327
0.10587582	-0.8623997	-0.25976935	-0.421399
0.10534303	-0.86285037	-0.2601518	-0.42037272
0.10494737	-0.8632287	-0.2604986	-0.41947925
0.10459528	-0.8636572	-0.2608984	-0.41843557
0.104219	-0.8641234	-0.26126567	-0.4173363
0.10385225	-0.8645748	-0.2616223	-0.41626805
0.10384378	-0.8645726	-0.2616262	-0.41627195
0.103286415	-0.86516577	-0.26196623	-0.41496256
0.10252586	-0.8659344	-0.26250312	-0.41320503
0.10212805	-0.8663238	-0.2628775	-0.41224778
0.10176393	-0.86667544	-0.26334196	-0.41130143
0.101501174	-0.86698323	-0.26380453	-0.41042027
0.10129299	-0.86731344	-0.2642826	-0.4094654
0.10103178	-0.86768	-0.264713	-0.4084742
0.10066932	-0.8680815	-0.26506537	-0.40748084
0.10018981	-0.8685094	-0.2653327	-0.40651202
0.09961692	-0.8689392	-0.2655683	-0.40557927
0.09900678	-0.8693492	-0.26584786	-0.4046661
0.09845074	-0.8697089	-0.2661736	-0.40381372
0.09801663	-0.8700013	-0.2664888	-0.40308112
0.09771087	-0.8702421	-0.266783	-0.40244007
0.097534195	-0.87044835	-0.2670726	-0.40184468
0.09740953	-0.8706638	-0.2674153	-0.4011796
0.097293355	-0.8708821	-0.2677778	-0.40049168
0.09702973	-0.8712377	-0.2683397	-0.39940444
0.09703284	-0.8712373	-0.26833826	-0.3994056
0.09632087	-0.871818	-0.26910806	-0.3977898
0.09583609	-0.8721882	-0.2695576	-0.3967893
0.095357984	-0.87255037	-0.27000648	-0.395802
0.09492362	-0.8728875	-0.27042767	-0.39487445
0.094519794	-0.8732056	-0.27083135	-0.3939903
0.09415614	-0.8735069	-0.27119657	-0.39315748
0.093810864	-0.8737984	-0.27148992	-0.39238903
0.09341633	-0.87410784	-0.27173898	-0.39162078
0.09297107	-0.87442565	-0.2719715	-0.3908551
0.0925281	-0.8747451	-0.27219066	-0.39009216
0.09208626	-0.87508196	-0.27239954	-0.3892945
0.09168822	-0.8754194	-0.2726232	-0.3884724
0.09118901	-0.8760344	-0.2735728	-0.38653105
0.091101654	-0.8762953	-0.2742416	-0.38548493
0.09104499	-0.8765378	-0.27498198	-0.3844179
0.090985045	-0.87677777	-0.2757883	-0.383306
0.09089895	-0.87701136	-0.27656782	-0.3822288
0.09075779	-0.8772552	-0.27735665	-0.38112953
0.09059131	-0.8775312	-0.27820107	-0.3799167
0.090505406	-0.8777304	-0.27880237	-0.37903503
0.09046059	-0.87793696	-0.2793729	-0.3781458
0.09045499	-0.8781442	-0.2798149	-0.3773386
0.09048512	-0.8783617	-0.28016716	-0.3765628
0.09055759	-0.8785711	-0.28045508	-0.37584186
0.09066904	-0.87877166	-0.2807276	-0.3751423
0.09077642	-0.87896097	-0.28095487	-0.37450182
0.09083495	-0.87913424	-0.28116143	-0.37392557
0.090847604	-0.87931406	-0.2814016	-0.37331843
0.09079238	-0.87949884	-0.28169268	-0.3726765
0.09068634	-0.87966526	-0.28200293	-0.3720746
0.0905264	-0.87983006	-0.28237206	-0.37144336
0.090298675	-0.88000804	-0.28280666	-0.37074575
0.09004683	-0.88016814	-0.28331038	-0.37004182
0.08979329	-0.8803052	-0.2838533	-0.36936083
0.08948814	-0.8804682	-0.2845527	-0.36850724
0.08924713	-0.8805968	-0.2851034	-0.36783203
0.089000456	-0.88074434	-0.2856441	-0.36711833
0.088739425	-0.8809196	-0.28615555	-0.36636215
0.08852501	-0.88112634	-0.28660572	-0.3655637
0.08834975	-0.8813183	-0.28699183	-0.36484003
0.08816273	-0.8814909	-0.28730077	-0.36422458
0.088057704	-0.8816361	-0.287608	-0.36365548
0.08798185	-0.8817632	-0.28792575	-0.3631139
0.08792827	-0.8818815	-0.2882629	-0.36257166
0.08787741	-0.88199925	-0.2886379	-0.36199862
0.08776855	-0.8821431	-0.28906468	-0.3613335
0.087591805	-0.8822894	-0.28944844	-0.36071151
0.087271385	-0.88245463	-0.289946	-0.35998455
0.08686947	-0.8826516	-0.2904508	-0.359191
0.08647707	-0.8828244	-0.29094824	-0.35845777
0.08609667	-0.88298446	-0.29149887	-0.35770705
0.08580105	-0.8831245	-0.29207993	-0.35695755
0.08563687	-0.88323474	-0.29265997	-0.3562484
0.08557335	-0.8833257	-0.29324865	-0.3555535
0.0855802	-0.8834128	-0.29386094	-0.3548291
0.08558852	-0.8835076	-0.29447094	-0.35408455
0.08554209	-0.8836198	-0.29508227	-0.3533061
0.085508704	-0.8836313	-0.29509628	-0.35327345
0.08531448	-0.88387203	-0.2960859	-0.3518874
0.08523377	-0.8839841	-0.2965404	-0.3512422
0.08522628	-0.88408774	-0.29700667	-0.35058874
0.08531954	-0.88417685	-0.29745996	-0.34995636
0.08547075	-0.8842497	-0.29786685	-0.34938902
0.08564389	-0.88432294	-0.29829362	-0.3487967
0.08587767	-0.88440084	-0.29906455	-0.34788018
0.08584551	-0.8844007	-0.29907694	-0.3478777
0.08605016	-0.88448083	-0.2999374	-0.3468814
0.08613729	-0.8845144	-0.3005076	-0.3462799
0.086419456	-0.88458496	-0.30178556	-0.34491545
0.086521685	-0.8846209	-0.302513	-0.34415948
0.086610556	-0.8846608	-0.30324394	-0.34339073
0.08667926	-0.8847081	-0.3039714	-0.34260735
0.086729586	-0.8847577	-0.30468503	-0.3418316
0.08682806	-0.88482535	-0.30551904	-0.34088597
0.08678267	-0.8848347	-0.30553696	-0.34085706
0.08720066	-0.8849092	-0.30674055	-0.33947298
0.0876161	-0.884939	-0.3076749	-0.3384414
0.08749505	-0.88496107	-0.30772203	-0.33837226
0.08823975	-0.8849037	-0.30903086	-0.3371338
0.08865813	-0.8848496	-0.30988395	-0.336382
0.089665845	-0.8846533	-0.31166735	-0.33498088
0.090193555	-0.8845511	-0.3125125	-0.33432087
0.090727024	-0.88445926	-0.31334758	-0.33363712
0.09114215	-0.88439703	-0.31400743	-0.33306837
0.091581844	-0.88433355	-0.31474346	-0.33242077
0.09211804	-0.88421595	-0.31592587	-0.3314625
0.09207425	-0.88422275	-0.31594244	-0.33144075
0.09251474	-0.88409126	-0.31716236	-0.3305024
0.09278172	-0.8839827	-0.31803638	-0.32987747
0.0930269	-0.8838573	-0.31892443	-0.32928637
0.09324862	-0.88373643	-0.31980452	-0.3286939
0.0935392	-0.88359654	-0.3206424	-0.32817093
0.09392195	-0.88343954	-0.32144	-0.3277034
0.09432362	-0.8832878	-0.32219893	-0.32725188
0.09477354	-0.8831358	-0.32296556	-0.32677576
0.09528494	-0.8829705	-0.3237502	-0.32629713
0.0958159	-0.882812	-0.32454568	-0.3257798
0.09628141	-0.88267344	-0.32530397	-0.32526112
0.09672831	-0.8825403	-0.3260654	-0.32472715
0.09672553	-0.88254243	-0.32606652	-0.3247209
0.097371064	-0.882364	-0.32707345	-0.3239994
0.09841077	-0.8821084	-0.32823855	-0.32320204
0.09911957	-0.88193226	-0.32894188	-0.32275072
0.0998825	-0.88172406	-0.32966718	-0.32234415
0.10067938	-0.8814777	-0.3304566	-0.32196146
0.101589516	-0.881154	-0.33148274	-0.32150662
0.10237082	-0.8808332	-0.33257204	-0.32101238
0.10292768	-0.8805733	-0.33359367	-0.32048717
0.10347692	-0.8802895	-0.33485612	-0.31977227
0.10397243	-0.88001907	-0.33611575	-0.31903353
0.104479335	-0.8797483	-0.3373628	-0.31829768
0.10498966	-0.87947595	-0.3385437	-0.31762788
0.10558957	-0.8791701	-0.33978173	-0.31695288
0.106078595	-0.87890524	-0.34080297	-0.31642768
0.106588066	-0.87861043	-0.34185767	-0.31593707
0.10709747	-0.8782933	-0.3429331	-0.31548095
0.10758446	-0.8779798	-0.3439661	-0.31506264
0.10804251	-0.8776753	-0.3449892	-0.31463555
0.108460136	-0.87738895	-0.34595317	-0.31423157
0.10917783	-0.876941	-0.34714323	-0.3139209
0.10916991	-0.87695336	-0.34714657	-0.31388554
0.110129595	-0.8763907	-0.34850064	-0.31362116
0.11076452	-0.8760302	-0.3494412	-0.31335795
0.11152269	-0.875629	-0.35050085	-0.31302643
0.11226987	-0.87522316	-0.35157758	-0.3126869
0.11308795	-0.87476295	-0.35282138	-0.31227872
0.11373476	-0.8743746	-0.3539318	-0.3118746
0.11434747	-0.87396336	-0.35515353	-0.3114141
0.11486884	-0.8735629	-0.3563574	-0.31097046
0.11533142	-0.87316793	-0.35754317	-0.31054702
0.11574221	-0.87279207	-0.35867676	-0.31014335
0.116147794	-0.8724067	-0.35982606	-0.30974424
0.11671354	-0.87188697	-0.36129245	-0.30928755
0.11670598	-0.87189674	-0.36129543	-0.30925977
0.11758224	-0.8712352	-0.36285126	-0.30897045
0.11834248	-0.8707066	-0.36400697	-0.3088107
0.11833785	-0.870714	-0.3640088	-0.3087895
0.11922379	-0.87009907	-0.36541244	-0.30852437
0.11969423	-0.86976016	-0.36623234	-0.3083253
0.12012355	-0.8694396	-0.36702088	-0.30812496
0.12054483	-0.8691288	-0.36778152	-0.30793014
0.12103377	-0.8688	-0.36855948	-0.30773607
0.12164462	-0.8684389	-0.36937052	-0.3075419
0.123092055	-0.8676779	-0.37098876	-0.30716565
0.123927675	-0.8672338	-0.37192807	-0.30694774
0.12484067	-0.8667238	-0.373066	-0.30663753
0.12555206	-0.86631477	-0.37397322	-0.30639753
0.12627585	-0.8658638	-0.3750054	-0.30611336
0.12692723	-0.86541766	-0.3760642	-0.30580625
0.12752068	-0.8650087	-0.37703237	-0.30552438
0.12820393	-0.86455387	-0.37807748	-0.30523404
0.1290217	-0.8640181	-0.37927434	-0.30492145
0.1296413	-0.8636043	-0.38019264	-0.3046874
0.13031243	-0.8631222	-0.38127092	-0.30441967
0.13107581	-0.8625338	-0.3825978	-0.30409467
0.1310733	-0.8625403	-0.38259876	-0.30407614
0.13202235	-0.8617565	-0.38432214	-0.30371442
0.13259344	-0.861309	-0.38527074	-0.30353287
0.13325486	-0.86082774	-0.3862333	-0.30338514
0.13401356	-0.86033577	-0.3871463	-0.30328298
0.13491812	-0.8598215	-0.3880183	-0.30322593
0.13595964	-0.85928863	-0.38884896	-0.3032071
0.13708705	-0.85874957	-0.3896557	-0.3031908
0.13821733	-0.85821176	-0.39047912	-0.30314112
0.13971531	-0.85747004	-0.39166325	-0.30302584
0.13971853	-0.857474	-0.39166218	-0.30301487
0.14124116	-0.856593	-0.39325717	-0.3027345
0.1419945	-0.85609984	-0.394187	-0.3025679
0.14263326	-0.8556112	-0.39513955	-0.30240697
0.14309704	-0.85518515	-0.396017	-0.3022452
0.14351344	-0.85474753	-0.39688873	-0.30214205
0.1435117	-0.85475	-0.3968894	-0.30213553
0.14399995	-0.85414296	-0.39801368	-0.30214065
0.14471506	-0.8532601	-0.3996544	-0.3021277
0.14513767	-0.8527491	-0.40065187	-0.30204666
0.14561479	-0.8521922	-0.40173376	-0.3019515
0.14600678	-0.8517837	-0.40250197	-0.3018918
0.14648615	-0.8513551	-0.4032986	-0.30180556
0.14709352	-0.85092735	-0.40407208	-0.3016821
0.14779559	-0.8505153	-0.4047696	-0.30156538
0.14861158	-0.850103	-0.40541714	-0.30145714
0.14947577	-0.8496938	-0.4060362	-0.3013502
0.1503602	-0.8492769	-0.4066585	-0.3012466
0.15123618	-0.8488616	-0.4072734	-0.30114785
0.1521804	-0.8484073	-0.4079494	-0.30103752
0.15296862	-0.84801245	-0.4085608	-0.30092144
0.15377872	-0.8475732	-0.40926987	-0.30078232
0.15457727	-0.8471098	-0.41002133	-0.30065516
0.15622379	-0.8461398	-0.4115061	-0.30050674
0.15707073	-0.84565234	-0.41226754	-0.30039388
0.1579384	-0.84516543	-0.41303658	-0.300253
0.15886793	-0.84466	-0.41381937	-0.3001071
0.15980655	-0.84416	-0.4145863	-0.29995677
0.16073383	-0.8436584	-0.41535154	-0.29981393
0.1616809	-0.8431256	-0.41614535	-0.29970276
0.16248085	-0.8426425	-0.4168497	-0.29964995