0.3414565	0.39805585	-0.8268975	0.20297682
0.341429	0.398276	-0.8267894	0.20303135
0.3413876	0.39861995	-0.8266165	0.2031303
0.34137416	0.3990436	-0.8263576	0.2033741
0.34137547	0.39940375	-0.82610154	0.203705
0.34144992	0.39957565	-0.8259201	0.20397834
0.3414846	0.39965665	-0.825829	0.2041308
0.3415026	0.39968535	-0.82581615	0.20409599
0.34157547	0.39966345	-0.8258206	0.20399892
0.34165016	0.399587	-0.8258565	0.20387855
0.34172	0.3994452	-0.825936	0.20371702
0.34175837	0.39926496	-0.82606286	0.20349184
0.3417741	0.3991079	-0.8261852	0.20327671
0.34176558	0.39900523	-0.82626945	0.20315017
0.34176648	0.3989704	-0.8263004	0.20309116
0.34180647	0.39900485	-0.8262722	0.20307092
0.34187812	0.3990921	-0.82620037	0.20307109
0.34201005	0.39921227	-0.82608163	0.20309581
0.3421897	0.39933622	-0.8259363	0.20314053
0.3423773	0.39945754	-0.82578355	0.20320721
0.342531	0.39955014	-0.8256473	0.20331965
0.3426421	0.39959225	-0.8255415	0.20347881
0.34272245	0.39957213	-0.82547075	0.20367019
0.3427534	0.39950117	-0.8254479	0.20384984
0.34273335	0.39940876	-0.82547224	0.20396638
0.34269366	0.39931086	-0.8255234	0.20401792
0.34264544	0.39922363	-0.82558113	0.20403528
0.3425935	0.39916623	-0.82562214	0.20406953
0.3425677	0.39914298	-0.8256185	0.20417291
0.34257987	0.3991586	-0.8255585	0.20436414
0.34264475	0.3992123	-0.825446	0.20460488
0.3426794	0.39931276	-0.8253425	0.20476836
0.34270185	0.39943013	-0.82528275	0.20474258
0.342706	0.3995655	-0.8252498	0.20460454
0.34271204	0.39968088	-0.8252413	0.20440277
0.34277707	0.39981297	-0.8252804	0.2038766
0.34283763	0.3998203	-0.8252985	0.2036874
0.342896	0.39985037	-0.82529336	0.20355086
0.34295106	0.39994177	-0.8252488	0.2034595
0.34299183	0.40008116	-0.8251785	0.20340197
0.34301668	0.40021908	-0.8251052	0.20338556
0.3430544	0.40031102	-0.82503915	0.20340894
0.34308982	0.400346	-0.8249955	0.20345733
0.34310445	0.40035123	-0.8249742	0.20350906
0.34310025	0.40036654	-0.82495904	0.20354778
0.3430854	0.4004108	-0.8249368	0.20357522
0.34306487	0.4004752	-0.8249115	0.20358576
0.3430637	0.40053868	-0.8248832	0.20357744
0.34308475	0.40057552	-0.8248572	0.20357513
0.34308743	0.40058342	-0.82486165	0.20353693
0.3430505	0.40056524	-0.8249241	0.20338179
0.34301972	0.4005493	-0.82498175	0.20323128
0.34299943	0.4005401	-0.8250416	0.20304064
0.3429707	0.4005564	-0.82509965	0.20282103
0.34294423	0.4006794	-0.82510465	0.20260225
0.34290084	0.40079775	-0.82511806	0.20238659
0.34285367	0.40091658	-0.8251292	0.20218632
0.34279677	0.40094906	-0.82515645	0.20210648
0.3427583	0.4009883	-0.82517713	0.20200959
0.34280285	0.40067872	-0.82526255	0.20219907
0.34280938	0.40051627	-0.8252715	0.20247337
0.34279275	0.40043262	-0.82523954	0.2027972
0.34274393	0.40045425	-0.82517195	0.20311186
0.34268278	0.40052986	-0.82509774	0.20336728
0.3426255	0.40060803	-0.8250416	0.20353742
0.34257457	0.4006947	-0.8250034	0.20360728
0.34252146	0.40083596	-0.8249469	0.20364758
0.34248963	0.40101942	-0.8248969	0.20354214
0.34247416	0.4012438	-0.8248266	0.2034109
0.3424561	0.4015155	-0.8247356	0.20327435
0.3425065	0.40152985	-0.82471484	0.2032454
0.34242713	0.401867	-0.8246118	0.20313054
0.3422334	0.40224367	-0.8245037	0.20314991
0.34206477	0.4024537	-0.8244439	0.20326096
0.3416858	0.40286914	-0.8243376	0.2035062
0.3415268	0.40301883	-0.82429826	0.20363662
0.34142858	0.40315285	-0.8242395	0.2037735
0.34141073	0.40328526	-0.8241522	0.20389472
0.34154803	0.40351146	-0.8239508	0.20403066
0.34159756	0.4035279	-0.8239306	0.20399676
0.3417862	0.40393832	-0.8236159	0.2041393
0.3418551	0.4042571	-0.8234257	0.20416062
0.3418386	0.40462887	-0.82325506	0.20413955
0.34174305	0.40503135	-0.8231061	0.20410201
0.34158248	0.40545142	-0.82296383	0.20411107
0.34138682	0.40591735	-0.82278734	0.2042234
0.34119204	0.4063785	-0.82258403	0.20445064
0.34093514	0.40693465	-0.82229364	0.20494063
0.34067842	0.4074673	-0.8220017	0.20547968
0.34042084	0.40798238	-0.8217182	0.20601816
0.34013414	0.40845716	-0.8214798	0.20650086
0.33980757	0.40891498	-0.821268	0.20697409
0.33948812	0.40930662	-0.82110584	0.20736685
0.33915305	0.40969592	-0.8209413	0.20779748
0.33885926	0.41005805	-0.8207674	0.20824932
0.33861032	0.41042554	-0.8205683	0.2087145
0.33840382	0.4108379	-0.82032615	0.20918931
0.33823323	0.41129538	-0.82005125	0.20964316
0.33806038	0.4118207	-0.8197551	0.21004914
0.33790448	0.4123563	-0.8194724	0.21035177
0.33775753	0.41292545	-0.8191849	0.21059105
0.33759198	0.413524	-0.8188952	0.21080866
0.3374328	0.41411406	-0.8186002	0.21105091
0.3372663	0.41472027	-0.8182846	0.21135072
0.33708984	0.41531727	-0.8179656	0.21169387
0.33691898	0.41589108	-0.8176453	0.21207625
0.33693734	0.41588295	-0.81763667	0.21209696
0.33662578	0.41706082	-0.8169776	0.2128168
0.33643985	0.4177212	-0.8166228	0.2131772
0.33622915	0.41841963	-0.8162525	0.21355788
0.33602813	0.41907814	-0.8159048	0.21391162
0.33578762	0.41977274	-0.81555307	0.21426797
0.33556327	0.42048493	-0.81519186	0.2145975
0.33538187	0.42106882	-0.8148861	0.21489686
0.33520964	0.42162618	-0.81460404	0.215142
0.33506665	0.42218646	-0.814345	0.21524692
0.334974	0.4225531	-0.8141804	0.2152948
0.33486477	0.42293268	-0.81401265	0.21535322
0.3347501	0.42330453	-0.8138319	0.2154842
0.33461848	0.42364162	-0.81364995	0.21571288
0.33445925	0.423989	-0.81345385	0.21601674
0.3342915	0.42434558	-0.8132474	0.21635327
0.33410645	0.4247027	-0.81303996	0.21671778
0.3339285	0.42504996	-0.8128273	0.21710901
0.333749	0.42541516	-0.8125964	0.21753344
0.33355898	0.42584074	-0.8123338	0.21797246
0.33333883	0.4263479	-0.8120464	0.21838854
0.3330677	0.426974	-0.81172574	0.21877061
0.3326145	0.42799383	-0.8112628	0.21918413
0.33263397	0.4279946	-0.8112544	0.21918426
0.33216056	0.42903137	-0.8108072	0.21952912
0.33187026	0.429646	-0.8105464	0.21972941
0.3316134	0.43014726	-0.8103284	0.21994007
0.33138943	0.4305402	-0.81014055	0.22020084
0.33120415	0.43082863	-0.8099755	0.22052221
0.33105052	0.43107575	-0.80980176	0.22090825
0.33091012	0.43134755	-0.8096019	0.22132042
0.3307464	0.43181747	-0.809315	0.22169706
0.33058402	0.43225998	-0.8090494	0.22204643
0.33042356	0.43288735	-0.8086956	0.22235167
0.3302657	0.43356156	-0.8083159	0.22265303
0.33010995	0.43425298	-0.80791587	0.22298832
0.3298691	0.43504238	-0.80743974	0.22353001
0.3295884	0.43590295	-0.80689865	0.2242202
0.3292654	0.4368593	-0.80628014	0.22505672
0.3288879	0.43792674	-0.8055973	0.22597793
0.32854754	0.43884042	-0.8050319	0.22671409
0.3281353	0.43995586	-0.80436397	0.22751889
0.32773364	0.44106793	-0.8037033	0.22827813
0.32737648	0.44212198	-0.8030735	0.2289671
0.32704958	0.4431261	-0.8024798	0.2295739
0.32671764	0.4441004	-0.8019152	0.23013592
0.3263628	0.44504794	-0.8013861	0.23065116
0.32598332	0.44591752	-0.80093634	0.23107015
0.32559958	0.44669572	-0.80056393	0.2313987
0.32519203	0.44748458	-0.8001984	0.23171198
0.3249286	0.44804704	-0.7999211	0.23195203
0.32470533	0.44865787	-0.7995928	0.23221509
0.32452893	0.44922906	-0.7992878	0.23240806
0.3243529	0.4499802	-0.79888624	0.232581
0.32435587	0.4499801	-0.7988849	0.23258157
0.32417244	0.45123935	-0.79822814	0.2326526
0.3240887	0.45198193	-0.797869	0.23256
0.32401428	0.45263326	-0.7975533	0.23247905
0.32392788	0.4532793	-0.79725355	0.2323696
0.3238191	0.45379552	-0.7970152	0.23233095
0.32370973	0.454315	-0.7967738	0.232296
0.3236006	0.45477366	-0.79651886	0.23242506
0.32350802	0.45522588	-0.7962204	0.23269092
0.32343638	0.45563152	-0.79589754	0.23310067
0.32331777	0.4560446	-0.7955635	0.2335973
0.3231381	0.45650634	-0.795209	0.23415087
0.32272682	0.45755488	-0.7945317	0.23496892
0.32245466	0.4581652	-0.7942123	0.23523338
0.32209474	0.45905212	-0.7937672	0.23549888
0.3220844	0.4590412	-0.7937707	0.23552313
0.32172093	0.46025026	-0.79312706	0.23582833
0.3215298	0.46106556	-0.7926408	0.23613068
0.3213448	0.4619679	-0.7920646	0.23655185
0.3211662	0.46272114	-0.7915738	0.2369652
0.32098782	0.46346313	-0.7910726	0.23742972
0.32081172	0.4641049	-0.79064846	0.23782675
0.32064715	0.46459058	-0.7903481	0.23809902
0.3204811	0.46499735	-0.7901246	0.23826988
0.32035357	0.46531597	-0.78996557	0.2383469
0.3202916	0.46559998	-0.78980434	0.23840941
0.32029635	0.465871	-0.7896072	0.23852625
0.3203741	0.4663225	-0.78917736	0.2389621
0.3203676	0.46631634	-0.7891795	0.23897567
0.32044438	0.46694925	-0.78859144	0.23957726
0.32046828	0.4673868	-0.7882055	0.2399624
0.3204765	0.46783367	-0.7878226	0.24033771
0.3204548	0.46826753	-0.7874754	0.24065922
0.32038233	0.4687335	-0.78714734	0.2409215
0.32024524	0.4692352	-0.7868466	0.24110962
0.32002738	0.46978673	-0.786565	0.24124357
0.31980297	0.47026646	-0.78632504	0.2413891
0.31962758	0.47066247	-0.78610194	0.24157569
0.31952852	0.4709643	-0.78590226	0.24176832
0.3194808	0.47128946	-0.7856672	0.24196152
0.3194782	0.47160172	-0.7854319	0.24212055
0.31957477	0.47218838	-0.7849491	0.24241522
0.3195778	0.47247157	-0.784741	0.24253286
0.3195282	0.4727435	-0.78455526	0.24266946
0.31941614	0.4730464	-0.78435117	0.24288628
0.3192732	0.47326824	-0.78418565	0.24317604
0.31903514	0.47356552	-0.7839526	0.24366134
0.3187368	0.47391802	-0.7836903	0.2442092
0.31842864	0.4742945	-0.7834277	0.24472232
0.3180295	0.47482884	-0.7830833	0.24530666
0.31765634	0.4754041	-0.78270787	0.24587353
0.31729972	0.47604504	-0.78228545	0.24643734
0.3170097	0.47668785	-0.78185934	0.24691983
0.3167876	0.47725937	-0.7814774	0.2473102
0.31660408	0.4777555	-0.78114116	0.24764888
0.31645077	0.47816095	-0.7808616	0.24794401
0.3163014	0.47851378	-0.78061885	0.24821822
0.3161187	0.47886908	-0.7803966	0.24846469
0.31588635	0.47930202	-0.78015065	0.2486979
0.31564063	0.47972703	-0.7799237	0.24890184
0.31540895	0.48011822	-0.77971303	0.24910113
0.3152001	0.4804919	-0.77949554	0.24932562
0.3149584	0.480911	-0.77924705	0.24959953
0.31474483	0.48129308	-0.7790211	0.24983764
0.31452397	0.4816874	-0.7787731	0.25012898
0.31434107	0.48204526	-0.77852154	0.25045234
0.3141988	0.4823977	-0.77825505	0.2507805
0.31408396	0.48282248	-0.777934	0.25110254
0.3139526	0.48335433	-0.7775679	0.2513774
0.31380132	0.48394823	-0.77719855	0.25156587
0.3136033	0.48463342	-0.7768076	0.2517011
0.31339434	0.48528394	-0.7764595	0.25178203
0.31316414	0.4859217	-0.77613425	0.25184146
0.31287393	0.48665443	-0.7757746	0.2518952
0.31266665	0.4872014	-0.77550286	0.25193173
0.3124598	0.48780194	-0.77519244	0.25198185
0.31225267	0.48838124	-0.77489847	0.2520207
0.31206128	0.48895085	-0.77459925	0.25207302
0.31189376	0.48939943	-0.77435815	0.25215113
0.3116977	0.48985064	-0.7741074	0.2522871
0.31148988	0.49026418	-0.77386945	0.25247034
0.3112103	0.49072638	-0.7736163	0.25269264
0.31090182	0.49122682	-0.77334243	0.2529384
0.3105406	0.49181226	-0.773022	0.25322363
0.31014478	0.4924561	-0.77266896	0.25353524
0.3097579	0.4931185	-0.7722842	0.25389227
0.3093559	0.49378833	-0.77188575	0.25429222
0.30895582	0.49444178	-0.77149916	0.25468165
0.3085772	0.4950176	-0.7711726	0.25501135
0.3082098	0.49553826	-0.7708559	0.2554016
0.3078413	0.4959687	-0.7706158	0.25573486
0.30753177	0.49634615	-0.77036804	0.2561207
0.30724433	0.4966909	-0.7701363	0.25649405
0.30700442	0.4970296	-0.7698867	0.25687474
0.3067969	0.49741128	-0.7695776	0.25730953
0.3065917	0.4978649	-0.76920396	0.25779352
0.30639225	0.49838427	-0.7687752	0.2583053
0.30610782	0.4990926	-0.76822054	0.25892416
0.3058206	0.49975508	-0.76772857	0.25944462
0.30550498	0.50042707	-0.7672535	0.25992623
0.3051382	0.50119036	-0.7667279	0.26043653
0.30484208	0.5018595	-0.7662511	0.26089817
0.3045815	0.50253487	-0.76574165	0.26139745
0.30435818	0.5031645	-0.76524603	0.2618972
0.3041422	0.5037926	-0.76474017	0.26241764
0.30393407	0.504382	-0.76426333	0.2629152
0.30367607	0.50502944	-0.7637545	0.26344875
0.30331534	0.50584745	-0.7631222	0.26412633
0.30333415	0.5058274	-0.76311123	0.2641748
0.3027894	0.50692457	-0.7622498	0.26518163
0.3024898	0.50753176	-0.76172763	0.26586196
0.3022289	0.5081342	-0.7611733	0.26659438
0.30197823	0.5087464	-0.7605989	0.26734927
0.30173337	0.5093687	-0.76002216	0.26807997
0.30143258	0.510059	-0.7594625	0.26869148
0.3010471	0.51084095	-0.7588966	0.26923633
0.30060712	0.5116825	-0.7583561	0.26965287
0.3001211	0.51257074	-0.7578404	0.2699569
0.29970416	0.51340216	-0.7573855	0.27011654
0.29939687	0.5140382	-0.7570016	0.27032375
0.29922396	0.51459515	-0.7566322	0.27048975
0.29912037	0.5151143	-0.7562502	0.2706839
0.29898337	0.5156483	-0.7558434	0.2709552
0.2988511	0.5161432	-0.75546753	0.2712069
0.29870138	0.51663995	-0.7551033	0.27144033
0.29853797	0.5171258	-0.75476855	0.27162582
0.29850033	0.5171117	-0.75478333	0.27165276
0.2982324	0.51806194	-0.7541758	0.271824
0.29815	0.5184961	-0.75388557	0.27189168
0.29814196	0.5187941	-0.7536503	0.27198395
0.29814097	0.5191423	-0.7533582	0.27213013
0.2981438	0.51949906	-0.75305176	0.27229407
0.29810584	0.51990914	-0.75272876	0.27244645
0.2980301	0.5202749	-0.75245833	0.2725781
0.2979203	0.5206374	-0.7521973	0.27272582
0.29778725	0.52099425	-0.75193846	0.27290398
0.29764926	0.5212885	-0.75171727	0.27310145
0.29753542	0.52152944	-0.751494	0.27338022
0.29746965	0.5217811	-0.7512271	0.27370498
0.2974029	0.5221105	-0.750899	0.27404907
0.297254	0.52249664	-0.7505597	0.27440387
0.29705098	0.52294445	-0.7502151	0.27471286
0.29679504	0.5234197	-0.7498775	0.27500606
0.2965107	0.5238878	-0.7495405	0.27533996
0.29618582	0.52435917	-0.74917364	0.27579042
0.29585513	0.524872	-0.7487532	0.27631128
0.2958578	0.52485263	-0.74874926	0.27635586
0.29545236	0.52553636	-0.748156	0.27709582
0.29500115	0.5265006	-0.7472489	0.27819183
0.29474962	0.5270225	-0.74675745	0.27878895
0.29444495	0.5276487	-0.74621123	0.27938852
0.29410517	0.52840996	-0.745599	0.27994174
0.2937716	0.5292629	-0.7449546	0.28039595
0.2934305	0.53015614	-0.7443245	0.28073862
0.2930223	0.5311667	-0.74364644	0.2810516
0.29260233	0.53216934	-0.7429757	0.28136593
0.29214826	0.53321874	-0.74226356	0.28173056
0.29175866	0.53410494	-0.74164176	0.28209266
0.29134193	0.5349729	-0.7410251	0.28249925
0.29090592	0.5357777	-0.7404729	0.28287086
0.29059052	0.53640336	-0.73998886	0.28327575
0.29025424	0.53698826	-0.7395368	0.2836926
0.2899296	0.5374993	-0.73915356	0.28405526
0.28962705	0.53799945	-0.73878044	0.28438756
0.2893503	0.53846747	-0.7384322	0.28468776
0.28912607	0.53887606	-0.7381168	0.28496024
0.28893787	0.53924847	-0.7377957	0.2852782
0.28874993	0.5395869	-0.7374818	0.28563982
0.2885391	0.5399032	-0.73719174	0.2860038
0.28830725	0.54022884	-0.73691833	0.2863271
0.28808603	0.5405581	-0.7366558	0.28660378
0.2878645	0.5408969	-0.73640543	0.28683022
0.28763574	0.541287	-0.7361297	0.28703153
0.28742445	0.54169536	-0.73585236	0.2871839
0.2871696	0.5421869	-0.73556995	0.2872351
0.2869191	0.54263157	-0.73532265	0.28727868
0.2867159	0.5429774	-0.7351522	0.28726453
0.2865419	0.5432289	-0.7350347	0.28726304
0.28647944	0.5432001	-0.7350584	0.28731942
0.28627157	0.5435874	-0.7347993	0.2874567
0.28615803	0.5437655	-0.7346418	0.28763556
0.28603038	0.5439685	-0.73446965	0.28781796
0.28587824	0.54418916	-0.73428977	0.28801125
0.2856843	0.5444191	-0.73410344	0.28824392
0.28546417	0.5446643	-0.73390436	0.28850543
0.28527132	0.54494596	-0.7336557	0.28879693
0.28509727	0.54529953	-0.73333573	0.2891136
0.2849375	0.5457257	-0.73296994	0.28939462
0.28482413	0.5461828	-0.7326127	0.28954813
0.28470618	0.5466532	-0.7322555	0.28968
0.28460437	0.54709595	-0.73193246	0.28976074
0.28450984	0.5475107	-0.73162764	0.28984013
0.28439426	0.5478697	-0.73136014	0.28995034
0.28431097	0.5481277	-0.73112965	0.29012537
0.28425378	0.5482933	-0.73092943	0.29037306
0.28423217	0.5483755	-0.7307724	0.29063407
0.2842399	0.5484105	-0.7306221	0.29093814
0.2842737	0.5484179	-0.7304909	0.29122034
0.2843279	0.5484076	-0.730377	0.29147252
0.28438824	0.54840153	-0.7302625	0.29171202
0.2844294	0.548424	-0.73013896	0.29193857
0.28445235	0.5484698	-0.73001677	0.29213595
0.28443456	0.54850316	-0.7299379	0.2922875
0.28442898	0.5484968	-0.72988605	0.2924344
0.28440234	0.54848623	-0.7298172	0.29265183
0.2843863	0.5484492	-0.72974724	0.29291108
0.28437787	0.54837155	-0.72964853	0.29331043
0.28440687	0.5482524	-0.7295287	0.29380244
0.28444958	0.54814446	-0.7293566	0.29438943
0.28448015	0.54799914	-0.7289295	0.29568544
0.28443033	0.5479729	-0.7287203	0.29629704
0.2843673	0.54799956	-0.72852755	0.2967817
0.2842971	0.54809844	-0.72834504	0.2971143
0.2841976	0.54829615	-0.72816575	0.2972839
0.28410676	0.5485435	-0.72798103	0.29736677
0.28406796	0.5488244	-0.727766	0.29741204
0.28405684	0.54909855	-0.72753584	0.2974797
0.2841004	0.5493456	-0.7272719	0.2976273
0.28419864	0.54955786	-0.72697675	0.29786262
0.2843132	0.54974633	-0.72666997	0.2981541
0.28445485	0.54992497	-0.7263379	0.2984983
0.28462294	0.55007035	-0.72602665	0.2988273
0.28478926	0.55016756	-0.7257797	0.29908958
0.2849287	0.5502107	-0.72561526	0.29927647
0.2849669	0.550162	-0.72559536	0.29937792
0.28501564	0.5501069	-0.7255695	0.29949546
0.28502414	0.5500455	-0.72555655	0.2996314
0.28502795	0.55002517	-0.72549534	0.29981333
0.2850299	0.5500491	-0.72537947	0.30004776
0.28501812	0.550116	-0.7252135	0.3003373
0.28501078	0.55020666	-0.72497153	0.300762
0.28497872	0.55032116	-0.7247315	0.3011612
0.284899	0.5504574	-0.7245225	0.30149025
0.28476334	0.5506185	-0.7243294	0.3017881
0.28461924	0.5507599	-0.72418576	0.30201077
0.28447685	0.5508992	-0.7240344	0.3022536
0.28441006	0.5510096	-0.7238859	0.3024707
0.2844347	0.55113304	-0.7236767	0.3027233
0.284541	0.5512844	-0.723415	0.3029732
0.28469208	0.55143803	-0.7231419	0.3032035
0.28484756	0.55158514	-0.7228802	0.30341393
0.28499946	0.55171645	-0.72263294	0.30362144
0.28515717	0.5518157	-0.7224047	0.303836
0.2853219	0.5518866	-0.7221913	0.30405977
0.28554076	0.5519368	-0.7219429	0.30435294
0.28551868	0.5519442	-0.7219544	0.30433294
0.2858539	0.5518579	-0.72168124	0.3048222
0.28607157	0.55172783	-0.7215563	0.30514923
0.2863493	0.5514978	-0.7214667	0.305516
0.2867095	0.551185	-0.72138786	0.3059286
0.2871092	0.5508336	-0.7213194	0.30634812
0.28750184	0.55048364	-0.72125447	0.3067614
0.2879357	0.5501373	-0.72114927	0.30722255
0.2883479	0.54984283	-0.7210043	0.30770323
0.28871197	0.5496223	-0.7208025	0.30822814
0.28903311	0.5494711	-0.72056174	0.30875918
0.28936064	0.5493454	-0.7202969	0.30929348
0.28974354	0.5491729	-0.72007966	0.309747
0.29010323	0.5490339	-0.7198584	0.31017062
0.29059443	0.5488617	-0.7196761	0.31043875
0.29113537	0.5487018	-0.7194877	0.31065097
0.2916473	0.5485722	-0.71930486	0.31082293
0.2921862	0.54843503	-0.71911186	0.31100565
0.29263312	0.54829895	-0.71896696	0.31116033
0.2930767	0.5481141	-0.71885496	0.3113272
0.29350898	0.5478529	-0.71877986	0.31155312
0.29394448	0.5474937	-0.718747	0.3118496
0.29439256	0.54704237	-0.71876067	0.31218728
0.29486117	0.54657793	-0.71878433	0.3125038
0.2953502	0.5461007	-0.7188191	0.31279618
0.29581848	0.5456677	-0.71883994	0.3130612
0.29632065	0.54524785	-0.7188253	0.31335145
0.29674804	0.544937	-0.7187668	0.31362167
0.29720676	0.5446637	-0.71865684	0.31391388
0.29764265	0.5444546	-0.7185053	0.31421053
0.2980703	0.54428357	-0.7183116	0.31454405
0.29839566	0.5441839	-0.71813256	0.3148168
0.29870436	0.54409575	-0.717949	0.3150951
0.2989757	0.54399323	-0.71779823	0.31535798
0.2992423	0.5438493	-0.7176799	0.31562242
0.29952213	0.54364103	-0.71758056	0.31594163
0.2998451	0.5433657	-0.71748006	0.3163367
0.300221	0.543033	-0.7173668	0.3168083
0.3006307	0.5426486	-0.7172513	0.31733936
0.30106664	0.54226744	-0.71712446	0.31786394
0.301501	0.5418129	-0.7171029	0.31827566
0.30189216	0.541351	-0.71711415	0.3186653
0.30235076	0.54083407	-0.7171878	0.3189423
0.3028514	0.5403257	-0.71722764	0.3192393
0.30333883	0.5399136	-0.7171846	0.3195703
0.30382687	0.5395948	-0.71703154	0.31998825
0.30426687	0.5393751	-0.716813	0.32042986
0.30467546	0.5392011	-0.71657944	0.32085663
0.30509216	0.5390048	-0.7163699	0.32125822
0.3055365	0.5387481	-0.7162215	0.32159716
0.30552268	0.5387475	-0.71622837	0.3215963
0.30658135	0.5380061	-0.7161134	0.32208535
0.30724385	0.5375647	-0.71608275	0.3222591
0.30794373	0.53709894	-0.716075	0.32238498
0.3086765	0.53663397	-0.7160325	0.3225528
0.30939406	0.5362302	-0.7159329	0.3227578
0.3100586	0.535904	-0.7157842	0.32299158
0.3106895	0.5356111	-0.7156084	0.3232608
0.3112384	0.5353454	-0.7154367	0.3235529
0.3117619	0.5351087	-0.71523243	0.32389167
0.3127267	0.5348001	-0.7146858	0.32467693
0.3131679	0.5346688	-0.71437716	0.32514673
0.3136033	0.5344884	-0.71407956	0.32567704
0.31407166	0.5342291	-0.7137889	0.32628775
0.31457013	0.5338902	-0.7135106	0.32697043
0.3150562	0.5335718	-0.71323985	0.3276121
0.31606293	0.5329407	-0.71269894	0.3288447
0.3165397	0.5326558	-0.7124669	0.32935008
0.31709427	0.5322992	-0.7123126	0.3297267
0.31771994	0.53184867	-0.71221465	0.3300628
0.31840625	0.5313064	-0.7121801	0.33034918
0.31904632	0.53077525	-0.7122	0.3305426
0.31976235	0.5301552	-0.7122516	0.3307343
0.32048878	0.5295069	-0.7123073	0.33094984
0.3211586	0.52892286	-0.7123143	0.33121935
0.3218541	0.52835137	-0.7122465	0.33160198
0.3225037	0.5278435	-0.7121124	0.33206722
0.3231319	0.5273511	-0.71193844	0.3326113
0.32371172	0.5268521	-0.71177596	0.33318558
0.3242657	0.5263242	-0.7116415	0.3337679
0.3247891	0.5257933	-0.7115417	0.33430803
0.32531604	0.5252889	-0.7114522	0.33477896
0.32584006	0.5248946	-0.71133494	0.3351367
0.32642525	0.5245939	-0.711155	0.3354199
0.32696378	0.52441186	-0.7109415	0.33563256
0.32752097	0.52427864	-0.71066475	0.33588332
0.32809797	0.52416	-0.7103322	0.33620858
0.32866135	0.5240195	-0.709976	0.33662945
0.32921487	0.5238215	-0.7096185	0.33715022
0.32972914	0.5235686	-0.7093053	0.33769912
0.33018416	0.52328676	-0.70903796	0.33825245
0.33057037	0.5230185	-0.708815	0.33875686
0.33087924	0.52277714	-0.70864725	0.33917856
0.3312005	0.5225394	-0.7084847	0.3395708
0.33154222	0.5222446	-0.70835674	0.33995754
0.33194825	0.5219222	-0.708223	0.34033492
0.33241105	0.5215536	-0.7081076	0.34068808
0.3329669	0.52108425	-0.7080163	0.3410533
0.3334716	0.5206407	-0.70796853	0.34133655
0.3340167	0.5201724	-0.7079105	0.34163776
0.3345422	0.5197572	-0.70781463	0.34195387
0.33502254	0.5194417	-0.70766085	0.34228128
0.33548933	0.5192207	-0.7074257	0.34264514
0.33587378	0.5191075	-0.7071551	0.3429984
0.33623585	0.5190588	-0.7068237	0.34340033
0.33656842	0.51904166	-0.7064524	0.34386408
0.3368631	0.5190491	-0.70606416	0.34436148
0.33712932	0.5190712	-0.7056754	0.34486386
0.337374	0.5190982	-0.70528626	0.34537977
0.3375985	0.5190903	-0.7049077	0.34594446
0.33784872	0.51900285	-0.7045302	0.3466001
0.33811277	0.5188903	-0.7041891	0.34720346
0.3384078	0.5187093	-0.703848	0.3478778
0.33868584	0.5185579	-0.7035178	0.3485003
0.33897513	0.5184604	-0.70317096	0.34906352
0.3392705	0.5184003	-0.7028455	0.34952083
0.33963144	0.5183547	-0.70250964	0.34991303
0.3400426	0.5183047	-0.7021904	0.35022852
0.34046328	0.51823753	-0.70191014	0.35048082
0.34090543	0.5181339	-0.70167	0.35068503
0.34137392	0.5179922	-0.7014596	0.35085946
0.34183377	0.5178575	-0.7012752	0.35097936
0.34228078	0.5177345	-0.70110863	0.35105795
0.3427374	0.5175938	-0.70093113	0.3511742
0.3431623	0.5174382	-0.7007526	0.3513448
0.3435763	0.5172793	-0.7005541	0.3515701
0.34394705	0.5171301	-0.70035106	0.35183144
0.3442931	0.5169786	-0.7001606	0.35209456
0.3446394	0.5168239	-0.7000035	0.35229522
0.34495983	0.5166705	-0.6999036	0.3524051
0.34528515	0.51643646	-0.69987905	0.35247824
0.3456674	0.5161602	-0.69988966	0.35248736
0.34596303	0.51593065	-0.69990647	0.35249987
0.34632894	0.51566094	-0.69990957	0.352529
0.34671077	0.5153981	-0.69988114	0.3525946
0.34708422	0.5151529	-0.6998285	0.35268995
0.3474535	0.51491654	-0.6997592	0.3528091
0.34784317	0.51466584	-0.6996609	0.3529856
0.3481183	0.514511	-0.6995576	0.35314474
0.34839815	0.5143879	-0.69942474	0.3533114
0.34874743	0.51422673	-0.6993121	0.3534242
0.34873664	0.5142244	-0.69931805	0.35342672
0.3495017	0.51371247	-0.6992483	0.3535534
0.3498912	0.5133581	-0.69929546	0.3535896
0.350306	0.5129274	-0.69938135	0.3536338
0.3511708	0.5120678	-0.6995096	0.35376823
0.3515614	0.5116906	-0.6995186	0.35390824
0.3519582	0.51129484	-0.69949573	0.3541311
0.352323	0.51092386	-0.69948477	0.3543254
0.35288203	0.51025856	-0.6995914	0.35451707
0.3528102	0.51027066	-0.6996354	0.35448456
0.3535884	0.5093389	-0.6998965	0.35453343
0.35454857	0.50823134	-0.7001979	0.35456914
0.35522932	0.50754386	-0.70034474	0.35458243
0.35586643	0.50698066	-0.7004345	0.35457197
0.3564786	0.50648713	-0.7004832	0.35456616
0.35718966	0.50589097	-0.7005485	0.35457265
0.35771057	0.50540185	-0.7006324	0.35457933
0.3582383	0.50486964	-0.70075476	0.35456282
0.35901815	0.50409985	-0.70098686	0.35441065
0.35903347	0.5040388	-0.70096815	0.35451865
0.35993326	0.50309867	-0.7013136	0.35425842
0.3605477	0.5024004	-0.7015259	0.35420442
0.36120167	0.5016112	-0.7017285	0.35425526
0.3618256	0.50082105	-0.70187354	0.35444906
0.3624061	0.5000453	-0.7019831	0.3547341
0.36290285	0.49936947	-0.7020527	0.35504043
0.36333334	0.4987566	-0.7021435	0.35528207
0.36371616	0.49819934	-0.7022846	0.35539344
0.363816	0.49809942	-0.702209	0.35558045
0.36440635	0.49725392	-0.70270395	0.35518122
0.36475015	0.4967797	-0.7029416	0.35502163
0.36513382	0.49626932	-0.70313394	0.3549603
0.3656041	0.49568594	-0.70326424	0.35503328
0.36610603	0.49510294	-0.703297	0.35526454
0.36657548	0.49456972	-0.703276	0.35556456
0.36691508	0.49416196	-0.7032558	0.35582104
0.3671326	0.49387845	-0.7032851	0.3559323
0.36733285	0.4935727	-0.70348114	0.3557624
0.36753866	0.49321246	-0.7038064	0.35540596
0.36775362	0.4928375	-0.70414877	0.3550254
0.36800978	0.49239457	-0.70453024	0.35461766
0.3683529	0.49185783	-0.7049181	0.35423538
0.36873063	0.49130622	-0.70524067	0.35396555
0.36913964	0.49070516	-0.7055566	0.35374334
0.3695692	0.49006176	-0.7058914	0.3535189
0.3700281	0.48940313	-0.7062352	0.35326436
0.37052804	0.48869127	-0.7066252	0.35294572
0.37105563	0.4879381	-0.7070743	0.35253394
0.37162256	0.4871376	-0.707598	0.35199258
0.3721374	0.4864038	-0.70812124	0.35141075
0.37264898	0.48567915	-0.70867014	0.35076365
0.3731421	0.4849908	-0.70920897	0.3501023
0.37362128	0.48431402	-0.70975196	0.34942713
0.37404734	0.48367357	-0.7102642	0.34881702
0.37447992	0.48300514	-0.710759	0.34827092
0.37521136	0.48172587	-0.7116303	0.34747508
0.3755715	0.48109424	-0.7120075	0.34718832
0.37589416	0.48048386	-0.71239495	0.34688947
0.3762046	0.4798239	-0.7128443	0.34654328
0.3764521	0.47920293	-0.7132994	0.3461972
0.3767287	0.47848573	-0.7138421	0.3457692
0.3770259	0.47774026	-0.71441185	0.34529904
0.377388	0.47692725	-0.7150008	0.34480795
0.37778032	0.4760491	-0.71559525	0.3443585
0.37818387	0.47516602	-0.71616644	0.3439475
0.37866497	0.4742374	-0.7167147	0.34355772
0.37911046	0.4734265	-0.7171969	0.34317815
0.3795807	0.47261068	-0.7176957	0.3427399
0.38007352	0.47179672	-0.7182101	0.34223726
0.38056794	0.4709984	-0.7187521	0.34164917
0.38103625	0.47021636	-0.719344	0.3409578
0.38154227	0.46940565	-0.719946	0.3402374
0.38204372	0.46855462	-0.720575	0.3395158
0.38246888	0.46773282	-0.7212295	0.3387795
0.38294595	0.4667556	-0.7220241	0.3378949
0.38297284	0.46675694	-0.7220081	0.33789662
0.3835408	0.46550763	-0.72306657	0.3367105
0.38390893	0.464738	-0.7236992	0.3359942
0.38422966	0.46405867	-0.72424334	0.3353934
0.38455805	0.46329954	-0.7248351	0.33478755
0.38486388	0.46250775	-0.72541666	0.3342711
0.38514128	0.46169725	-0.7259836	0.3338408
0.3853417	0.46095386	-0.7265174	0.3334755
0.38547915	0.46026364	-0.7270407	0.33312926
0.38557115	0.45965847	-0.72751784	0.3328166
0.3856705	0.45908457	-0.72795856	0.33252957
0.38580927	0.45848948	-0.72839296	0.33223858
0.38597918	0.45798305	-0.7287603	0.33193383
0.38615093	0.45746323	-0.7291396	0.3316176
0.3863372	0.45699394	-0.7294871	0.3312836
0.3866665	0.45619237	-0.73017997	0.33047658
0.3866792	0.45619813	-0.73017323	0.33046865
0.38709497	0.45538545	-0.7309433	0.3293986
0.38739952	0.45483655	-0.73138446	0.32881927
0.38773894	0.45418903	-0.73184884	0.32828072
0.38809377	0.45347637	-0.73231655	0.32780334
0.3884356	0.45272955	-0.73279065	0.32737097
0.38876203	0.4519867	-0.7332584	0.32696205
0.38905817	0.45136452	-0.73364294	0.3266066
0.38935307	0.4507805	-0.73402625	0.3262003
0.38944653	0.45077568	-0.73396987	0.32622236
0.38985705	0.4499377	-0.7347434	0.32514566
0.39009687	0.4495765	-0.7351444	0.3244507
0.3903615	0.4491521	-0.7356115	0.3236604
0.39062092	0.44863313	-0.7361428	0.3228584
0.3908843	0.44796836	-0.7367458	0.3220861
0.39113596	0.44713852	-0.7374217	0.32138616
0.3913886	0.44619498	-0.73811805	0.32079095
0.3916802	0.44513202	-0.73882014	0.3202953
0.39199772	0.44405454	-0.7394745	0.31989217
0.39231825	0.44303128	-0.7400713	0.31953767
0.3926543	0.4420526	-0.7406253	0.31919652
0.39298502	0.44112456	-0.7411553	0.3188429
0.39330697	0.44025403	-0.7416734	0.31844398
0.39363414	0.43942606	-0.7421906	0.31797823
0.39391464	0.43878004	-0.742595	0.31757858
0.39391452	0.43878606	-0.742596	0.31756818
0.3942248	0.43817282	-0.74297273	0.31714815
0.39469606	0.43720442	-0.74358344	0.31646654
0.3948831	0.43682224	-0.7438275	0.3161872
0.3950678	0.43648598	-0.7440317	0.3159403
0.3952508	0.43616745	-0.7442216	0.3157039
0.3954226	0.43582505	-0.7444415	0.31544325
0.39558646	0.43544847	-0.7446978	0.3151527
0.395749	0.43506676	-0.744968	0.31483716
0.39594272	0.4346645	-0.7452527	0.314475
0.3962332	0.4341005	-0.74562985	0.31399393
0.3964644	0.43363807	-0.74590534	0.3136866
0.3968073	0.43291137	-0.7462922	0.31333643
0.39715338	0.43214056	-0.7466569	0.31309298
0.39753506	0.43128225	-0.7470279	0.31290722
0.39789316	0.4304568	-0.7473745	0.31276107
0.39823315	0.42969084	-0.7477025	0.3125976
0.39853078	0.42903742	-0.74801654	0.3123643
0.39878485	0.42847782	-0.7483372	0.31203982
0.39904606	0.4279014	-0.7487019	0.31162184
0.39929673	0.42730466	-0.7490992	0.3111643
0.39952984	0.42665198	-0.7495391	0.3107013
0.39978158	0.4259773	-0.7499593	0.31028882
0.4000548	0.42522678	-0.75038785	0.30992985
0.40036508	0.42448357	-0.75074416	0.3096849
0.4007127	0.42372295	-0.7510534	0.3095271
0.4011265	0.42292237	-0.7513286	0.30941817
0.4015814	0.4221389	-0.7515775	0.3092934
0.40191817	0.42151037	-0.7519203	0.3088802
0.40232983	0.42080745	-0.7523105	0.308352
0.40266332	0.42028	-0.75266534	0.30776927
0.4030186	0.4197276	-0.75302666	0.3071737
0.40346837	0.41897443	-0.753517	0.30640787
0.4039551	0.4181518	-0.7540135	0.30566838
0.40503863	0.4162551	-0.7549623	0.30447885
0.4055289	0.41532314	-0.7553987	0.30401593
0.40600863	0.41433346	-0.7558759	0.30353996
0.40637267	0.4135224	-0.7562757	0.3031626
0.4067054	0.41272494	-0.7566762	0.30280375
0.4067067	0.412722	-0.756675	0.302809
0.40728238	0.41114616	-0.7575149	0.30207822
0.40754563	0.4104053	-0.75791043	0.3017381
0.40784302	0.40960252	-0.758313	0.3014155
0.4081092	0.4089055	-0.7586317	0.30119953
0.40844214	0.4081204	-0.75894976	0.301012
0.40882406	0.40732262	-0.7592344	0.30085564
0.4092079	0.40657476	-0.759484	0.30071586
0.40960017	0.40584648	-0.7597182	0.30057386
0.40996736	0.40514573	-0.75995183	0.30042824
0.41032913	0.40441388	-0.7602193	0.30024347
0.41068375	0.40361223	-0.76055515	0.29998654
0.4109887	0.40281612	-0.76093286	0.29968098
0.41128534	0.40200394	-0.76133865	0.2993339
0.41161817	0.40113568	-0.76175547	0.2989804
0.4120193	0.40023184	-0.7621693	0.2985844
0.41247547	0.39933628	-0.76255864	0.29815927
0.4129829	0.39847407	-0.7629116	0.2977069
0.41353068	0.39759883	-0.7632371	0.29728228
0.41403648	0.39677098	-0.7635595	0.29685605
0.41452533	0.39592612	-0.7639067	0.29640836
0.4149209	0.39515725	-0.76426023	0.29596937
0.41533935	0.39438084	-0.76463246	0.2954561
0.41576925	0.39361778	-0.7650131	0.29488266
0.41617197	0.3929172	-0.76541024	0.29421797
0.41655	0.39224336	-0.76585037	0.29343575
0.4168887	0.3915934	-0.7663193	0.29259747
0.417218	0.390889	-0.7668299	0.29173094
0.41754282	0.39011976	-0.7673635	0.29089162
0.41784307	0.38933697	-0.76788193	0.29014042
0.41823655	0.38829365	-0.7685518	0.28919646
0.4182498	0.38829058	-0.76854336	0.2892034
0.41876185	0.38704577	-0.76934355	0.28800103
0.41907516	0.386367	-0.7697553	0.28735623
0.4193708	0.38574213	-0.77011746	0.28679296
0.41967422	0.38505045	-0.7705066	0.2862329
0.41995585	0.38432318	-0.77092224	0.28567737
0.42018613	0.38360924	-0.77136636	0.28509915
0.42041275	0.38296252	-0.7717816	0.2845101
0.42066222	0.38231608	-0.7722117	0.28384337
0.42098072	0.38165298	-0.77262527	0.28313702
0.42124254	0.3811162	-0.7729568	0.28256544
0.4215358	0.3805223	-0.77329904	0.28199103
0.4218152	0.3799136	-0.7736579	0.28140938
0.42205477	0.3793276	-0.7740374	0.2807963
0.4222782	0.37875724	-0.77440757	0.28020903
0.4225023	0.3781472	-0.7747818	0.2796598
0.42277348	0.37738633	-0.7752467	0.27898896
0.42298838	0.3767827	-0.7756144	0.2784565
0.4232306	0.37608612	-0.7760418	0.27783886
0.42347085	0.37535775	-0.7764978	0.27718267
0.42367688	0.37466577	-0.77694297	0.27655575
0.42387235	0.37395784	-0.77740365	0.27591908
0.4240589	0.3732568	-0.77786624	0.27527747
0.42441085	0.37198746	-0.7787506	0.2739498
0.42464826	0.37132192	-0.77917475	0.27327764
0.42489776	0.37059158	-0.77960956	0.27264038
0.42514643	0.36982855	-0.78004	0.27205694
0.425426	0.36905324	-0.7804376	0.27153227
0.42575952	0.36823517	-0.7808131	0.27103993
0.42607126	0.36752224	-0.78111506	0.27064764
0.42632297	0.3668993	-0.7813887	0.27030605
0.42657167	0.3661874	-0.7817458	0.26984614
0.42677438	0.3655248	-0.7821229	0.26933065
0.42699394	0.36484843	-0.7825273	0.26872447
0.42724055	0.3641973	-0.7829108	0.2680982
0.42755604	0.3635225	-0.78327996	0.26743189
0.42791265	0.36283892	-0.7836168	0.2668021
0.42828318	0.36218593	-0.7839043	0.26625016
0.42866844	0.3613763	-0.7842436	0.26573017
0.42902833	0.36062053	-0.784561	0.2652388
0.42929155	0.3597434	-0.785003	0.2646959
0.42954054	0.35885087	-0.78545636	0.26415798
0.4298267	0.3577446	-0.7860675	0.26337376
0.43011445	0.3565771	-0.7866893	0.26262957
0.4305034	0.35530216	-0.78732455	0.2618157
0.43088207	0.35402918	-0.78796417	0.2609911
0.43128723	0.352769	-0.7885706	0.26019576
0.43174762	0.35150346	-0.7891256	0.25946143
0.43225518	0.35011128	-0.7897238	0.25867754
0.4326768	0.3490954	-0.7901229	0.25812587
0.43315548	0.34796843	-0.7905657	0.2574884
0.43356368	0.34695038	-0.7910162	0.25679082
0.43396792	0.3459832	-0.791449	0.25607824
0.4343716	0.34497595	-0.7919014	0.2553531
0.43477577	0.34393728	-0.7923496	0.25467506
0.43519247	0.34287494	-0.79278487	0.2540403
0.43557963	0.3419512	-0.79314196	0.25350696
0.43599832	0.3410644	-0.7934587	0.25298992
0.4364637	0.34010556	-0.79380876	0.25237942
0.43674576	0.33950612	-0.79403806	0.25197718
0.4370478	0.3387924	-0.79431194	0.25154993
0.43734154	0.3379998	-0.79462945	0.25110292
0.43778774	0.33634883	-0.7954294	0.25000712
0.43799004	0.3355715	-0.79586476	0.24931061
0.43819508	0.33483726	-0.796308	0.24852122
0.43842885	0.33423045	-0.79667014	0.24776359
0.4386714	0.33358973	-0.7970521	0.24696845
0.43892926	0.3329814	-0.79735804	0.2463424
0.439184	0.33237866	-0.79764414	0.24577555
0.4394316	0.33178815	-0.79792523	0.24521783
0.43965173	0.3312143	-0.7982019	0.24469785
0.43982995	0.33067313	-0.79846925	0.2442377
0.4399988	0.33019304	-0.79869425	0.24384657
0.44020587	0.32969606	-0.798904	0.24345817
0.44022036	0.3297031	-0.7988962	0.24344756
0.44071558	0.32877615	-0.79921305	0.24276443
0.4409508	0.3284682	-0.7992889	0.24250427
0.44120133	0.32804406	-0.7994209	0.2421873
0.4413834	0.32767758	-0.79956824	0.24186514
0.4414992	0.32723054	-0.79981923	0.24142879
0.44156313	0.326769	-0.8001309	0.24090408
0.4416005	0.32629272	-0.80049366	0.24027507
0.44163376	0.32583895	-0.80087554	0.23955597
0.44166037	0.32539454	-0.80129087	0.23872024
0.4417096	0.32496074	-0.8017038	0.23783219
0.44182214	0.32449386	-0.8021102	0.23688859
0.44202086	0.32400873	-0.8024686	0.23596674
0.4422503	0.32354075	-0.8027822	0.23511058
0.4424677	0.32315975	-0.8030274	0.23438667
0.44263762	0.32286343	-0.80324024	0.23374414
0.4427657	0.3225833	-0.80346286	0.23312235
0.44284663	0.3222732	-0.8037106	0.2325425
0.44292462	0.32186776	-0.80399865	0.23195967
0.44302168	0.32133764	-0.8043388	0.23132887
0.44312632	0.3207163	-0.80471957	0.23066524
0.443253	0.3199739	-0.8051525	0.2299417
0.44339755	0.3191188	-0.80561864	0.22921723
0.44355705	0.31812185	-0.80613106	0.2284917
0.44371805	0.31717876	-0.8066225	0.22775456
0.44381103	0.3163512	-0.80709565	0.22704712
0.44376898	0.31572017	-0.8075419	0.22642024
0.44368827	0.31512403	-0.8080104	0.22573613
0.44363287	0.31453702	-0.80847055	0.22501473
0.44364467	0.31395394	-0.80889356	0.22428444
0.4437454	0.313296	-0.80932033	0.22346434
0.4438608	0.3128016	-0.80961233	0.22286926
0.44398913	0.31222776	-0.80993843	0.22223236
0.44408923	0.31159765	-0.8102941	0.22161955
0.44414976	0.31093332	-0.8106625	0.22108334
0.44414932	0.31017235	-0.8110975	0.22055677
0.44410548	0.30940682	-0.8115505	0.22005364
0.44410366	0.30940574	-0.81155145	0.22005534
0.4441192	0.3076815	-0.81250024	0.21893767
0.4442586	0.30669728	-0.8129537	0.21835135
0.44452333	0.30569506	-0.81331944	0.21785563
0.44488728	0.3047152	-0.8135941	0.2174592
0.4453011	0.3037633	-0.8138012	0.2171691
0.44530186	0.3037592	-0.8138004	0.21717642
0.44596103	0.30245876	-0.81398696	0.21693972
0.44639066	0.3015543	-0.81414175	0.21673405
0.4465787	0.30095813	-0.81432915	0.21647112
0.4466563	0.30041295	-0.81460255	0.21603963
0.44668648	0.29989678	-0.8149411	0.21541667
0.44671848	0.2993491	-0.81532186	0.21466951
0.446808	0.2987787	-0.81568694	0.21388988
0.44705153	0.29819778	-0.8159551	0.21316737
0.44733167	0.29763943	-0.81617355	0.21252246
0.44762927	0.2970571	-0.8163693	0.21195883
0.44790405	0.29644296	-0.81657046	0.21146218
0.44818655	0.29565984	-0.8168421	0.2109107
0.44843897	0.29474396	-0.8171971	0.21027945
0.44863507	0.29369813	-0.8176444	0.20958444
0.44881085	0.29254726	-0.81815475	0.20882505
0.4490107	0.29130572	-0.81868535	0.20804976
0.4492411	0.290029	-0.81920093	0.2073057
0.44951287	0.28876764	-0.8196763	0.20659737
0.44984096	0.28760388	-0.82007414	0.2059261
0.4502601	0.28652188	-0.8203891	0.20526287
0.45059848	0.2858807	-0.8205367	0.20482408
0.4510169	0.2852286	-0.82066435	0.20430014
0.4514612	0.28462794	-0.8207583	0.20377824
0.4519132	0.2839749	-0.8208752	0.20321608
0.45231554	0.2832425	-0.8210594	0.20259789
0.45264903	0.2824936	-0.8212969	0.20193517
0.4529302	0.28179353	-0.8215518	0.20124447
0.45319954	0.28110534	-0.82181734	0.20051508
0.4534868	0.28040743	-0.8220751	0.19978483
0.4537981	0.27974394	-0.82228535	0.1991414
0.45414674	0.27903128	-0.822486	0.1985171
0.45453253	0.27830583	-0.82265127	0.19796692
0.45488688	0.27764082	-0.82279634	0.19748369
0.45525643	0.27696836	-0.8229301	0.19701792
0.45562908	0.27630362	-0.8230556	0.1965653
0.45595878	0.2757738	-0.82315975	0.19610797
0.45624945	0.27535933	-0.82324153	0.19567089
0.4565537	0.27502796	-0.8232646	0.19533016
0.45678452	0.2747294	-0.82333887	0.19489743
0.4569744	0.27432132	-0.8235044	0.19432662
0.45713136	0.27379617	-0.82372844	0.1937474
0.4572899	0.2730141	-0.8240618	0.19305803
0.45747992	0.27207258	-0.8244298	0.1923648
0.4577092	0.27101997	-0.8248124	0.19166374
0.458019	0.26991346	-0.82516134	0.19098191
0.45837054	0.2689152	-0.8254273	0.19039683
0.45839694	0.26890308	-0.8254112	0.19042018
0.45949724	0.2666602	-0.8257589	0.18941213
0.45990542	0.26602343	-0.82574606	0.189373
0.46022165	0.26551887	-0.82572603	0.18939985
0.4605721	0.2649105	-0.8257256	0.1894019
0.46089038	0.26433998	-0.82575107	0.1893135
0.46125346	0.26354218	-0.82589334	0.18892086
0.46136498	0.26353705	-0.8258285	0.18893865
0.4617924	0.2625894	-0.8260754	0.18813308
0.4620443	0.26200774	-0.82626086	0.18751009
0.4621826	0.26144245	-0.82652944	0.18677267
0.46222356	0.26093313	-0.8268331	0.18603867
0.46228474	0.2609395	-0.8267984	0.18603228
0.46222857	0.26007256	-0.8273352	0.18499565
0.46223444	0.25908887	-0.8278789	0.18392657
0.46230793	0.25847667	-0.8281717	0.18328372
0.46245167	0.2577754	-0.82843906	0.1826994
0.462692	0.25697362	-0.8286586	0.1822241
0.46314612	0.25596833	-0.82882065	0.18174824
0.4636642	0.25478184	-0.8290183	0.1811924
0.46407875	0.25370765	-0.8292387	0.18062823
0.4644544	0.25251073	-0.8295627	0.17985082
0.46473852	0.25135845	-0.8299598	0.17889637
0.46480212	0.25032237	-0.83047336	0.17779723
0.46480054	0.2493223	-0.8310363	0.17657124
0.46479964	0.24835184	-0.83160096	0.17527829
0.46484885	0.24746113	-0.8321021	0.17402506
0.4649815	0.24662597	-0.8325242	0.17283371
0.46507517	0.24588647	-0.8329103	0.17177151
0.46535164	0.24512823	-0.8331618	0.17088397
0.46568847	0.2442935	-0.8333806	0.17009409
0.46606728	0.24328497	-0.8336176	0.16933836
0.4665366	0.2417518	-0.8340075	0.16831866
0.46654052	0.24174652	-0.83400494	0.1683282
0.46695012	0.23922393	-0.8348795	0.1664502
0.4670977	0.23773314	-0.8354728	0.1651908
0.46713516	0.23498821	-0.83678824	0.16232926
0.46714628	0.23372313	-0.83743167	0.16079833
0.46728253	0.23258732	-0.83794564	0.15936555
0.46752664	0.23064457	-0.8387687	0.15712744
0.46768472	0.22978692	-0.8390809	0.15624431
0.46785298	0.22891995	-0.83937144	0.15545034
0.46794915	0.22817437	-0.83964926	0.15475579
0.4680275	0.2274182	-0.8399423	0.15404034
0.46810082	0.22666849	-0.84023345	0.15333207
0.46819	0.22585817	-0.8405408	0.15256943
0.4682566	0.22509113	-0.84083664	0.15186715
0.46830404	0.22440712	-0.84110266	0.15125795
0.46837252	0.2237212	-0.84133345	0.1507779
0.4684412	0.22309516	-0.8415145	0.15048166
0.4685077	0.22245367	-0.84168494	0.15027115
0.46855944	0.22195001	-0.84181345	0.15013497
0.4686397	0.22143807	-0.8419307	0.14998244
0.46872273	0.22095317	-0.84204715	0.1497842
0.4687897	0.2203862	-0.8422088	0.14950047
0.46879712	0.21981089	-0.84241205	0.14917882
0.468787	0.21923172	-0.8426397	0.1487772
0.46873996	0.21864824	-0.8428984	0.14831752
0.46866333	0.21809417	-0.84317523	0.14780095
0.46857205	0.21755448	-0.84347093	0.14719762
0.46848714	0.21712825	-0.8437356	0.14657979
0.468431	0.21682107	-0.8439415	0.1460274
0.4684476	0.21657987	-0.8440738	0.14556575
0.46853083	0.21631606	-0.8441672	0.14514904
0.4686583	0.21608695	-0.84420466	0.14485966
0.46876565	0.21582438	-0.8442651	0.14455187
0.46865267	0.21527663	-0.84459895	0.14378262
0.46848938	0.21479027	-0.844943	0.14301817
0.4683166	0.21438052	-0.84525704	0.14234228
0.4681312	0.21387099	-0.84560466	0.14165151
0.4680604	0.21329801	-0.8458989	0.14099075
0.46804866	0.21273652	-0.8461453	0.14039944
0.4680938	0.21221939	-0.8463363	0.1398787
0.46817	0.21174806	-0.84648305	0.13944942
0.4682347	0.21127799	-0.84663284	0.13903508
0.46824726	0.21079974	-0.8468184	0.1385879
0.46821365	0.21033269	-0.84703225	0.13810302
0.46799356	0.20927079	-0.8476047	0.1369464
0.46789733	0.20863572	-0.8479174	0.13630675
0.4678108	0.20795023	-0.84823775	0.1356558
0.4677559	0.20729345	-0.84853256	0.13500446
0.4677123	0.20670941	-0.8488071	0.13432443
0.46765134	0.20622553	-0.8490677	0.13363141
0.4675774	0.20583108	-0.84930867	0.13296537
0.46751824	0.20549345	-0.8495251	0.13231212
0.46748883	0.20518368	-0.84971243	0.13169159
0.4674832	0.20486467	-0.84988993	0.13106126
0.46749687	0.20451945	-0.85006505	0.13041495
0.46751145	0.2040112	-0.850283	0.12973605
0.46754864	0.20327696	-0.8505647	0.1289048
0.46759078	0.20271744	-0.8507801	0.12820923
0.46761295	0.20193644	-0.85108906	0.12730788
0.46761197	0.20101847	-0.8514545	0.1263172
0.46755624	0.2000764	-0.85184985	0.1253498
0.46739832	0.19916368	-0.85229623	0.12435387
0.4670968	0.19842136	-0.8527701	0.12342131
0.46680048	0.19785862	-0.8531941	0.12251118
0.46665418	0.19730486	-0.85351735	0.12170875
0.4665942	0.1966864	-0.85379404	0.120997064
0.4665961	0.19668832	-0.8537929	0.12099354
0.46667084	0.195981	-0.85397136	0.12059307
0.46672046	0.19517858	-0.85418046	0.120221406
0.46675137	0.19519152	-0.8541638	0.12019873
0.46673194	0.19473545	-0.85430944	0.11997944
0.46659356	0.19409992	-0.8545817	0.11960747
0.46648154	0.1936462	-0.85479337	0.11926653
0.46636164	0.1930958	-0.85505116	0.1187783
0.4662339	0.19247717	-0.8553485	0.11814172
0.46611112	0.19181804	-0.85567117	0.11735867
0.46601197	0.19119735	-0.8559794	0.116514534
0.46590513	0.19067456	-0.8562732	0.115637876
0.46575797	0.19026604	-0.85656494	0.11473866
0.46559194	0.18992725	-0.85684985	0.1138433
0.46547318	0.18966109	-0.857071	0.113105364
0.46536732	0.18941149	-0.8572646	0.1124904
0.46529853	0.18918149	-0.85741913	0.11198282
0.46520382	0.18897654	-0.8575807	0.111483976
0.46505857	0.18882595	-0.85775775	0.11098162
0.46486884	0.18870358	-0.857959	0.11042823
0.4646432	0.188588	-0.85817593	0.109888315
0.46436185	0.1884432	-0.8584314	0.10932899
0.46401504	0.18822056	-0.8587396	0.10876331
0.46366033	0.18790656	-0.8590723	0.10818965
0.46365604	0.1879168	-0.8590748	0.10817068
0.46313962	0.18732086	-0.85957843	0.107413426
0.46289206	0.18705623	-0.8598233	0.106980465
0.46264714	0.18694142	-0.86003035	0.106575735
0.4624041	0.18704355	-0.8601714	0.106313445
0.46205428	0.18729468	-0.8603412	0.10601726
0.46179137	0.18749274	-0.8604674	0.10578812
0.46141392	0.18766983	-0.8606708	0.10546641
0.4609823	0.18774378	-0.86093867	0.10503486
0.46047196	0.18768854	-0.86129564	0.10444401
0.46006045	0.18757801	-0.8616084	0.10387478
0.45962045	0.18746126	-0.861946	0.103230976
0.4591595	0.18739238	-0.8622916	0.10251752
0.45869276	0.1874163	-0.86261773	0.101817384
0.45821807	0.1875387	-0.8629157	0.10120276
0.45767504	0.18773495	-0.86322826	0.10062912
0.45709032	0.18795396	-0.86355346	0.1000862
0.45652357	0.1881291	-0.8638769	0.09955059
0.4559904	0.18822297	-0.86420476	0.09896993
0.45555183	0.18822329	-0.8645015	0.098396085
0.45514947	0.18815903	-0.86479574	0.09779359
0.45475	0.18810116	-0.865082	0.09722842
0.45430404	0.18811034	-0.8653718	0.09671643
0.45379776	0.18825047	-0.8656561	0.09627573
0.4532428	0.1885203	-0.8659298	0.095899485
0.45250914	0.18899767	-0.86625546	0.09548283
0.45199186	0.18933289	-0.8664855	0.095180355
0.45133668	0.18971594	-0.86678755	0.09477551
0.45075876	0.19000913	-0.8670712	0.09434252
0.4502592	0.19019394	-0.86734754	0.09381501
0.44989812	0.19032262	-0.86755514	0.09336523
0.44967604	0.1904087	-0.8676908	0.09299888
0.4491531	0.19069442	-0.86795855	0.092439584
0.44877592	0.19090554	-0.86812973	0.092229255
0.44834524	0.19111422	-0.8683289	0.0920153
0.44789013	0.19128911	-0.86855346	0.09174877
0.44739962	0.19143893	-0.86880875	0.09141181
0.44691065	0.19157124	-0.8690731	0.09101289
0.44689986	0.19158134	-0.86907846	0.09099335
0.44632438	0.19174524	-0.8693934	0.09046316
0.4457105	0.19198377	-0.86971855	0.08985661
0.44538063	0.1921338	-0.869884	0.089569606
0.4450436	0.19227153	-0.87004995	0.08933662
0.44468665	0.19238728	-0.8702298	0.08911273
0.4442701	0.19248746	-0.8704507	0.08881641
0.44384888	0.19256239	-0.87068576	0.08845456
0.4433725	0.19260924	-0.8709648	0.087993555
0.44288367	0.19263706	-0.8712582	0.087489255
0.44242206	0.19267666	-0.8715324	0.087004565
0.44196543	0.19274601	-0.8717936	0.086553395
0.441518	0.19284225	-0.87203795	0.08616035
0.4405724	0.19325998	-0.8724879	0.08550742
0.44006664	0.19357292	-0.8727038	0.08520077
0.43947196	0.19392101	-0.87296313	0.08482049
0.43880242	0.19423139	-0.8732753	0.08436157
0.4380697	0.19450355	-0.8736323	0.083845094
0.43732047	0.1947799	-0.87400365	0.08324266
0.4366708	0.1950456	-0.8743182	0.08272596
0.43613225	0.19533403	-0.87455964	0.08233295
0.4355519	0.19575794	-0.8747901	0.08194938
0.43497357	0.19624266	-0.87500215	0.08159732
0.43440226	0.19672059	-0.8752122	0.081235975
0.43382463	0.1971661	-0.87543774	0.080811836
0.43317527	0.19758075	-0.87571657	0.08026036
0.43268868	0.19782814	-0.8759431	0.07980087
0.43212608	0.19807363	-0.87621814	0.07921977
0.43154195	0.19830282	-0.8765093	0.07860758
0.43097448	0.19852448	-0.87679183	0.0780082
0.43042743	0.1987555	-0.8770596	0.07742675
0.42991886	0.19898598	-0.8773031	0.076900356
0.42939138	0.19921267	-0.87755483	0.0763868
0.42882544	0.19942302	-0.8778273	0.075885
0.42822337	0.19962887	-0.878117	0.07538897
0.4275848	0.1998394	-0.87841994	0.07492595
0.42690814	0.2001157	-0.87872434	0.07447639
0.42621917	0.2004992	-0.8790085	0.0740384
0.42558542	0.20096923	-0.8792423	0.07363006
0.42445648	0.20207438	-0.8795974	0.072876826
0.42394802	0.2026192	-0.8797451	0.07254053
0.42340687	0.20311482	-0.8799177	0.07222187
0.4228957	0.20347516	-0.8800992	0.071990214
0.42239454	0.20371059	-0.88030154	0.071792655
0.42188218	0.20383072	-0.8805297	0.0716667
0.42143255	0.20396556	-0.8807245	0.07153352
0.42094198	0.20418604	-0.88091743	0.071417436
0.4204342	0.20448385	-0.881101	0.07129105
0.4199332	0.20487265	-0.8812622	0.07113633
0.419497	0.20531222	-0.88138205	0.070956685
0.41904098	0.2058396	-0.8814965	0.07070178
0.41857567	0.20636092	-0.8816214	0.07037933
0.41808286	0.20682967	-0.881776	0.06999598
0.41758537	0.20720352	-0.8819552	0.06960105
0.4170491	0.20749353	-0.8821711	0.06921504
0.41651145	0.20769258	-0.8824032	0.068896875
0.41592228	0.20790012	-0.88265425	0.06861285
0.41531518	0.20817089	-0.8828937	0.06838811
0.41466683	0.20855534	-0.8831206	0.0682224
0.4141111	0.20897183	-0.88329136	0.06811132
0.41358078	0.20945635	-0.8834305	0.068041466
0.4130973	0.20994505	-0.8835447	0.06799099
0.41266713	0.21036097	-0.88365096	0.06793502
0.41227257	0.21068214	-0.8837638	0.067866586
0.41186115	0.210959	-0.8838981	0.067756206
0.41186318	0.21096879	-0.88389647	0.067734696
0.41111642	0.21131992	-0.8841839	0.067424454
0.41059992	0.21160984	-0.8843713	0.06720609
0.41007227	0.21195611	-0.88454926	0.066993326
0.40951008	0.21238057	-0.8847246	0.06677029
0.40892828	0.21289486	-0.8848884	0.06652836
0.40835816	0.21346074	-0.8850347	0.06627145
0.40778396	0.21400174	-0.8851903	0.06598309
0.4072238	0.21444477	-0.88536507	0.0656582
0.40673465	0.21464807	-0.8855673	0.065296724
0.40626207	0.21478449	-0.8857774	0.064938754
0.40578166	0.2149208	-0.8859892	0.06460214
0.40529433	0.21508837	-0.88619363	0.06430028
0.40471244	0.21532342	-0.8864231	0.06401406
0.40406942	0.21561477	-0.88666546	0.06373848
0.40339407	0.21592323	-0.8869199	0.063431814
0.4026934	0.21619831	-0.8871986	0.063047
0.40200752	0.21641876	-0.88748837	0.06258728
0.40133113	0.21663094	-0.8877815	0.06203614
0.40044618	0.21692736	-0.88816774	0.061184738
0.40046334	0.21694504	-0.88815856	0.06114319
0.39912322	0.21732497	-0.88875985	0.059802525
0.39829552	0.2175589	-0.8891263	0.05902014
0.39735872	0.21780995	-0.88953835	0.0581932
0.39665094	0.21806298	-0.88983124	0.05759209
0.39597505	0.21842127	-0.89008355	0.056986265
0.39492425	0.21913421	-0.890441	0.055946443
0.39446247	0.21946941	-0.89059234	0.0554785
0.39400107	0.21982071	-0.89073974	0.05499757
0.3935054	0.22020042	-0.89089644	0.054489445
0.39295974	0.22059464	-0.8910729	0.05394158
0.39235345	0.22098203	-0.8912776	0.0533847
0.39172977	0.22135167	-0.89148736	0.052928872
0.39109513	0.22172189	-0.89170104	0.052472513
0.39038223	0.22213791	-0.8919242	0.052227464
0.38966802	0.22254571	-0.8921498	0.051971693
0.38896567	0.22299345	-0.8923532	0.051822674
0.38835326	0.22346032	-0.89250576	0.05177535
0.38777858	0.22388889	-0.89265186	0.05171273
0.38726988	0.22424446	-0.892789	0.051617082
0.38676143	0.22456715	-0.8929352	0.051497597
0.38627017	0.22487089	-0.89307886	0.051366888
0.38581288	0.22516592	-0.89320934	0.05124267
0.3853244	0.22548495	-0.8933449	0.051153015
0.3848104	0.22583255	-0.8934823	0.051087968
0.38420728	0.2262176	-0.8936496	0.050998688
0.3836809	0.22650361	-0.8938126	0.05083335
0.38246393	0.22682197	-0.8942871	0.050235607
0.3824603	0.22688136	-0.89428174	0.050093118
0.38105175	0.2269035	-0.894941	0.04894011
0.38036925	0.2268916	-0.895271	0.04826396
0.37972268	0.22691469	-0.8955721	0.047656022
0.37913695	0.22700322	-0.8958232	0.047176883
0.37866363	0.22716223	-0.89600015	0.04685205
0.3782445	0.22742064	-0.8961243	0.04660906
0.3778204	0.22769737	-0.8962431	0.046411596
0.37735727	0.22802357	-0.89636695	0.046185
0.37681094	0.22837092	-0.8965227	0.045906443
0.37617108	0.22878684	-0.8967053	0.045513786
0.375412	0.22916776	-0.8969498	0.045043934
0.37466878	0.22951682	-0.89719564	0.044557173
0.37383625	0.22988941	-0.8974724	0.044053406
0.37296373	0.23028637	-0.89775485	0.043618027
0.3721709	0.23070358	-0.89799184	0.043306224
0.37144175	0.23116243	-0.89818335	0.04314878
0.37077087	0.23162499	-0.89834684	0.04303369
0.3701131	0.23209825	-0.8985005	0.042937707
0.3694763	0.2325599	-0.8986477	0.042843804
0.36878225	0.23305671	-0.89881	0.0427198
0.3681039	0.23354588	-0.8989682	0.04256826
0.36745828	0.23401676	-0.8991176	0.04240672
0.3666811	0.23458071	-0.8992974	0.042203475
0.3660738	0.23500042	-0.8994434	0.04202816
0.36537552	0.23548943	-0.89961225	0.041754216
0.36470276	0.23598419	-0.8997686	0.041472413
0.3640242	0.2365048	-0.8999215	0.041148227
0.3633504	0.23698388	-0.9000838	0.040797465
0.36263773	0.23740323	-0.9002787	0.040398728
0.3619372	0.2377146	-0.90049756	0.039967988
0.36130404	0.23792276	-0.9007162	0.039529547
0.3606765	0.23805737	-0.9009529	0.03905233
0.3599464	0.23816374	-0.9012408	0.038491063
0.35942137	0.23823638	-0.9014462	0.038137015
0.35884473	0.23836681	-0.90165675	0.037776463
0.35789678	0.23871306	-0.90196425	0.037237074
0.3574081	0.23898652	-0.9020958	0.036989707
0.35682675	0.23940618	-0.9022264	0.036699396
0.3562642	0.23980764	-0.9023535	0.03641858
0.35558823	0.24022853	-0.90252197	0.036074504
0.3548973	0.24059589	-0.90271074	0.03570701
0.3542258	0.24090642	-0.9029088	0.035270385
0.35372427	0.24111125	-0.9030637	0.034936573
0.35321194	0.2413056	-0.9032246	0.034616902
0.3527282	0.2414651	-0.9033819	0.03433377
0.35229415	0.24157616	-0.9035301	0.034103032
0.35191396	0.24165298	-0.90366375	0.033947222
0.35155267	0.24172162	-0.90378946	0.03385242
0.35123917	0.24179134	-0.90389514	0.033788115
0.3509056	0.24188618	-0.9040029	0.033693727
0.35085064	0.2419037	-0.90402085	0.033655696
0.35040885	0.24201614	-0.90416944	0.033461493
0.3497891	0.24212481	-0.90439343	0.03310067
0.34941483	0.24218728	-0.90453064	0.032848503
0.34901494	0.24225432	-0.9046764	0.032590818
0.34860277	0.24233428	-0.9048229	0.032339625
0.34821233	0.24243556	-0.90495276	0.03215076
0.3478492	0.24257986	-0.90505767	0.032039158
0.34754902	0.24275702	-0.9051263	0.03201888
0.34726074	0.24296016	-0.9051804	0.032074433
0.34696904	0.24318948	-0.905227	0.032178532
0.3466498	0.24346323	-0.9052725	0.03227194
0.34629378	0.24378712	-0.90532005	0.03231151
0.3458783	0.2441802	-0.9053741	0.03227776
0.34529546	0.24462812	-0.9054793	0.03217951
0.34471878	0.24512742	-0.90557086	0.0319858
0.3440422	0.24567598	-0.90568936	0.03170441
0.34335297	0.2461842	-0.905822	0.031443782
0.34272286	0.24675967	-0.90590894	0.031300824
0.34271306	0.24675447	-0.90591353	0.031316947
0.3420775	0.24740523	-0.90597934	0.031226464
0.34149083	0.24805416	-0.9060238	0.031209975
0.34092438	0.24886551	-0.90600735	0.031420175
0.34061038	0.24932244	-0.90599257	0.031630587
0.340325	0.2497366	-0.90597713	0.03187498
0.3400325	0.25010216	-0.90597874	0.032082982
0.33968168	0.25047675	-0.9060025	0.032207675
0.3392261	0.25093254	-0.9060458	0.0322417
0.3388838	0.2512908	-0.9060772	0.032167904
0.3385276	0.25173235	-0.90609235	0.032040376
0.3382105	0.25220925	-0.9060846	0.03185847
0.3379116	0.25267848	-0.9060731	0.031639144
0.33758533	0.25310394	-0.9060839	0.03141208
0.33728594	0.25348037	-0.90609705	0.031210415
0.33696416	0.25388235	-0.9061111	0.031009996
0.33662346	0.2543001	-0.906127	0.030823708
0.33629328	0.254716	-0.9061388	0.030643612
0.33594206	0.2551513	-0.9061523	0.030477071
0.3355854	0.25551477	-0.9061858	0.030364048
0.335284	0.25577652	-0.90622425	0.030344617
0.33501735	0.25598124	-0.9062621	0.030430172
0.3347526	0.25618696	-0.90629554	0.030618422
0.3345866	0.25646004	-0.90626806	0.030954195
0.33442855	0.25685796	-0.9061991	0.031379983
0.33420634	0.25749484	-0.9060854	0.031811338
0.33394116	0.25814882	-0.90598047	0.032279864
0.33367583	0.25886706	-0.9058575	0.03271677
0.33346567	0.25946563	-0.9057536	0.032994594
0.33327255	0.259988	-0.90566814	0.033179693
0.33307198	0.2604656	-0.9056003	0.033299763
0.33285883	0.26091066	-0.90554756	0.033379022
0.33261415	0.26140103	-0.90549284	0.033468172
0.33232975	0.26196253	-0.9054305	0.033588372
0.33201787	0.26259986	-0.90535474	0.033737857
0.33169806	0.26335	-0.9052476	0.033910353
0.33139765	0.26411998	-0.9051265	0.03409201
0.33114102	0.26484922	-0.9049998	0.034291938
0.3309703	0.26538852	-0.9048978	0.034462556
0.33083916	0.26579177	-0.9048205	0.03464218
0.33075243	0.26606438	-0.90476435	0.03484277
0.33066064	0.26625904	-0.9047316	0.03507812
0.33052945	0.26645082	-0.9047127	0.035346363
0.33037752	0.2666769	-0.90469116	0.0356099
0.33018667	0.2670156	-0.90464896	0.0359137
0.32999068	0.26745042	-0.9045792	0.036235027
0.32981053	0.26792923	-0.90449035	0.036553863
0.32965982	0.26843932	-0.9043808	0.036881153
0.32951596	0.26908475	-0.9042249	0.037283022
0.32944846	0.26911157	-0.9042443	0.03721763
0.3293409	0.26978543	-0.9040661	0.037615374
0.32924533	0.2705187	-0.90386385	0.0380452
0.32909232	0.27107066	-0.9037428	0.03831346
0.3289901	0.27147174	-0.90365106	0.038517322
0.32886234	0.27202353	-0.9035231	0.03871634
0.32874453	0.27257985	-0.90339094	0.038885213
0.3286347	0.27311745	-0.903263	0.03901449
0.32853687	0.2735921	-0.90314996	0.039130595
0.32845366	0.27399895	-0.90305054	0.039275587
0.3283814	0.27434963	-0.9029597	0.03951886
0.3283173	0.2746325	-0.90288264	0.03984768
0.32823873	0.27494246	-0.90279734	0.040285386
0.32812354	0.2752936	-0.90271044	0.040771835
0.3279438	0.27569842	-0.9026291	0.041279554
0.32772085	0.27616	-0.9025443	0.041814726
0.3274475	0.27662408	-0.90247744	0.042330954
0.32719767	0.2770187	-0.9024253	0.042789992
0.32695746	0.27734452	-0.90239406	0.043172646
0.3267104	0.27762288	-0.9023858	0.043426253
0.3264406	0.27790847	-0.9023877	0.043590665
0.32617736	0.2782144	-0.90238225	0.043718677
0.3258985	0.27855563	-0.90236896	0.043901704
0.3256473	0.27890882	-0.902339	0.044137955
0.32542336	0.27925643	-0.9022982	0.044424575
0.32522145	0.27961347	-0.9022442	0.044752363
0.32503048	0.27998903	-0.9021798	0.045090005
0.32483533	0.28042856	-0.90209675	0.045423284
0.32462433	0.28095973	-0.9019921	0.045727186
0.32438862	0.28157067	-0.90187263	0.045996707
0.32412392	0.28224322	-0.90174496	0.04624441
0.32386106	0.28290215	-0.90162235	0.046451576
0.32358694	0.2836176	-0.901483	0.04670037
0.32335275	0.28431806	-0.90132797	0.047054615
0.32311738	0.28494743	-0.9011949	0.047413748
0.32288718	0.28556252	-0.9010598	0.047845915
0.32263666	0.28617078	-0.9009294	0.048354708
0.32237205	0.28677484	-0.90080494	0.04885679
0.3220981	0.28737926	-0.900685	0.04932164
0.32184297	0.2880043	-0.9005526	0.04975532
0.32134098	0.28953114	-0.9001903	0.050687276
0.32111698	0.29042023	-0.8999569	0.051162507
0.32089323	0.29138294	-0.8996961	0.051678155
0.32066825	0.2923609	-0.8994273	0.05222505
0.3204715	0.29333645	-0.89914715	0.052784868
0.32022902	0.2952727	-0.8985384	0.053816814
0.32006446	0.29627717	-0.8982424	0.054214194
0.31981805	0.29731488	-0.8979684	0.054526735
0.31952572	0.29835933	-0.89771163	0.054762874
0.3191785	0.29950324	-0.89744073	0.05498206
0.3188567	0.30048788	-0.8972128	0.05519617
0.31854555	0.3014609	-0.89697903	0.055486042
0.31824777	0.3024258	-0.8967362	0.055868328
0.31802192	0.3033165	-0.8964794	0.056443837
0.31779328	0.3042085	-0.89622146	0.057023637
0.31757274	0.30517197	-0.89592403	0.05777468
0.3173313	0.30619127	-0.8956042	0.058659017
0.31705898	0.30731905	-0.8952466	0.059684455
0.31675935	0.30854908	-0.8948515	0.060841534
0.31646398	0.30977562	-0.8944481	0.06206686
0.31616485	0.31102097	-0.894034	0.063317135
0.31585413	0.31221125	-0.893648	0.06444896
0.31562102	0.31329522	-0.89328724	0.06532637
0.31544828	0.31428435	-0.892948	0.066043325
0.31533775	0.31521165	-0.8926151	0.066649936
0.31525138	0.3160717	-0.89230484	0.06713764
0.31510764	0.31694186	-0.89201593	0.067547224
0.31492257	0.31787458	-0.89171994	0.067934185
0.31472448	0.31884852	-0.8914109	0.068342894
0.31454265	0.31984207	-0.891084	0.068799585
0.3143785	0.3208924	-0.8907232	0.06932761
0.3142385	0.3219919	-0.89032924	0.06992354
0.31410447	0.32313597	-0.88990873	0.070597984
0.31395763	0.3242177	-0.8895112	0.071296446
0.31378633	0.3251847	-0.8891625	0.071994185
0.31358826	0.3260105	-0.8888747	0.07267286
0.31339684	0.3266528	-0.88865405	0.07330982
0.31322965	0.3271255	-0.88848937	0.073911734
0.31296694	0.32785788	-0.8882188	0.07502149
0.31283936	0.32829705	-0.8880568	0.07554921
0.3126544	0.3289036	-0.8878489	0.076118425
0.31241864	0.32962278	-0.88761395	0.07671347
0.3121354	0.33044297	-0.8873517	0.077369384
0.31179413	0.33136943	-0.88706154	0.07810633
0.31146216	0.3323059	-0.88675964	0.07887678
0.31118	0.3331817	-0.8864591	0.07967
0.3109679	0.33394033	-0.8861796	0.08042792
0.31080067	0.3345901	-0.885932	0.081098735
0.31057754	0.3351871	-0.8857357	0.08163104
0.3103465	0.33579767	-0.88555175	0.08199414
0.31009224	0.33644962	-0.8853657	0.08229365
0.30985183	0.33708096	-0.88518786	0.082528494
0.30961502	0.33779514	-0.88497096	0.08282121
0.3093842	0.33856386	-0.8847228	0.08319636
0.30914387	0.33936778	-0.8844552	0.08365735
0.30890003	0.34021527	-0.88416064	0.084228784
0.3086613	0.34108564	-0.8838424	0.084920675
0.30841175	0.34196216	-0.8835127	0.085729204
0.30832016	0.342837	-0.8831219	0.0865864
0.3082482	0.34370118	-0.8827194	0.087515555
0.30811125	0.34451768	-0.88236344	0.088373445
0.3078979	0.34530026	-0.8820546	0.089142434
0.30757892	0.34616277	-0.8817515	0.089893445
0.30723065	0.34700963	-0.8814748	0.090531096
0.30690566	0.3477817	-0.8812338	0.09101564
0.30655333	0.34862694	-0.8809749	0.09147533
0.3062658	0.3494145	-0.8807197	0.091889665
0.30607432	0.35016415	-0.8804455	0.09230075
0.30599764	0.35082367	-0.8801658	0.09271696
0.30596262	0.35146958	-0.87987137	0.09317911
0.30591583	0.35210645	-0.87958354	0.09364589
0.30585337	0.35275766	-0.87929296	0.094125755
0.30572098	0.35343948	-0.87901735	0.09457178
0.30558446	0.3541457	-0.8787308	0.0950326
0.30543694	0.35480744	-0.87846756	0.0954713
0.3053166	0.35539922	-0.87822384	0.09589659
0.30531237	0.3559169	-0.87796247	0.09638202
0.30542347	0.35688767	-0.87743104	0.097275645
0.30547643	0.3573673	-0.8771758	0.09764978
0.30551222	0.3578816	-0.87691927	0.097957216
0.30550754	0.35850543	-0.8766386	0.09820304
0.30545616	0.35922405	-0.87634236	0.09838063
0.30537847	0.36005792	-0.87600744	0.098556794
0.30530074	0.36096433	-0.87563443	0.09879515
0.30520836	0.3618884	-0.8752485	0.09911995
0.30510435	0.3628144	-0.87485665	0.09951354
0.3049921	0.36370212	-0.87447995	0.09992771
0.30487123	0.3645291	-0.87413204	0.10032624
0.30474445	0.36529353	-0.87381196	0.100718886
0.3046329	0.3661558	-0.87343115	0.10122679
0.30458972	0.3661653	-0.8734451	0.10120195
0.30462864	0.36707565	-0.87295496	0.10201318
0.30463785	0.3675825	-0.8726852	0.1024679
0.3046209	0.3681138	-0.872407	0.102977976
0.3045696	0.36869082	-0.87211984	0.103496306
0.30447668	0.36938694	-0.87179524	0.10402078
0.3043327	0.37027946	-0.8714051	0.10453662
0.3041524	0.37131515	-0.87097156	0.10500022
0.30392998	0.37253264	-0.87048113	0.10539802
0.30367762	0.37382782	-0.8699647	0.105802774
0.30340734	0.37497303	-0.8695142	0.10622756
0.3030602	0.37620214	-0.86904246	0.106731795
0.3026702	0.37742785	-0.86858004	0.107273586
0.30215284	0.37876672	-0.86810106	0.107890114
0.3016723	0.3799839	-0.8676693	0.10842608
0.3012132	0.3812383	-0.8672047	0.10901438
0.30084828	0.38247007	-0.8667071	0.10966282
0.30058545	0.38358358	-0.8662181	0.11035618
0.30040485	0.3845907	-0.8657364	0.11111938
0.30025312	0.38543987	-0.86531115	0.11189665
0.30006963	0.38625845	-0.86489826	0.112755775
0.29983887	0.38707852	-0.86449295	0.11366116
0.29955065	0.38792795	-0.8640901	0.11458559
0.29923192	0.3888039	-0.86368334	0.11551186
0.29892492	0.3896921	-0.86326426	0.11644259
0.298645	0.39056453	-0.86284214	0.11736278
0.29838285	0.39149246	-0.8623789	0.11833914
0.2981101	0.39244795	-0.8619057	0.119304724
0.29782528	0.39350963	-0.8613886	0.120249346
0.2975306	0.39463514	-0.86084557	0.12117599
0.29725218	0.39570668	-0.8603353	0.12198624
0.2968568	0.39692074	-0.85980105	0.12276958
0.29637548	0.39812142	-0.8593162	0.12343657
0.29585305	0.39935195	-0.8588425	0.12401029
0.2952551	0.4006584	-0.85836065	0.12455727
0.29462174	0.40200433	-0.8578699	0.12509938
0.29403073	0.40333873	-0.85736257	0.12567113
0.2935309	0.40468118	-0.8568038	0.1263338
0.29317403	0.40596172	-0.8562056	0.12710671
0.29301727	0.40706557	-0.85558546	0.12810941
0.2928596	0.40814495	-0.8549788	0.12908292
0.29275098	0.40911803	-0.85437554	0.13023728
0.29259765	0.41009825	-0.85377085	0.13145873
0.2923994	0.411064	-0.85319805	0.13259819
0.2921503	0.41201308	-0.8526653	0.13362402
0.29184285	0.41296124	-0.85216427	0.13456193
0.29152536	0.4138346	-0.8517265	0.13533694
0.29119998	0.41470584	-0.8513104	0.1359873
0.29089975	0.4155933	-0.85089177	0.13653809
0.2905888	0.41655368	-0.85045165	0.13701558
0.29026788	0.4174931	-0.850041	0.1373839
0.2898729	0.41858712	-0.84958315	0.13772124
0.28946024	0.41980228	-0.8490695	0.1380579
0.28911126	0.42091584	-0.84858507	0.13837671
0.2887231	0.42215487	-0.84803885	0.13875994
0.28841242	0.42330462	-0.84750116	0.13918841
0.2881889	0.4244416	-0.84691346	0.13976438
0.28798875	0.42544815	-0.8463653	0.1404362
0.28775203	0.42646056	-0.84580266	0.14123765
0.2874731	0.42746904	-0.84523386	0.14215855
0.2871602	0.42842066	-0.8446923	0.14314264
0.28679684	0.42940727	-0.8441243	0.1442607
0.28641257	0.43034866	-0.8435878	0.14535333
0.2859719	0.43132648	-0.8430538	0.14641643
0.2854702	0.43239346	-0.8424908	0.14748575
0.28496945	0.43343925	-0.8419468	0.14848743
0.2844998	0.43444577	-0.8414257	0.14939725
0.28402737	0.4354991	-0.84088385	0.15027761
0.28362584	0.43647575	-0.8403745	0.15104985
0.2833002	0.43748763	-0.83981186	0.15186095
0.28295395	0.43848306	-0.8392691	0.15263376
0.28257108	0.43950245	-0.8387281	0.15338385
0.28212917	0.44059956	-0.83816665	0.15411638
0.28171793	0.44159687	-0.8376693	0.15471731
0.28134117	0.44259834	-0.83715844	0.15530518
0.2810444	0.443557	-0.8366344	0.15593004
0.28074333	0.44445488	-0.83614516	0.1565386
0.2805202	0.44526094	-0.8356813	0.15712346
0.280324	0.44609863	-0.8351768	0.1577787
0.28010732	0.44690895	-0.83469105	0.15844058
0.27988842	0.44771034	-0.8341982	0.15915832
0.27968854	0.44847283	-0.83370656	0.15993688
0.2795188	0.44916832	-0.8332294	0.16076632
0.27939507	0.44980988	-0.8327481	0.16167928
0.27926305	0.45044607	-0.83225745	0.16265923
0.27906656	0.4511086	-0.8317654	0.16367397
0.2787456	0.45179528	-0.831299	0.16469404
0.27833313	0.4525613	-0.8308015	0.16579412
0.27788806	0.45341003	-0.830248	0.16699074
0.27749357	0.454196	-0.8297199	0.16813156
0.277089	0.45505467	-0.829122	0.16942154
0.27669102	0.45601475	-0.8284449	0.17079768
0.27630442	0.45701697	-0.8277474	0.17212091
0.27600205	0.45780376	-0.82719654	0.17316033
0.27563718	0.4588649	-0.82649404	0.17428389
0.27526146	0.45992804	-0.8258248	0.17524451
0.2748854	0.46101677	-0.82515633	0.17612085
0.27455282	0.46207768	-0.82452023	0.1768378
0.27429488	0.46295494	-0.82399094	0.1774097
0.2740821	0.46380138	-0.8234618	0.1779833
0.27395105	0.4644754	-0.8230164	0.1784865
0.2738876	0.4650493	-0.82260853	0.17896925
0.2738686	0.46553123	-0.8222465	0.17940879
0.2738453	0.46596485	-0.8219211	0.17980918
0.2737845	0.46641135	-0.82159996	0.18021072
0.2736919	0.4668773	-0.82127213	0.18063892
0.27357402	0.46737558	-0.82092583	0.18110232
0.27343598	0.46791735	-0.8205518	0.18160656
0.27328175	0.46844792	-0.8201917	0.18209696
0.2731017	0.46906117	-0.8197752	0.18266344
0.27294642	0.46965393	-0.81936777	0.18319958
0.2727949	0.47027665	-0.81893903	0.18374375
0.2726393	0.47087386	-0.81853265	0.18425497
0.2724671	0.47136462	-0.8182145	0.18466786
0.2722304	0.4719022	-0.81787235	0.18515883
0.27186897	0.4725291	-0.8175292	0.18560617
0.27143872	0.47322235	-0.8171725	0.18603963
0.27090028	0.47406897	-0.81673086	0.1866078
0.2705227	0.47468287	-0.8163874	0.1870972
0.270208	0.47518831	-0.81606126	0.18769075
0.2698747	0.47572494	-0.81570184	0.18837251
0.2694144	0.4763846	-0.8152807	0.18918537
0.268985	0.47701636	-0.8148789	0.18993428
0.26906267	0.47696894	-0.81484765	0.19007736
0.26855046	0.47784138	-0.81431264	0.19090104
0.26796752	0.47895405	-0.81363934	0.19180062
0.26754817	0.47982484	-0.81308615	0.1925538
0.26713392	0.48068514	-0.81254023	0.1932865
0.26590493	0.48255447	-0.81151	0.19464643
0.26525226	0.4834726	-0.8110179	0.19530895
0.26452443	0.48446953	-0.8104933	0.19600159
0.26402864	0.4851389	-0.8101495	0.19643553
0.26347992	0.4857988	-0.8098374	0.19682814
0.26296026	0.48638627	-0.80956423	0.19719546
0.2625658	0.48688167	-0.8093021	0.19757457
0.26226485	0.48729593	-0.80905205	0.19797614
0.26197404	0.4876603	-0.80882245	0.1984022
0.2615831	0.4880962	-0.8085486	0.19896095
0.26126522	0.48843518	-0.80833167	0.19942825
0.2608669	0.48885426	-0.8080707	0.1999795
0.26042566	0.4893445	-0.8077778	0.20053779
0.25993463	0.48994902	-0.80743545	0.20107721
0.2594258	0.4906202	-0.807075	0.2015441
0.25886223	0.49140978	-0.8066582	0.20201361
0.25830194	0.49221754	-0.8062239	0.20249702
0.2577645	0.4929887	-0.805795	0.20301238
0.2572641	0.49368194	-0.80539346	0.20355536
0.2567753	0.49430573	-0.8050222	0.20412631
0.25629526	0.49486575	-0.8046898	0.20468247
0.25585893	0.49532363	-0.80441713	0.20519212
0.25542793	0.49567184	-0.80419165	0.20577128
0.25514022	0.4959728	-0.80389166	0.20657419
0.2549113	0.4962015	-0.80367893	0.20713417
0.25466046	0.49648046	-0.8034091	0.20781949
0.25439972	0.49678257	-0.80312365	0.20851928
0.2541616	0.4971426	-0.8027813	0.20926869
0.2539149	0.4975799	-0.8023983	0.20999645
0.25366277	0.49807563	-0.8020041	0.2106308
0.25334615	0.4986899	-0.8015636	0.21123455
0.25299776	0.4993906	-0.8010899	0.21179305
0.2524227	0.50046027	-0.8003895	0.2126004
0.2524268	0.50046235	-0.8003884	0.21259484
0.25160292	0.50180113	-0.7995584	0.21353744
0.25111395	0.50255775	-0.79909134	0.2140805
0.25065488	0.50329596	-0.79862547	0.21462221
0.25028014	0.50403297	-0.79814076	0.21513236
0.24996775	0.5048096	-0.79761666	0.21561798
0.24968734	0.5056306	-0.7970579	0.21608496
0.2494512	0.50647175	-0.79647976	0.21651936
0.24923955	0.5072818	-0.79592603	0.2169026
0.24899614	0.5081081	-0.79537034	0.21728578
0.24873023	0.5089299	-0.79482013	0.21768045
0.24848922	0.50960743	-0.79437053	0.21801114
0.24822596	0.5102544	-0.7939468	0.21834123
0.24793953	0.510864	-0.79354507	0.21870132
0.24761441	0.5114502	-0.7931578	0.21910396
0.24725442	0.5120207	-0.7927891	0.21951213
0.24685602	0.5126509	-0.79237294	0.2199914
0.24649619	0.51336133	-0.7918855	0.22049311
0.24612159	0.514156	-0.79134035	0.22101666
0.24575926	0.51502645	-0.7907481	0.22151193
0.24545334	0.5158974	-0.79014957	0.22195965
0.24525131	0.5166477	-0.7896133	0.22234663
0.24509999	0.5173572	-0.789082	0.22274914
0.24497381	0.5179709	-0.7886077	0.22314057
0.2448211	0.51851624	-0.78818256	0.22354376
0.244587	0.51904434	-0.7877775	0.22400181
0.2442446	0.51951957	-0.78739434	0.22462006
0.24380814	0.5200447	-0.7870022	0.22525233
0.24327111	0.5206408	-0.7865932	0.2258842
0.24265449	0.52132833	-0.7861348	0.22655602
0.24192783	0.52216274	-0.78562313	0.22718602
0.24120207	0.523075	-0.78506196	0.22779824
0.24052864	0.5240022	-0.7844899	0.22834896
0.23975992	0.5250291	-0.7838874	0.22886753
0.23906673	0.5258974	-0.78340334	0.22925623
0.23842366	0.52675486	-0.7828958	0.22969061
0.23786585	0.5275459	-0.7823981	0.23014873
0.23736668	0.5283029	-0.7818935	0.23064207
0.23688573	0.5290284	-0.78139156	0.23117374
0.2364023	0.52969503	-0.78092587	0.23171523
0.23591813	0.53030753	-0.78049845	0.23224737
0.23548666	0.5308503	-0.78011113	0.23274599
0.23512343	0.53133005	-0.77976114	0.23319104
0.23482138	0.5317473	-0.77945423	0.23356973
0.23456232	0.5321321	-0.7791785	0.23387367
0.23428589	0.53254926	-0.77889735	0.23413752
0.2340062	0.5329868	-0.7786015	0.23440512
0.23368977	0.5334927	-0.77826643	0.23468293
0.23321515	0.534085	-0.7779086	0.23499422
0.232654	0.534773	-0.7774919	0.23536427
0.23212698	0.5354439	-0.7770762	0.23573227
0.23164876	0.5361235	-0.77662444	0.23614572
0.23125896	0.5367569	-0.7761603	0.23661505
0.23079333	0.5377782	-0.7753161	0.23751627
0.23057258	0.53823495	-0.7749369	0.23793344
0.23029211	0.5387336	-0.77454555	0.2383503
0.2299443	0.5392999	-0.7741269	0.23876524
0.22954337	0.53995144	-0.77365965	0.23919229
0.22905566	0.54075724	-0.7730972	0.23965745
0.22867659	0.54141355	-0.77264637	0.23999171
0.22824663	0.5421603	-0.7721356	0.24035868
0.2278743	0.5428528	-0.7716433	0.24072991
0.22758192	0.5434801	-0.7711668	0.2411174
0.22735721	0.544066	-0.7706948	0.2415167
0.22720365	0.5446182	-0.77022344	0.24192007
0.22702733	0.545186	-0.7697438	0.2423335
0.22672832	0.54583985	-0.76924026	0.24273962
0.22634274	0.5465918	-0.7686931	0.24314047
0.22590242	0.5474091	-0.76811475	0.24353856
0.225369	0.54827404	-0.76753134	0.24392606
0.22482462	0.5490724	-0.7669904	0.24433376
0.22423378	0.5498167	-0.76647997	0.24480467
0.2232715	0.5509589	-0.76557744	0.24593776
0.22298846	0.55143535	-0.7651169	0.24655934
0.22274634	0.55198026	-0.7646058	0.24714321
0.22246258	0.5526351	-0.7640162	0.24775861
0.22212052	0.5533906	-0.7633773	0.24834771
0.22169502	0.5542381	-0.7627176	0.24886447
0.22120856	0.55509657	-0.76209855	0.24927981
0.22064717	0.5559824	-0.7614997	0.24963342
0.2201108	0.5568058	-0.7609454	0.24996173
0.21961083	0.5575839	-0.7604001	0.25032565
0.2191672	0.5582988	-0.7598762	0.25071156
0.21877962	0.55897546	-0.75934947	0.25113815
0.21845588	0.5595846	-0.7588326	0.25162518
0.2181951	0.5601369	-0.75830984	0.25219786
0.21799558	0.5606179	-0.7578058	0.25281587
0.2178386	0.5610487	-0.7573204	0.25344938
0.21769649	0.5614332	-0.75688225	0.25402805
0.21752138	0.56182486	-0.7564724	0.25453272
0.21735103	0.5622043	-0.75610554	0.25493
0.21719894	0.56260234	-0.75574833	0.25524038
0.21708867	0.5630209	-0.7553844	0.2554888
0.21702369	0.5634577	-0.75502473	0.25564387
0.21695162	0.5639747	-0.7546355	0.2557143
0.21685457	0.5645745	-0.75421476	0.2557147
0.21669893	0.5652348	-0.7537765	0.25568017
0.21647751	0.56593	-0.75332713	0.25565395
0.21616639	0.56652516	-0.7529513	0.2557064
0.21584031	0.5669255	-0.752693	0.25585502
0.2155913	0.56731355	-0.7523849	0.25611106
0.21541616	0.56753623	-0.7521345	0.25650015
0.21524285	0.5677856	-0.75183123	0.25698233
0.21510462	0.5680385	-0.7515064	0.25748885
0.2149689	0.56831723	-0.75116146	0.25799316
0.21489303	0.5682916	-0.7511833	0.25804925
0.2146597	0.5689878	-0.7503668	0.2590826
0.21445973	0.56939733	-0.7499154	0.25965485
0.21428312	0.56980443	-0.7494341	0.26029643
0.21415298	0.57008976	-0.7490614	0.26085114
0.21398984	0.5704433	-0.7486201	0.26147816
0.21342494	0.5715168	-0.74760246	0.26250497
0.21295074	0.5721733	-0.74705374	0.2630217
0.21244867	0.57286334	-0.74647844	0.26355872
0.21197225	0.5735374	-0.7458791	0.26417223
0.21152534	0.574161	-0.745281	0.2648632
0.21111588	0.5746818	-0.7447328	0.26560143
0.21078101	0.5751062	-0.7441866	0.266478
0.21055242	0.575338	-0.7437966	0.26724637
0.21040106	0.5754479	-0.74346966	0.26803735
0.21040948	0.5754197	-0.74322623	0.26876524
0.21046828	0.575347	-0.7430438	0.26937887
0.21053368	0.57530236	-0.7428906	0.26984513
0.21057205	0.5752731	-0.742768	0.270215
0.21057831	0.5753083	-0.7426581	0.27043682
0.21056733	0.5754527	-0.74247366	0.27064475
0.21055298	0.575586	-0.74229634	0.2708586
0.21059057	0.57574683	-0.74206257	0.271128
0.21062383	0.57594097	-0.74173576	0.27158362
0.21068011	0.5760987	-0.7414068	0.27210346
0.21075529	0.5761906	-0.74107647	0.2727496
0.2108261	0.57621986	-0.7408023	0.27337715
0.21095327	0.5761848	-0.7405757	0.27396622
0.21119861	0.57603365	-0.74041617	0.27452564
0.21155167	0.575795	-0.74031323	0.27503166
0.21193336	0.5755665	-0.74020773	0.27549955
0.21240741	0.5753885	-0.7400313	0.27598006
0.21238959	0.57538277	-0.74003667	0.27599132
0.21300465	0.5753484	-0.7398417	0.27611172
0.213413	0.5753079	-0.73977345	0.27606326
0.21389891	0.5752102	-0.7397485	0.2759577
0.21442336	0.5750245	-0.73977476	0.27586725
0.21496224	0.5747612	-0.73983	0.27584866
0.21552172	0.5744348	-0.73989165	0.2759265
0.2160758	0.5740746	-0.73994184	0.27610826
0.21663314	0.5736893	-0.73997575	0.27638146
0.21716578	0.5733186	-0.7399907	0.27669227
0.21767598	0.57300955	-0.73996705	0.27699465
0.218081	0.5728345	-0.7399082	0.2771954
0.2184164	0.572771	-0.7398232	0.27728912
0.21875423	0.5727621	-0.7397169	0.27732491
0.21911871	0.5727273	-0.73961043	0.2773929
0.21957059	0.5726437	-0.73949206	0.277524
0.22003575	0.5725405	-0.7393562	0.2777303
0.22069177	0.5724359	-0.7390764	0.27816996
0.22062963	0.572415	-0.7390955	0.2782114
0.22136596	0.57225376	-0.7387923	0.2787631
0.22212726	0.5720985	-0.7384902	0.27927583
0.22266059	0.5719983	-0.7382902	0.279585
0.22320275	0.5718883	-0.7381229	0.27981937
0.22371767	0.5717513	-0.7380199	0.2799599
0.22426222	0.5715472	-0.7379818	0.2800415
0.22482762	0.5712471	-0.7380204	0.28009868
0.22542614	0.57084036	-0.73812544	0.28016996
0.22679056	0.56969976	-0.738507	0.2803849
0.2275568	0.56896967	-0.7387806	0.28052568
0.22832367	0.56821376	-0.7390797	0.28064704
0.22911283	0.56746066	-0.73937	0.28076303
0.22984077	0.566747	-0.739638	0.28090337
0.23052518	0.56611764	-0.7398391	0.2810821
0.23107554	0.5656757	-0.7399281	0.28128576
0.23158158	0.5653326	-0.73992443	0.28156853
0.23205557	0.56504714	-0.7398573	0.28192773
0.23254111	0.5647615	-0.73973495	0.28242052
0.23296423	0.56446975	-0.73962426	0.2829444
0.23355968	0.56388396	-0.73965424	0.28354257
0.23355548	0.5638694	-0.7396526	0.28357953
0.23420703	0.563122	-0.7397832	0.28418553
0.23460272	0.56268543	-0.73985124	0.2845469
0.23502655	0.5624125	-0.7398094	0.2848452
0.23541765	0.56216735	-0.7397582	0.28513926
0.23585458	0.5619715	-0.7396169	0.28553036
0.23620793	0.5618347	-0.7394952	0.2858226
0.23655003	0.56170756	-0.7393583	0.28614333
0.23695984	0.56152916	-0.73923784	0.28646538
0.23738226	0.56127197	-0.73920715	0.28669912
0.23786883	0.56088656	-0.73928255	0.28685534
0.23840727	0.56041384	-0.73944217	0.2869211
0.2390573	0.55983824	-0.7396642	0.2869314
0.23984079	0.55917	-0.73991644	0.28693053
0.24077733	0.5584154	-0.7401716	0.28695762
0.24179572	0.55761313	-0.7404117	0.2870418
0.24278407	0.55685675	-0.7406269	0.28712085
0.24367777	0.5562425	-0.7407817	0.2871548
0.2445892	0.55566657	-0.7409341	0.28710198
0.24539733	0.5551479	-0.7410935	0.2870042
0.2462046	0.5546385	-0.7412531	0.2868855
0.24700256	0.55413866	-0.7414256	0.28671974
0.24777874	0.55362743	-0.74160886	0.2865636
0.24861577	0.55304605	-0.7418017	0.2864622
0.24936327	0.55250436	-0.741945	0.28648642
0.25024137	0.5518409	-0.74207187	0.2866712
0.25116602	0.5511324	-0.7421622	0.28699142
0.25212735	0.5503946	-0.74221855	0.2874184
0.25311136	0.5496453	-0.7422367	0.2879399
0.25402564	0.54889387	-0.7422699	0.28848222
0.25486743	0.5481569	-0.7423356	0.28897128
0.25554577	0.5474633	-0.7424918	0.28928605
0.2562131	0.5468096	-0.74264884	0.28952864
0.25776094	0.54544485	-0.74297446	0.28989345
0.2585817	0.5448193	-0.7430812	0.29006538
0.2595255	0.5441826	-0.7431638	0.29020572
0.26054123	0.5435516	-0.7432283	0.29031295
0.2615383	0.5429488	-0.7432864	0.29039595
0.26258737	0.5422729	-0.7433917	0.2904423
0.26362374	0.54155564	-0.74355894	0.2904139
0.26452512	0.5408688	-0.7437921	0.29027712
0.26539433	0.54016596	-0.74406236	0.29009977
0.26622623	0.5394883	-0.7442859	0.29002512
0.2670234	0.5388392	-0.74444926	0.29007956
0.26781216	0.5382249	-0.74454194	0.2902549
0.26855782	0.5376674	-0.74457	0.29052714
0.26924008	0.5371646	-0.7445598	0.29085156
0.26987818	0.5367073	-0.74452037	0.29120538
0.2704857	0.5363114	-0.7444396	0.29157743
0.27049863	0.53631	-0.7444336	0.29158333
0.27223498	0.53544533	-0.7439255	0.29285026
0.27285877	0.5351544	-0.743721	0.2933207
0.27349368	0.534857	-0.7435009	0.2938296
0.27414048	0.5345366	-0.7432786	0.29437143
0.2747987	0.53417796	-0.7430796	0.29491064
0.27551422	0.5338088	-0.7429023	0.29535794
0.276202	0.53344446	-0.74276346	0.29572278
0.27626207	0.53345954	-0.7427393	0.2957
0.27839932	0.5320064	-0.74264103	0.2965591
0.27917176	0.5314861	-0.74265605	0.29672834
0.28013614	0.5308103	-0.74265003	0.29704407
0.2811546	0.5300726	-0.7426091	0.29750106
0.2820652	0.52942127	-0.74252546	0.2980073
0.28291026	0.528895	-0.74239975	0.2984536
0.28364104	0.5285416	-0.7422558	0.29874375
0.28437847	0.5282592	-0.7420929	0.29894707
0.28511783	0.5279985	-0.7419622	0.29902765
0.28587052	0.52769333	-0.7419076	0.29898313
0.28659788	0.52733725	-0.74192345	0.29887566
0.2874227	0.5268875	-0.7419664	0.29877016
0.2883018	0.52638096	-0.74199283	0.29875058
0.2892823	0.52578723	-0.74197257	0.2988984
0.29026505	0.52515495	-0.7419202	0.29918718
0.2912847	0.524457	-0.7418922	0.29948986
0.29125014	0.5244311	-0.74190354	0.29954058
0.29310787	0.5231031	-0.74193376	0.29997528
0.29403225	0.5223912	-0.74191105	0.3003673
0.29475173	0.5217875	-0.7419142	0.30070353
0.29554874	0.52107966	-0.74196434	0.30102473
0.29632285	0.5203722	-0.7420431	0.3012933
0.2971477	0.5196284	-0.7421327	0.30154374
0.2980438	0.51884294	-0.7422194	0.30179852
0.29901132	0.5180085	-0.7422966	0.30208483
0.30006918	0.51709527	-0.7423804	0.3023946
0.3011122	0.51625943	-0.742462	0.30258545
0.30205616	0.51547	-0.74259084	0.3026743
0.302998	0.5146946	-0.74273056	0.30270952
0.30382225	0.51395684	-0.7429333	0.30263942
0.30461136	0.51322985	-0.7431455	0.3025589
0.30537584	0.5125095	-0.74336106	0.30247977
0.30607998	0.51183397	-0.74355495	0.3024353
0.3067975	0.5111572	-0.7437298	0.30242288
0.30757976	0.5103931	-0.74391586	0.30246124
0.30830884	0.50959766	-0.7441475	0.3024904
0.30902854	0.50869393	-0.74447274	0.30247694
0.30968308	0.507817	-0.7448017	0.3024711
0.31069243	0.50647205	-0.74530095	0.3024614
0.3107049	0.50646234	-0.74529314	0.30248404
0.31196055	0.50476176	-0.74593604	0.3024494
0.31279555	0.5037171	-0.7462989	0.30243367
0.31358758	0.50271565	-0.74666196	0.3023836
0.31431985	0.5017444	-0.7470495	0.30227917
0.31494874	0.5008619	-0.74744046	0.30212164
0.31601167	0.49923354	-0.7482435	0.30171865
0.3165193	0.4985087	-0.7485986	0.30150425
0.31705186	0.4978218	-0.7489285	0.3012601
0.31764427	0.49715024	-0.749244	0.30096054
0.3183343	0.49645793	-0.7495413	0.30063373
0.31911618	0.49569342	-0.7498469	0.30030438
0.31989333	0.4948907	-0.75017565	0.29998016
0.32066643	0.49403608	-0.750545	0.299639
0.32142138	0.49314836	-0.75094944	0.2992792
0.3221545	0.49221906	-0.7513965	0.29889828
0.32219192	0.49220937	-0.7513763	0.29892474
0.32344967	0.4902393	-0.7524712	0.29804853
0.32411692	0.48914218	-0.7531177	0.29749286
0.32457167	0.4884368	-0.7535209	0.29713488
0.32509834	0.48763058	-0.75399226	0.29668722
0.32559958	0.48688555	-0.75441307	0.29629096
0.32612285	0.48610032	-0.75484353	0.29590812
0.32666382	0.4852687	-0.7553034	0.29550302
0.3272792	0.48435888	-0.75579894	0.2950471
0.32784528	0.48357493	-0.7562131	0.2946431
0.32846233	0.4827337	-0.75668156	0.29413244
0.32902735	0.48196623	-0.75715446	0.29354197
0.32957125	0.48121998	-0.7576529	0.29286915
0.3301233	0.48046803	-0.7581766	0.2921257
0.33063462	0.4797609	-0.75866956	0.29142916
0.33118275	0.47899187	-0.75918716	0.29072276
0.33172417	0.4781854	-0.75970453	0.2900809
0.3322415	0.4773636	-0.76019245	0.28956372
0.33280405	0.47644958	-0.7606926	0.28910908
0.3338154	0.47463313	-0.7616796	0.2883311
0.33426073	0.47380704	-0.7621301	0.2879836
0.33463305	0.4730512	-0.7625762	0.28761265
0.33489582	0.4724995	-0.7629187	0.28730494
0.33509314	0.47202393	-0.76326215	0.28694433
0.33524147	0.4716967	-0.7635547	0.28653014
0.3353806	0.47137216	-0.7638566	0.28609678
0.335542	0.4710184	-0.7641679	0.2856585
0.33586457	0.47037423	-0.7645632	0.28528288
0.33619288	0.469687	-0.7649534	0.28498253
0.33657092	0.4688044	-0.76545334	0.28464672
0.33687076	0.4679953	-0.7659355	0.28432643
0.337109	0.46724442	-0.76642543	0.28395855
0.33733884	0.46645352	-0.76699	0.2834608
0.33766785	0.46597284	-0.76727897	0.28307772
0.3380109	0.4654369	-0.7676489	0.28254622
0.33835068	0.46495515	-0.76798904	0.28200772
0.3387423	0.46448344	-0.76829225	0.28148863
0.3391939	0.4640293	-0.76852936	0.28104612
0.33963877	0.46360007	-0.76872545	0.280681
0.34008986	0.46310714	-0.7689426	0.28035367
0.3405331	0.462607	-0.76914316	0.28009084
0.3409312	0.46214563	-0.7693426	0.27982008
0.34128287	0.46175283	-0.7695367	0.27950603
0.3416166	0.4614383	-0.76970756	0.2791474
0.34192282	0.46121097	-0.7698372	0.27879047
0.34218043	0.46107528	-0.76991606	0.2784807
0.3424065	0.4610179	-0.7699327	0.27825186
0.34258014	0.46099785	-0.7699517	0.27801827
0.34272924	0.46097022	-0.7699861	0.2777853
0.3428573	0.46090096	-0.77007073	0.27750728
0.34307876	0.46073145	-0.77016985	0.27723977
0.3433987	0.46043548	-0.7703047	0.2769608
0.34375316	0.4600279	-0.7704986	0.2766588
0.34415054	0.4594894	-0.77076995	0.27630335
0.34458414	0.4588894	-0.7710836	0.27588478
0.3450953	0.4583009	-0.7713833	0.27538612
0.34555218	0.45777404	-0.77165145	0.27493805
0.34596577	0.45737633	-0.77186114	0.27449018
0.34622377	0.45710516	-0.7720461	0.2740963
0.346261	0.4570521	-0.7721161	0.27394053