0.025297644	0.92275125	-0.35053915	0.15815307
0.025161978	0.92283076	-0.3502989	0.15824322
0.025023261	0.92290854	-0.35008317	0.15828954
0.024895556	0.92297316	-0.34993082	0.1582699
0.024828488	0.92300314	-0.34988263	0.15821232
0.024812737	0.9229959	-0.34993464	0.15814114
0.024875522	0.922954	-0.35007456	0.15806618
0.024981452	0.9228837	-0.3502765	0.1580131
0.025128936	0.92280406	-0.3504876	0.15798683
0.025311703	0.92273784	-0.35066026	0.15796134
0.025479237	0.92270154	-0.35076395	0.15791576
0.025654264	0.9226972	-0.35079858	0.15783603
0.025844036	0.92270917	-0.35079956	0.15773253
0.026044605	0.92272854	-0.3507904	0.15760696
0.026247052	0.92275393	-0.3507654	0.15747984
0.02639739	0.9227828	-0.35072	0.15738691
0.026442446	0.9228115	-0.35065356	0.15735911
0.026328707	0.92285275	-0.3505455	0.15737684
0.026205225	0.92290574	-0.35040763	0.15739392
0.026100894	0.92296994	-0.35024375	0.15739934
0.026027534	0.92303956	-0.35008276	0.15736148
0.026003899	0.9231043	-0.34996104	0.15725642
0.026000928	0.9231556	-0.34989002	0.1571138
0.025977308	0.9231823	-0.34987098	0.15700316
0.025926838	0.92318106	-0.34989062	0.15697499
0.025873601	0.9231545	-0.3499274	0.1570582
0.025847083	0.9231014	-0.34998024	0.15725653
0.025835326	0.92303675	-0.35004404	0.15749586
0.025849821	0.9229876	-0.3501092	0.15763697
0.02586247	0.92297393	-0.3501388	0.15764894
0.025795631	0.92300737	-0.35008594	0.15758169
0.025722574	0.9230626	-0.34997496	0.15751615
0.025648786	0.9231297	-0.3498367	0.15744229
0.025583163	0.92320096	-0.34967834	0.1573868
0.025515798	0.92327076	-0.34948662	0.15741405
0.025454307	0.92333347	-0.34927818	0.15751919
0.025382346	0.92340636	-0.34903637	0.15763904
0.025299558	0.9234873	-0.34879225	0.15771829
0.025207978	0.92357403	-0.34856445	0.15772896
0.025119102	0.9236616	-0.34835637	0.15769038
0.025034118	0.92374736	-0.34816957	0.15761408
0.024982555	0.92381334	-0.34802848	0.15754707
0.02498074	0.92387307	-0.34789783	0.15748572
0.02509898	0.9239205	-0.3477812	0.1574462
0.025347188	0.9239759	-0.34769762	0.15726565
0.025418751	0.9239901	-0.3477029	0.15715905
0.025397046	0.9239927	-0.34772962	0.15708809
0.025012422	0.9239753	-0.34774595	0.1572164
0.024736289	0.9239554	-0.34774098	0.15738766
0.024307983	0.92388505	-0.3477824	0.15777498
0.024188973	0.92384225	-0.34783024	0.15793864
0.024120001	0.9238077	-0.3478695	0.15806441
0.024050286	0.923805	-0.34786522	0.15810071
0.024031464	0.9238258	-0.34783748	0.15804309
0.024085421	0.9238532	-0.34780616	0.15794343
0.024192762	0.92388266	-0.34778792	0.15779486
0.024379259	0.9238949	-0.34779197	0.15768565
0.024627047	0.9238912	-0.34782094	0.15760456
0.024908518	0.9238732	-0.34787822	0.15753952
0.025129177	0.9238478	-0.34794512	0.15750605
0.025292296	0.9238175	-0.34801653	0.15749963
0.02537014	0.9237913	-0.34807897	0.15750228
0.025365252	0.92378527	-0.34810212	0.15748732
0.025285218	0.92380714	-0.3480791	0.15742286
0.025114806	0.92386043	-0.34800738	0.15729609
0.02482763	0.9239622	-0.34784138	0.15711088
0.024744198	0.92394733	-0.34786713	0.15715514
0.02468585	0.9239188	-0.34790465	0.15724847
0.024661517	0.923897	-0.34792674	0.15733142
0.024609515	0.9239049	-0.34789878	0.15735447
0.02454203	0.92394865	-0.3478148	0.15729463
0.02445973	0.92401606	-0.3476882	0.15719146
0.024365313	0.9241085	-0.34750772	0.15706182
0.024261555	0.92422014	-0.34728223	0.1569193
0.024200823	0.9243109	-0.34709165	0.1568152
0.024178933	0.9243949	-0.34692034	0.15670332
0.024198433	0.92446464	-0.34677628	0.15660782
0.024280375	0.9245628	-0.3465102	0.15660389
0.024319125	0.9246138	-0.34636238	0.15662463
0.024353994	0.92468584	-0.34616852	0.15662183
0.024354223	0.92474365	-0.3460313	0.15658382
0.024339061	0.92480445	-0.34589672	0.1565245
0.02433187	0.92486	-0.34578902	0.15643479
0.024327667	0.9249143	-0.3456893	0.1563352
0.024298148	0.9249861	-0.34556153	0.15619747
0.024272189	0.92506784	-0.34541264	0.15604615
0.024263347	0.92516243	-0.345228	0.15589565
0.02427806	0.9252551	-0.34502456	0.15579389
0.024316221	0.925362	-0.34478402	0.15568599
0.024376202	0.92544013	-0.34463814	0.1555346
0.02446369	0.92552185	-0.3444958	0.15534987
0.024548503	0.9255824	-0.3444262	0.15513018
0.024615126	0.9256122	-0.34443346	0.15492499
0.02461326	0.92562217	-0.3444928	0.15473366
0.02448559	0.9256051	-0.34456956	0.1546856
0.024344834	0.9255821	-0.34463456	0.1547007
0.024258588	0.9255707	-0.34466225	0.15472002
0.024219776	0.92557985	-0.3446331	0.15473653
0.024211032	0.92562044	-0.34452334	0.1547397
0.024196008	0.925693	-0.34432706	0.15474482
0.024166448	0.9257852	-0.34408763	0.1547301
0.024116699	0.92588633	-0.34382507	0.1547168
0.02403576	0.92599696	-0.34353966	0.15470126
0.023950847	0.9260955	-0.34327975	0.15470184
0.023836888	0.92619896	-0.34301487	0.15468696
0.023704868	0.92631084	-0.34276003	0.15460235
0.023538273	0.9264421	-0.34247878	0.15446502
0.02339159	0.926565	-0.3422113	0.15434225
0.023259481	0.92668337	-0.3419223	0.15429232
0.023130752	0.9267688	-0.34168646	0.15432166
0.022929102	0.9268511	-0.34141278	0.15446267
0.022613393	0.92693615	-0.34111038	0.15466665
0.022185877	0.9270375	-0.34076393	0.15488493
0.02171453	0.9271335	-0.34044006	0.15508926
0.02111411	0.9272494	-0.3400821	0.15526463
0.02048447	0.9273745	-0.33973503	0.15536147
0.019801343	0.92750424	-0.3393933	0.15542261
0.019178107	0.9276093	-0.33910155	0.15551037
0.01863639	0.9276956	-0.3387973	0.15572435
0.017636381	0.9279283	-0.33794603	0.1563029
0.017171666	0.9280947	-0.33737513	0.15659983
0.016699096	0.9283219	-0.3367241	0.15670572
0.01635113	0.92858243	-0.33604136	0.15666366
0.0161008	0.9288692	-0.33532247	0.1565306
0.015949013	0.9291521	-0.33464238	0.15632224
0.015881767	0.9294331	-0.3339919	0.15604898
0.015893428	0.92971146	-0.3333481	0.15576608
0.015957458	0.929951	-0.33279234	0.15551765
0.01607289	0.9301624	-0.3322733	0.15535179
0.016208777	0.93032753	-0.33182737	0.15530178
0.016353259	0.93046755	-0.331408	0.15534304
0.016471835	0.93058574	-0.33101723	0.15545575
0.016547654	0.9306972	-0.33064073	0.15558223
0.016549831	0.93082654	-0.33024082	0.15565696
0.016472556	0.93099445	-0.32979473	0.15560657
0.016331444	0.9311848	-0.3293253	0.15547663
0.01615291	0.93137	-0.32886744	0.15535536
0.015879681	0.93157893	-0.3283135	0.15530239
0.015617989	0.93170756	-0.32790515	0.15542021
0.015292008	0.93182546	-0.32746235	0.15567942
0.014846583	0.9319681	-0.32689714	0.1560554
0.014302562	0.9321441	-0.32622018	0.1564713
0.0137379775	0.93235123	-0.32549882	0.15679005
0.013137533	0.93260425	-0.32470202	0.15698871
0.012584159	0.9328725	-0.32388988	0.15711786
0.012108279	0.9331335	-0.3230855	0.15726097
0.0116875395	0.9333839	-0.32228464	0.15745062
0.011304576	0.9336331	-0.32143858	0.15772992
0.010854712	0.93387127	-0.32061437	0.15802845
0.01035913	0.93412834	-0.31972706	0.15834
0.009819231	0.9344125	-0.3187342	0.15869881
0.009327062	0.9346883	-0.3177707	0.15903619
0.008802417	0.93500096	-0.31670618	0.15935174
0.008243811	0.9353304	-0.31560364	0.15963517
0.0076608732	0.9356689	-0.31449074	0.15987729
0.007027342	0.93602365	-0.31334418	0.16008063
0.0063346997	0.93637943	-0.31220013	0.16026425
0.005605514	0.93675613	-0.31099558	0.16043206
0.00480377	0.93718004	-0.3096563	0.16057283
0.0040704343	0.9375831	-0.30838588	0.16068481
0.0033309897	0.9380285	-0.30700633	0.16074395
0.002662731	0.9384956	-0.30554828	0.16080864
0.0021555014	0.9389125	-0.3042274	0.16088657
0.0017052419	0.9393345	-0.30287826	0.16097374
0.0013138695	0.9397081	-0.30168197	0.1610436
0.00088158326	0.9400904	-0.30047292	0.16107552
0.00039724968	0.9404659	-0.29931325	0.16104457
0.00015372007	-0.9408572	0.29812858	-0.16095702
0.0006711343	-0.94120795	0.29705185	-0.16089554
0.001160714	-0.9415397	0.29598978	-0.16090931
0.0016303877	-0.941861	0.2949288	-0.16097265
0.002089334	-0.94217706	0.29385728	-0.16107737
0.0025299403	-0.94245774	0.29285932	-0.1612464
0.0030262603	-0.942735	0.29183322	-0.16147783
0.0035411587	-0.94300085	0.290819	-0.16174483
0.004084634	-0.9432968	0.28968367	-0.16204283
0.004657921	-0.9436278	0.28847322	-0.1622598
0.0052353707	-0.9440333	0.2870683	-0.16237508
0.0056567164	-0.9443774	0.28592706	-0.16237351
0.006093449	-0.94477874	0.28462476	-0.1623113
0.0065198783	-0.9451926	0.28328964	-0.16222101
0.006947655	-0.94559264	0.28197557	-0.16216095
0.0073913396	-0.94597644	0.28068557	-0.16214035
0.00783777	-0.94634277	0.27941558	-0.16217543
0.008654152	-0.9470178	0.27701586	-0.16231026
0.009010867	-0.94732296	0.27593544	-0.16235024
0.009313497	-0.9475963	0.27496156	-0.16239053
0.009599325	-0.9478531	0.27404353	-0.16242765
0.009894894	-0.94810265	0.2731551	-0.1624493
0.010179394	-0.9483249	0.27234954	-0.16248704
0.01049071	-0.9485424	0.27151582	-0.16259313
0.010787847	-0.9487231	0.2707491	-0.16279785
0.0111710215	-0.9488987	0.2699252	-0.1631169
0.012118368	-0.9492235	0.26835978	-0.16374052
0.01269809	-0.94940495	0.26751384	-0.16402873
0.013255601	-0.9495899	0.26667204	-0.16428462
0.013812525	-0.94978756	0.2658257	-0.16446741
0.014363881	-0.9500073	0.26491362	-0.16462247
0.014903323	-0.95025647	0.26391494	-0.16474083
0.015405986	-0.9505238	0.26284966	-0.16485505
0.01588882	-0.95078063	0.26176432	-0.16505551
0.016358282	-0.95102215	0.26069003	-0.1653178
0.016360292	-0.95102155	0.26069015	-0.16532102
0.017468356	-0.951522	0.25838906	-0.16593961
0.017944826	-0.951743	0.2573916	-0.16617085
0.018440073	-0.9519912	0.25630203	-0.16637887
0.018936142	-0.9522677	0.25514707	-0.16651651
0.019391857	-0.95256966	0.25395587	-0.1665574
0.01982558	-0.95290333	0.25270024	-0.1665078
0.020336678	-0.95332617	0.25110707	-0.1664364
0.020335492	-0.9533262	0.25110692	-0.16643569
0.021180281	-0.953849	0.24896172	-0.16655797
0.021718126	-0.954126	0.24777381	-0.16667387
0.022344304	-0.9544085	0.24650651	-0.16685264
0.02294891	-0.9546788	0.2452711	-0.1670445
0.023622287	-0.9549963	0.2438229	-0.16725579
0.024132516	-0.9552677	0.24261546	-0.16738866
0.024614044	-0.95555806	0.24137366	-0.16745679
0.025074886	-0.955876	0.24005212	-0.16747354
0.025528528	-0.95620817	0.23868209	-0.16746663
0.025989693	-0.95653135	0.23732752	-0.16747534
0.026385104	-0.95678246	0.2362256	-0.16753717
0.026823582	-0.95703614	0.23506552	-0.16765012
0.027265925	-0.95727277	0.23394252	-0.16779864
0.027749402	-0.9575073	0.23279202	-0.16798083
0.028241388	-0.95774364	0.23159699	-0.16820377
0.028748265	-0.95798504	0.2303697	-0.16842784
0.02921998	-0.95820814	0.22921184	-0.16865738
0.029743971	-0.9584318	0.22799532	-0.16894396
0.030295277	-0.9586434	0.22683993	-0.16920076
0.030881459	-0.958808	0.2258546	-0.16947955
0.031496353	-0.9589451	0.22493632	-0.16981207
0.032201633	-0.95907825	0.22399001	-0.17017812
0.03294067	-0.9592143	0.22300819	-0.17055877
0.03363275	-0.95934105	0.22207113	-0.17093295
0.03438645	-0.95948285	0.22104232	-0.17131986
0.03506663	-0.9596181	0.22008054	-0.17166254
0.03578404	-0.9597589	0.21903461	-0.17206526
0.036455214	-0.9599078	0.21799684	-0.17241049
0.03709948	-0.9600584	0.2169495	-0.17275551
0.037696175	-0.960221	0.2158751	-0.17306848
0.038263325	-0.9604062	0.21472682	-0.1733445
0.03879549	-0.960607	0.2135318	-0.17358962
0.039365057	-0.9608367	0.21218768	-0.17383839
0.039866067	-0.9610492	0.21095146	-0.1740535
0.040468767	-0.9613081	0.20944595	-0.17430285
0.0409208	-0.9615048	0.20828313	-0.17450552
0.04137412	-0.9617071	0.20707908	-0.1747169
0.041822806	-0.9619179	0.20580792	-0.17495172
0.042252213	-0.9621186	0.20454456	-0.17522614
0.04261952	-0.9623073	0.20336276	-0.17547625
0.04299704	-0.96249723	0.20212753	-0.1757697
0.04333418	-0.9626558	0.20105498	-0.17604862
0.043708906	-0.96281856	0.19993635	-0.17633876
0.044097	-0.9629613	0.1989258	-0.17660597
0.0445713	-0.9631239	0.19778213	-0.17688401
0.045016646	-0.96328855	0.19673912	-0.17703848
0.0454659	-0.96346813	0.19561096	-0.1771963
0.045906235	-0.9636456	0.19445963	-0.17738473
0.04640078	-0.963835	0.19320649	-0.17759563
0.046795443	-0.9639811	0.19222647	-0.17776316
0.047281813	-0.9641407	0.19111083	-0.17797157
0.047750704	-0.9642798	0.19007702	-0.17819978
0.048206583	-0.96440834	0.18906987	-0.17845246
0.048614908	-0.96451086	0.18819296	-0.17871447
0.049102228	-0.964618	0.18720555	-0.17903988
0.04965259	-0.96474075	0.18612331	-0.17935507
0.05020048	-0.96487015	0.18505073	-0.17961569
0.050881114	-0.9650488	0.18367107	-0.17988059
0.05135639	-0.96520096	0.18258758	-0.18003133
0.051861074	-0.9653938	0.18128654	-0.18016836
0.05225231	-0.9655728	0.18007778	-0.18030809
0.05252524	-0.9657278	0.17898911	-0.1804822
0.052713342	-0.9658562	0.17800647	-0.18071213
0.052877028	-0.9659693	0.17707632	-0.1809732
0.053087287	-0.9660812	0.17615326	-0.18121526
0.053411648	-0.9662012	0.17518343	-0.18141991
0.053865764	-0.9663315	0.17416933	-0.18156824
0.054439563	-0.9664682	0.17310265	-0.18168992
0.05511512	-0.9666008	0.17198373	-0.18184336
0.05582982	-0.96671027	0.17089252	-0.18207158
0.056531176	-0.96679723	0.1698445	-0.1823738
0.057263963	-0.96687967	0.16875355	-0.18272044
0.057981275	-0.9669688	0.16767186	-0.18301882
0.058720786	-0.96707785	0.16656625	-0.18321617
0.059530273	-0.96721524	0.16537301	-0.18331012
0.060326435	-0.9673532	0.16423936	-0.1833413
0.06117197	-0.9674838	0.16305636	-0.18342744
0.061928753	-0.96759385	0.1619154	-0.18360384
0.06260123	-0.967687	0.1608193	-0.18384832
0.06319154	-0.96778035	0.15975122	-0.18408573
0.06384649	-0.9678924	0.15849946	-0.1843524
0.0644117	-0.9679992	0.15740293	-0.18453498
0.06506674	-0.9681342	0.15617108	-0.18464354
0.06584607	-0.9682946	0.15479882	-0.1846811
0.06671694	-0.96847385	0.15332286	-0.18466046
0.06760691	-0.96865284	0.15183301	-0.18462887
0.068411656	-0.9688075	0.15042798	-0.18467052
0.068401165	-0.96880877	0.15042625	-0.18466936
0.0698223	-0.96902424	0.14784871	-0.18508819
0.07032257	-0.96909446	0.14672855	-0.18542214
0.07079421	-0.96916646	0.1455834	-0.18576905
0.07119907	-0.969239	0.1446001	-0.18600366
0.07167798	-0.9693394	0.14347653	-0.18616627
0.07215016	-0.96944064	0.1424111	-0.18627505
0.07269148	-0.96955174	0.14121258	-0.18639879
0.07314979	-0.9696326	0.14020061	-0.18656243
0.07361181	-0.9696978	0.13913476	-0.18683995
0.07398282	-0.96974736	0.13814774	-0.18716817
0.07434024	-0.9698029	0.13707225	-0.18752898
0.07463882	-0.96987325	0.1360345	-0.18780224
0.07492549	-0.96997297	0.13495629	-0.18795054
0.07519405	-0.9700927	0.13387285	-0.1880003
0.075466424	-0.97019374	0.13291761	-0.18804757
0.0757471	-0.97028446	0.1319539	-0.18814558
0.076078914	-0.9703178	0.13106625	-0.18846004
0.07641374	-0.97033316	0.13029833	-0.18877716
0.07679047	-0.9703488	0.12945859	-0.18912204
0.077190734	-0.97037524	0.12858959	-0.18941529
0.07761503	-0.97042364	0.12767635	-0.18961199
0.07807717	-0.9704969	0.12669162	-0.18970782
0.07860585	-0.97060066	0.12559712	-0.1896865
0.07909197	-0.9707142	0.1245656	-0.18958357
0.07955203	-0.9708379	0.12350078	-0.18945418
0.079960674	-0.97095	0.12241674	-0.18941139
0.08040104	-0.9710814	0.12095823	-0.18948843
0.080410436	-0.97108066	0.12096009	-0.18948704
0.08074555	-0.9712021	0.11935295	-0.18974087
0.081012934	-0.9712683	0.118317805	-0.18993618
0.08139101	-0.9713405	0.117098846	-0.1901612
0.081726596	-0.9713957	0.11616298	-0.19030875
0.08215601	-0.97145694	0.115041725	-0.19049212
0.083056405	-0.9715889	0.112654485	-0.19085501
0.083494544	-0.9716517	0.11149975	-0.19102195
0.08394887	-0.97172093	0.11030364	-0.191165
0.084470704	-0.97179437	0.10902424	-0.19129632
0.08502319	-0.9718587	0.107808426	-0.1914135
0.085633084	-0.9719051	0.10662755	-0.19156742
0.08649726	-0.97192466	0.105332136	-0.1917962
0.08725149	-0.97194064	0.10419398	-0.19199555
0.08807136	-0.9719475	0.102992766	-0.19223462
0.08881903	-0.97195065	0.101807594	-0.19250564
0.089378394	-0.97196335	0.10056918	-0.19283292
0.0897716	-0.9719886	0.09946782	-0.19309452
0.09013241	-0.9720258	0.098323144	-0.19332483
0.09048563	-0.97206724	0.09714354	-0.19354793
0.090847075	-0.97209764	0.096006565	-0.19379273
0.09122944	-0.9721158	0.09485484	-0.19408903
0.09160355	-0.97213066	0.09372173	-0.19438876
0.09196741	-0.97214717	0.09253817	-0.1947015
0.09228008	-0.9721692	0.0913468	-0.19500585
0.09259888	-0.9722165	0.08983699	-0.19532
0.092602715	-0.9722149	0.08983702	-0.19532616
0.09299034	-0.9723471	0.08744586	-0.19556893
0.09320681	-0.9724351	0.08606927	-0.1956392
0.0934234	-0.9725149	0.08477539	-0.19570415
0.09365923	-0.972578	0.08355093	-0.19580391
0.09404702	-0.9726228	0.08184279	-0.19611697
0.09407066	-0.97261906	0.08184667	-0.19612285
0.09452279	-0.9726447	0.08013185	-0.19648594
0.094823726	-0.97265685	0.07900642	-0.19673625
0.09508007	-0.9726696	0.07799419	-0.19695331
0.09529754	-0.97268826	0.07698477	-0.19715284
0.09548211	-0.9727178	0.07594418	-0.19732161
0.09564389	-0.9727347	0.07494319	-0.19754271
0.09581239	-0.9727526	0.07389981	-0.19776577
0.095979206	-0.97274405	0.07299205	-0.19806364
0.09610354	-0.9727175	0.07212029	-0.19845283
0.09624092	-0.97266346	0.0713206	-0.19893934
0.09641747	-0.97258013	0.07062166	-0.1995097
0.0965994	-0.9724613	0.06995603	-0.20023422
0.09702713	-0.97227997	0.068439506	-0.20142864
0.097310744	-0.97221524	0.067579284	-0.20189391
0.09765088	-0.9721619	0.06665492	-0.20229377
0.09802485	-0.97210574	0.06575513	-0.20267673
0.098414406	-0.9720276	0.064945474	-0.20312327
0.09884997	-0.9719083	0.064177595	-0.20372626
0.09923692	-0.97178245	0.063584045	-0.20432357
0.09962859	-0.9716239	0.06303096	-0.20505679
0.10001594	-0.97145474	0.06251366	-0.20582671
0.10039453	-0.9713022	0.061993014	-0.20651841
0.100798555	-0.97116554	0.061430626	-0.20713162
0.10125041	-0.9710338	0.06079835	-0.2077146
0.101731315	-0.9708912	0.060125742	-0.2083414
0.10208634	-0.970776	0.059640106	-0.20884289
0.10241635	-0.97064126	0.059193745	-0.20943412
0.10271425	-0.97046494	0.058803268	-0.21021399
0.103008084	-0.9702709	0.058473725	-0.21105605
0.103047356	-0.9702944	0.058497924	-0.21092194
0.10333411	-0.9700954	0.058161575	-0.21178831
0.10362831	-0.969899	0.057768516	-0.21264994
0.10379966	-0.96977323	0.05753564	-0.2132026
0.10393283	-0.9696435	0.057379182	-0.21376884
0.10403021	-0.9694649	0.057402972	-0.21452363
0.10404058	-0.96932894	0.057442963	-0.21512145
0.10400463	-0.9691539	0.057595532	-0.215886
0.10391962	-0.968969	0.057775293	-0.21670677
0.10384138	-0.9688191	0.057941403	-0.2173691
0.10376319	-0.9686755	0.058136903	-0.21799332
0.10364146	-0.96850675	0.05843007	-0.21872148
0.1034403	-0.96834147	0.05878834	-0.2194515
0.103122555	-0.96816534	0.05922644	-0.22025892
0.10268442	-0.967982	0.059699822	-0.22113986
0.10215055	-0.96778995	0.060149685	-0.22210374
0.10155326	-0.96761924	0.060508363	-0.22302186
0.10088533	-0.96746564	0.060797278	-0.22391117
0.10015463	-0.9673076	0.061069224	-0.22484593
0.099457085	-0.9671528	0.061311387	-0.22575414
0.098903075	-0.96701497	0.06153616	-0.22652519
0.09835037	-0.9668441	0.06185528	-0.22740626
0.09788375	-0.96665895	0.06225351	-0.22828472
0.09745693	-0.9664415	0.06276	-0.22924735
0.09705114	-0.9662365	0.063276455	-0.23014006
0.096739754	-0.966035	0.06375274	-0.2309836
0.09652383	-0.9658192	0.064222336	-0.2318449
0.09641711	-0.9655877	0.0647225	-0.23271298
0.096433416	-0.9653914	0.06513927	-0.2334031
0.0964523	-0.96538335	0.0651408	-0.23342809
0.09698239	-0.9649499	0.0659582	-0.2347673
0.0973103	-0.96472335	0.06637381	-0.23544458
0.09765699	-0.9644837	0.06681398	-0.23615754
0.09797645	-0.96424264	0.067274556	-0.23687743
0.09825487	-0.9639989	0.067753464	-0.23761633
0.09846478	-0.9637357	0.06818532	-0.23847224
0.0986324	-0.9634948	0.06852065	-0.23927882
0.098724276	-0.9632231	0.06890205	-0.24022351
0.09877442	-0.9629688	0.069248855	-0.24112096
0.098814785	-0.96267927	0.069616616	-0.24215277
0.09883459	-0.9624131	0.06994777	-0.24310528
0.09882986	-0.9621362	0.07030568	-0.24409772
0.0987736	-0.96189517	0.07066541	-0.24496508
0.098656446	-0.96164674	0.071073785	-0.24586797
0.09845924	-0.9614103	0.0715099	-0.2467439
0.09815503	-0.9611886	0.071966305	-0.24759439
0.0977017	-0.9609781	0.0724704	-0.24844255
0.09716413	-0.9608143	0.07294589	-0.2491466
0.0962885	-0.9605959	0.07370117	-0.25010443
0.096284725	-0.96059406	0.07369912	-0.2501137
0.09519934	-0.9602892	0.07459918	-0.25142953
0.09462069	-0.9600799	0.07508248	-0.25230154
0.09413475	-0.9598638	0.07548386	-0.25318444
0.093745954	-0.9596781	0.0757613	-0.25394872
0.093391664	-0.95952165	0.075965814	-0.25460863
0.09304799	-0.95939845	0.07613564	-0.25514722
0.092676856	-0.9592948	0.076330766	-0.25561306
0.09236554	-0.95911986	0.07656098	-0.25631255
0.092024505	-0.9589496	0.07687776	-0.25697643
0.0917217	-0.9587824	0.07716661	-0.25762162
0.091394395	-0.95861083	0.07747045	-0.2582841
0.09109651	-0.95840156	0.07783271	-0.25905603
0.09083464	-0.95816356	0.078176364	-0.25992325
0.09058417	-0.95791394	0.07854599	-0.26081797
0.09035057	-0.9576593	0.07895615	-0.26170895
0.09015352	-0.95748174	0.0794333	-0.26228166
0.09000236	-0.9573346	0.07996984	-0.26270702
0.089891374	-0.9572037	0.08054036	-0.26304737
0.08977115	-0.9570763	0.08119142	-0.26335192
0.08962174	-0.9569336	0.08193262	-0.26369122
0.089471556	-0.9567811	0.082628615	-0.26407853
0.08931348	-0.95663285	0.08328333	-0.26446274
0.089156516	-0.9564979	0.08391638	-0.26480353
0.08903406	-0.9563845	0.08446594	-0.26507977
0.08895361	-0.95630264	0.08493097	-0.2652531
0.08889433	-0.95624644	0.0853859	-0.26532987
0.08883482	-0.95621586	0.08573321	-0.26534784
0.08876525	-0.9561771	0.086187944	-0.26536345
0.088644356	-0.9561033	0.0867744	-0.26547888
0.08846785	-0.9559976	0.08746483	-0.26569155
0.088241264	-0.9558722	0.08825262	-0.26595753
0.08798709	-0.9557255	0.08912208	-0.26627868
0.08774481	-0.95558554	0.08994589	-0.26658377
0.08745056	-0.9554587	0.090778485	-0.26685286
0.08707972	-0.9553602	0.09156534	-0.2670576
0.08655938	-0.95529526	0.09233875	-0.26719314
0.08601541	-0.9552668	0.09298059	-0.2672481
0.08525665	-0.9552652	0.093741156	-0.267231
0.08440906	-0.9552823	0.09456634	-0.26714805
0.0835123	-0.95530677	0.09553705	-0.26699725
0.082712196	-0.9553271	0.096491046	-0.26683035
0.081923135	-0.9553054	0.09759779	-0.26674864
0.08128052	-0.9552744	0.098740116	-0.26663616
0.080655895	-0.9551651	0.10004625	-0.26673067
0.07995498	-0.9550214	0.101364575	-0.2669583
0.07929358	-0.9548544	0.10270852	-0.26723906
0.07863641	-0.9546788	0.10408596	-0.26752728
0.07801358	-0.9545169	0.10537391	-0.26778293
0.07728143	-0.9543432	0.106832355	-0.26803634
0.07674692	-0.95422816	0.10784211	-0.2681952
0.07607681	-0.9540998	0.10904919	-0.26835492
0.07553729	-0.954008	0.10994553	-0.26846808
0.07492428	-0.9539083	0.11087144	-0.26861286
0.07430105	-0.95380765	0.11170617	-0.26879737
0.07362248	-0.95372903	0.11247152	-0.268944
0.07289571	-0.9536734	0.11320622	-0.26903108
0.072265975	-0.9536457	0.11386259	-0.26902202
0.071628906	-0.95360726	0.11460293	-0.26901436
0.070764795	-0.9534458	0.1160303	-0.26920342
0.07078913	-0.95343804	0.116034806	-0.26922256
0.07009288	-0.95324385	0.117431544	-0.2694865
0.06968962	-0.9531203	0.11836863	-0.26961812
0.069305584	-0.9530091	0.11933796	-0.26968294
0.06896806	-0.9529349	0.12014985	-0.2696712
0.068565756	-0.9528732	0.12101399	-0.2696054
0.068141274	-0.95281583	0.12188646	-0.26952255
0.067720145	-0.9527437	0.12279801	-0.26947
0.067321	-0.95264554	0.12377231	-0.26947153
0.06696024	-0.9525089	0.12492447	-0.26951277
0.066695735	-0.95231396	0.12617274	-0.26968566
0.06648798	-0.9521634	0.12710291	-0.2698316
0.066291206	-0.95198834	0.12814927	-0.270003
0.06607938	-0.9518164	0.1291493	-0.27018476
0.06577577	-0.95162964	0.13023195	-0.2703964
0.06544473	-0.951481	0.1311411	-0.27056056
0.06495732	-0.9513044	0.13224137	-0.27076355
0.06441921	-0.95112896	0.13333419	-0.2709721
0.06385148	-0.950944	0.13444728	-0.27120575
0.063188456	-0.9507301	0.13569425	-0.27148965
0.06243901	-0.95050097	0.13703339	-0.2717927
0.061789114	-0.9503291	0.13811834	-0.2719926
0.06105855	-0.9501814	0.13923149	-0.27210617
0.060280453	-0.95005715	0.14033212	-0.27214816
0.059469257	-0.9499403	0.14142303	-0.2721696
0.058604084	-0.94979596	0.14259635	-0.27224934
0.057678018	-0.9496026	0.14390525	-0.27243233
0.056834057	-0.94940037	0.14512339	-0.27266824
0.056008782	-0.94918513	0.14633901	-0.2729387
0.054893617	-0.9488847	0.14796716	-0.27333152
0.054894015	-0.9488838	0.14796692	-0.27333495
0.05366942	-0.94858027	0.14984685	-0.2736076
0.05295847	-0.9484134	0.15096886	-0.27370793
0.052245386	-0.9482303	0.15221931	-0.27378643
0.05151254	-0.94804966	0.15346068	-0.27385795
0.0507798	-0.9478379	0.15477459	-0.27398846
0.050042477	-0.9475591	0.15620202	-0.2742782
0.04934565	-0.94721866	0.15761986	-0.2747687
0.04859338	-0.94686	0.15905373	-0.27531216
0.047826543	-0.9465105	0.16044135	-0.2758427
0.047120403	-0.94626296	0.16166668	-0.27609783
0.046275202	-0.946075	0.16288269	-0.27617013
0.04527822	-0.9459392	0.16414087	-0.2760557
0.044366702	-0.94582707	0.16515326	-0.27598402
0.043273862	-0.9456978	0.16637334	-0.275868
0.042159602	-0.9455295	0.16765442	-0.27584144
0.041108016	-0.9453095	0.16897081	-0.275951
0.040107306	-0.945054	0.17034149	-0.27613088
0.039202485	-0.9447794	0.1716974	-0.27636042
0.038381316	-0.94450444	0.17304434	-0.27657527
0.0375942	-0.9442312	0.17442515	-0.27674922
0.036846872	-0.94397914	0.1757482	-0.27687252
0.03609401	-0.943736	0.17711526	-0.27692908
0.035361577	-0.943495	0.17849164	-0.2769614
0.034686204	-0.9432402	0.1798694	-0.2770232
0.03404305	-0.9429221	0.18138373	-0.2771983
0.03352066	-0.94257456	0.18284974	-0.27748108
0.033058554	-0.9421753	0.18439142	-0.2778715
0.032651212	-0.9417757	0.18589318	-0.2782737
0.03215578	-0.9413085	0.1876876	-0.27870744
0.03214076	-0.94130135	0.18768068	-0.2787381
0.031319726	-0.94082063	0.18999699	-0.27888492
0.030726828	-0.94058603	0.19129331	-0.27885628
0.030074814	-0.9404003	0.1924608	-0.27875024
0.029306509	-0.9402272	0.19368929	-0.2785652
0.028428929	-0.9400513	0.19500838	-0.27832934
0.027476361	-0.93983877	0.19646026	-0.27812138
0.026617788	-0.9396433	0.1977812	-0.2779289
0.025689831	-0.93937105	0.19925833	-0.27788168
0.024765361	-0.93908757	0.2007477	-0.27785155
0.023954537	-0.93883336	0.20207933	-0.27781668
0.023133721	-0.93857145	0.20350294	-0.27773204
0.022462958	-0.9383487	0.2047818	-0.27759978
0.021789754	-0.93810993	0.20619848	-0.27741185
0.021149354	-0.9378371	0.20772651	-0.2772438
0.020631112	-0.9375714	0.20907919	-0.27716473
0.020091891	-0.9372462	0.2105907	-0.2771594
0.019583194	-0.93690467	0.2120843	-0.27721193
0.019082602	-0.93654376	0.21360499	-0.27729875
0.018617565	-0.93619466	0.21505931	-0.2773851
0.018124884	-0.93580955	0.2166979	-0.27744222
0.017791439	-0.9355484	0.21786469	-0.27743044
0.017410483	-0.935276	0.21921083	-0.2773126
0.017007267	-0.9350181	0.22057733	-0.27712393
0.016527297	-0.9347504	0.22206163	-0.27687058
0.016064776	-0.9345381	0.2233088	-0.27661103
0.015486505	-0.9343312	0.22464545	-0.2762608
0.0147999115	-0.934115	0.22607158	-0.27586558
0.014100002	-0.93389225	0.22741222	-0.27555433
0.0132440515	-0.9335939	0.22902113	-0.27527493
0.012592041	-0.9333293	0.23026168	-0.2751679
0.011902613	-0.9330025	0.23163375	-0.27515543
0.011239689	-0.9326638	0.23302959	-0.27515292
0.010615482	-0.93235683	0.23439738	-0.27505615
0.010056528	-0.93207866	0.23569943	-0.27490756
0.009519389	-0.9317923	0.23701628	-0.2747651
0.009008302	-0.9314993	0.23835485	-0.27461758
0.008492065	-0.9311553	0.2397289	-0.27460468
0.007948767	-0.9307619	0.24114047	-0.27471903
0.007348024	-0.9303153	0.24264157	-0.2749267
0.006712161	-0.9298592	0.2441356	-0.2751629
0.0060784053	-0.92943054	0.24558523	-0.27533606
0.0054467274	-0.929041	0.24701627	-0.27538365
0.0048472486	-0.9286909	0.24842682	-0.27530694
0.004281412	-0.92837435	0.24981299	-0.2751295
0.003703055	-0.92808545	0.25118554	-0.2748627
0.00300857	-0.9277934	0.25267982	-0.27448747
0.0024393715	-0.92758816	0.2538206	-0.27413404
0.0017023367	-0.9273481	0.2551353	-0.2737311
0.0006621839	-0.9269753	0.25691977	-0.27332878
0.0006449767	-0.92697656	0.25691503	-0.27332896
0.0007540818	0.92636424	-0.25917426	0.2732717
0.0016161136	0.9259644	-0.2605971	0.27327004
0.0024230636	0.92556155	-0.2620566	0.2732332
0.0030730756	0.92519295	-0.26342726	0.27315694
0.0035881165	0.92483	-0.26477775	0.273074
0.0040047783	0.9244691	-0.26610267	0.2730022
0.0043544015	0.924114	-0.26739123	0.27294046
0.0046926644	0.92374915	-0.2686818	0.27290207
0.005067825	0.9233696	-0.2699898	0.2728891
0.0054793796	0.9229987	-0.2712549	0.27288103
0.005935371	0.9225973	-0.2726024	0.2728866
0.0063660666	0.92217696	-0.27404842	0.27284944
0.0070781787	0.92141646	-0.276817	0.27260605
0.007369861	0.9210622	-0.2781218	0.2724676
0.00769795	0.92067933	-0.27951694	0.2723246
0.008390598	0.920099	-0.28164002	0.27207777
0.009043576	0.91970694	-0.2830791	0.271889
0.0090667745	0.9197097	-0.28307304	0.27188534
0.010287011	0.9190581	-0.28529602	0.27172163
0.011042078	0.91864735	-0.28667787	0.27162665
0.011754122	0.9182288	-0.28802076	0.2715914
0.01246448	0.9177634	-0.2894212	0.2716437
0.013120003	0.9173141	-0.29078144	0.27167815
0.013719776	0.9168659	-0.29211575	0.27172977
0.014182522	0.91646206	-0.29331386	0.27177793
0.014536823	0.91606504	-0.29446507	0.2718527
0.014789252	0.91567534	-0.29558405	0.2719376
0.014967461	0.9152926	-0.29664156	0.27206457
0.0151489675	0.9149065	-0.2976757	0.27222383
0.015189054	0.9149103	-0.29766497	0.2722204
0.015730515	0.91416484	-0.2996374	0.27253014
0.016147278	0.9138273	-0.300546	0.2726373
0.01660356	0.9135356	-0.30136868	0.27267948
0.01720664	0.9131703	-0.30242643	0.2726946
0.017635854	0.9128975	-0.303226	0.2726923
0.0180922	0.9125631	-0.3042003	0.27269667
0.018512174	0.9121986	-0.30524835	0.27271685
0.019004501	0.9117973	-0.306418	0.27271333
0.019405255	0.91147256	-0.30736357	0.27270657
0.01990098	0.91111505	-0.30841342	0.27268055
0.020398123	0.91075504	-0.3094273	0.27269772
0.020813726	0.9103659	-0.3104333	0.2728226
0.021153854	0.90995634	-0.3114219	0.2730355
0.021396268	0.90954006	-0.31237468	0.27331522
0.021544106	0.9091393	-0.31327617	0.27360505
0.021636961	0.9087851	-0.31411564	0.2738121
0.021743193	0.9084517	-0.31496426	0.27393508
0.02190789	0.908141	-0.3158215	0.273965
0.022180108	0.90784276	-0.31669867	0.27391908
0.022678368	0.9074771	-0.3177306	0.27389467
0.023181373	0.9071064	-0.31877518	0.27386668
0.023739232	0.9067022	-0.3198524	0.27390158
0.024360433	0.90624964	-0.32100895	0.27399176
0.025007036	0.9057646	-0.32220095	0.27413794
0.025632486	0.9052887	-0.3233685	0.27427763
0.026213052	0.90484595	-0.32449836	0.27434942
0.027070262	0.90422696	-0.32630965	0.27415836
0.0270703	0.90421355	-0.32630625	0.27420667
0.028285844	0.90322673	-0.3291781	0.27390355
0.02870444	0.9028004	-0.33034587	0.27386013
0.02913642	0.90232265	-0.33163378	0.27383193
0.029540401	0.9018698	-0.33283666	0.27382132
0.029983148	0.9013917	-0.33410373	0.2738041
0.030460034	0.9009288	-0.3353577	0.27374226
0.031035867	0.90045947	-0.33665556	0.27362898
0.031864546	0.8998437	-0.338309	0.27351972
0.03185062	0.8998368	-0.33831137	0.27354118
0.03293588	0.8989438	-0.34062842	0.27347353
0.0335429	0.8983827	-0.34204167	0.27347952
0.034139317	0.8977825	-0.3435391	0.27349973
0.03472946	0.89718467	-0.34502834	0.27351263
0.03536854	0.89658	-0.34656972	0.2734646
0.03601769	0.8960154	-0.3480475	0.27335355
0.036727075	0.8954279	-0.34959218	0.27321327
0.037418358	0.89482635	-0.35112843	0.27312
0.037418567	0.8948168	-0.35112607	0.2731543
0.038445856	0.893847	-0.3536918	0.27287662
0.039340675	0.8929435	-0.35603502	0.2726596
0.04020453	0.8920855	-0.3581889	0.2725214
0.040209487	0.892075	-0.35818493	0.27255988
0.041477572	0.8909151	-0.36105672	0.272375
0.042252336	0.8902802	-0.3625913	0.27229294
0.043120615	0.8896274	-0.36425477	0.27207056
0.043763902	0.8891486	-0.36549363	0.27187154
0.04449124	0.8885921	-0.36692742	0.27164114
0.0451126	0.888076	-0.36824772	0.27143988
0.0457337	0.88752514	-0.36965138	0.27122948
0.046376433	0.8869397	-0.37114367	0.27099767
0.046984065	0.886378	-0.37258372	0.27075437
0.04760618	0.88580304	-0.37409323	0.27044606
0.048294906	0.885196	-0.3757307	0.27004087
0.04886771	0.884691	-0.37711167	0.26966795
0.049469873	0.8841383	-0.37861452	0.2692648
0.05001981	0.88357735	-0.38008562	0.26893148
0.05058361	0.88290626	-0.38168567	0.26876345
0.051186353	0.88206387	-0.38367987	0.26857638
0.05117057	0.8820517	-0.38368168	0.26861635
0.05189262	0.8811413	-0.38604188	0.26808387
0.05233597	0.88065696	-0.38737345	0.26766795
0.05342848	0.879715	-0.38999617	0.26673934
0.05406309	0.8791738	-0.39139724	0.26634353
0.05476001	0.8785143	-0.39300755	0.26600593
0.05528168	0.87795496	-0.3943246	0.26579532
0.05583727	0.8773033	-0.39584446	0.26557162
0.05647681	0.87654155	-0.39763448	0.26527777
0.057004474	0.875956	-0.3990352	0.26499528
0.05762497	0.8753312	-0.40058523	0.26458707
0.05842815	0.8745997	-0.40243062	0.2640291
0.059120566	0.8739946	-0.40395015	0.26355764
0.059771076	0.87341505	-0.4053737	0.26314577
0.060489066	0.8727239	-0.40700737	0.26275283
0.061144564	0.8720071	-0.4086338	0.26245663
0.061702248	0.87128574	-0.41021737	0.26225153
0.062177047	0.8705539	-0.4117789	0.26212266
0.06282425	0.86964464	-0.41363168	0.2620694
0.06282424	0.8696445	-0.41363162	0.26206937
0.06374855	0.8685284	-0.4158465	0.2620421
0.06444499	0.86783725	-0.4172378	0.26195046
0.06504872	0.8672617	-0.4184672	0.26174632
0.0657001	0.86663246	-0.41983092	0.2614837
0.06639908	0.8659696	-0.42129195	0.26115352
0.067106925	0.8652718	-0.42279583	0.26085505
0.06784473	0.8645148	-0.4243461	0.2606561
0.06859199	0.863763	-0.4258921	0.2604316
0.069675386	0.8627714	-0.42790848	0.26012555
0.06967686	0.86277044	-0.42790788	0.26012927
0.07140767	0.86142564	-0.43076825	0.2593947
0.07247405	0.8606339	-0.4324565	0.25891715
0.073557265	0.85983986	-0.43414688	0.25842038
0.07469345	0.85898924	-0.43594667	0.25789332
0.075730115	0.8581915	-0.43761554	0.25742027
0.07686146	0.85731685	-0.43944755	0.25687742
0.07786236	0.856548	-0.44107535	0.25635028
0.07891113	0.8557713	-0.44273722	0.25575837
0.080275185	0.85482407	-0.44475797	0.2549945
0.081234336	0.8541716	-0.44611612	0.25450405
0.08247765	0.8533267	-0.44782966	0.25392842
0.08376013	0.85241085	-0.44963536	0.25339317
0.08489507	0.8515302	-0.45129618	0.25302354
0.086088486	0.8504848	-0.45319813	0.2527367
0.08698607	0.84959453	-0.45477483	0.2525919
0.087893344	0.8486414	-0.45642856	0.25249848
0.08874355	0.84770703	-0.45804465	0.25241348
0.08957668	0.84684837	-0.45952973	0.25230193
0.090417266	0.846007	-0.46100524	0.25213316
0.09116196	0.84522915	-0.46245393	0.25182065
0.09186445	0.8445646	-0.46374312	0.2514237
0.092581056	0.8439141	-0.46500847	0.25100794
0.09403949	0.842561	-0.4674595	0.25045797
0.09478774	0.84182155	-0.4686676	0.25040457
0.0953035	0.841139	-0.46975398	0.2504671
0.09573016	0.8405033	-0.47080174	0.2504709
0.09611423	0.83990794	-0.47184688	0.25035447
0.096476786	0.8393541	-0.47289193	0.2501
0.096866176	0.8388372	-0.473898	0.2497794
0.097361274	0.8382803	-0.47495538	0.24944805
0.09813746	0.83750707	-0.4763447	0.2490917
0.09814722	0.8375044	-0.47634158	0.24910295
0.09924119	0.8364439	-0.47804552	0.24896836
0.099868536	0.8358268	-0.47904524	0.24886857
0.10042795	0.83525294	-0.4800387	0.24865572
0.10092517	0.8347137	-0.4810649	0.24828169
0.10140069	0.8341897	-0.48212758	0.24778715
0.101854675	0.8336943	-0.48316345	0.24725023
0.102321364	0.8332055	-0.48419267	0.24669097
0.10284609	0.8327034	-0.48523825	0.24611263
0.103429995	0.83217263	-0.4862888	0.24558988
0.10409578	0.83157593	-0.48738265	0.2451605
0.10482357	0.83091784	-0.48851067	0.24483655
0.10556208	0.8302473	-0.48961988	0.24457859
0.106325194	0.82956284	-0.4907434	0.2443186
0.10706993	0.82893497	-0.4918081	0.24398336
0.10783479	0.8283476	-0.49286568	0.2435067
0.10867124	0.8277961	-0.4939152	0.24288282
0.10952245	0.8272368	-0.49495965	0.24227956
0.11032411	0.8267042	-0.4959257	0.24175747
0.111115165	0.82611614	-0.49696556	0.24126908
0.11183507	0.82559687	-0.49786577	0.24085769
0.11252688	0.8250684	-0.4987678	0.24048032
0.113244876	0.82454044	-0.49965417	0.2401135
0.11404608	0.82395464	-0.5006335	0.23970477
0.11476653	0.8234013	-0.50156146	0.23932213
0.11551152	0.82276475	-0.50261194	0.23894885
0.1163599	0.8218823	-0.50405747	0.23852915
0.11638542	0.82187414	-0.50404954	0.238561
0.11726892	0.82062304	-0.50608355	0.23812911
0.11773544	0.819915	-0.5072212	0.23791683
0.11809055	0.8192821	-0.508269	0.2376846
0.11840046	0.81870365	-0.5092564	0.2374102
0.11871161	0.8181384	-0.5102372	0.23709735
0.11941818	0.8171052	-0.51205486	0.23638569
0.11985327	0.81657815	-0.51296014	0.23602402
0.12035713	0.8159841	-0.51398236	0.23559797
0.12086055	0.81532234	-0.5151568	0.23506539
0.12088891	0.8153113	-0.51514804	0.23510872
0.121486075	0.8143649	-0.5168678	0.23430485
0.12179035	0.81387913	-0.51774204	0.23390427
0.12212145	0.81333286	-0.5187184	0.233468
0.122445054	0.8127934	-0.5196908	0.23301443
0.12277406	0.81230736	-0.52059144	0.23252513
0.12355462	0.81132346	-0.5223458	0.23161063
0.12405993	0.8107427	-0.523274	0.23127888
0.12455991	0.8101484	-0.5242057	0.23098229
0.12504025	0.8095489	-0.5251507	0.23067762
0.12504211	0.8095379	-0.5251494	0.23071887
0.12583096	0.8085145	-0.52689004	0.22990857
0.12619181	0.80804425	-0.5277573	0.22937392
0.1265841	0.80758345	-0.52862877	0.22877328
0.12700242	0.8071436	-0.5294535	0.22818531
0.1275359	0.8066412	-0.53036517	0.22754677
0.12810723	0.80612004	-0.531247	0.22701462
0.12810917	0.80610573	-0.5312455	0.22706795
0.12945317	0.8047836	-0.533514	0.22567253
0.13012545	0.8040584	-0.53483444	0.22474395
0.13052844	0.8035935	-0.53571093	0.22408384
0.13088994	0.8031414	-0.5365909	0.22338744
0.13123457	0.802686	-0.53748226	0.22267854
0.13197543	0.8017334	-0.5393762	0.2210874
0.13234916	0.8013048	-0.5402352	0.22031832
0.13274683	0.8008767	-0.5410743	0.21957606
0.13311212	0.8004732	-0.54186434	0.21887624
0.13345528	0.80008656	-0.5426534	0.21812496
0.13379902	0.7996905	-0.54346395	0.21734774
0.13403164	0.79939204	-0.5440352	0.21687225
0.13423772	0.7990424	-0.5447153	0.21632604
0.1344402	0.7983399	-0.5461126	0.21526794
0.13447216	0.7980203	-0.546785	0.21472582
0.13451013	0.7977043	-0.5474585	0.21415879
0.13472478	0.7972931	-0.548288	0.21343228
0.13475634	0.79728925	-0.5482796	0.21344833
0.13509175	0.79680765	-0.5492057	0.21265188
0.13541654	0.7962992	-0.55021596	0.21173626
0.13559788	0.79597825	-0.5508736	0.21111655
0.1357382	0.7956719	-0.5515117	0.21051441
0.13590902	0.79535544	-0.5521732	0.20986474
0.13611682	0.7950784	-0.55279905	0.20913096
0.13636853	0.7948301	-0.55337656	0.20838255
0.13669404	0.79460126	-0.5539224	0.20758982
0.13708751	0.79435843	-0.5544707	0.2067944
0.13752638	0.7940756	-0.55502665	0.20609686
0.13814983	0.79350203	-0.555958	0.2053777
0.13816337	0.79350036	-0.5559545	0.20538446
0.13866442	0.79300183	-0.55670327	0.20494387
0.13898039	0.7926675	-0.55720216	0.2046669
0.13929129	0.7923124	-0.5578116	0.20416957
0.13938639	0.79228866	-0.557787	0.20426394
0.13953063	0.79203194	-0.5584559	0.20333154
0.13983141	0.79168886	-0.55922234	0.20235206
0.14000335	0.7915092	-0.55961746	0.20184313
0.1403881	0.79108095	-0.56042373	0.20101607
0.14043853	0.79107594	-0.5604109	0.20103627
0.14094713	0.7905304	-0.5612482	0.20048957
0.14169456	0.78965527	-0.56257737	0.19968493
0.14216325	0.7891703	-0.56329733	0.19923817
0.14286147	0.7884648	-0.56429183	0.19871742
0.14345685	0.78781474	-0.56518745	0.19832109
0.14415577	0.7870428	-0.56626606	0.197802
0.14484961	0.78623474	-0.56739986	0.1972583
0.14542902	0.7855194	-0.56842077	0.19674242
0.14603429	0.78473306	-0.56954837	0.19617012
0.14656934	0.78398854	-0.57062817	0.19560911
0.14708687	0.7832375	-0.5717407	0.19497976
0.14756525	0.78250784	-0.5728433	0.19431081
0.1479642	0.78185576	-0.5738329	0.19371104
0.14862014	0.780554	-0.5758168	0.19256838
0.14889978	0.77986985	-0.5768242	0.19210878
0.14909382	0.7792724	-0.57770014	0.19175084
0.14925236	0.7786168	-0.5786666	0.19137557
0.14934264	0.7780625	-0.5794993	0.1910398
0.14939715	0.77749753	-0.58037895	0.190627
0.14943358	0.7769657	-0.5812263	0.19018425
0.14947024	0.7765124	-0.5819434	0.18981335
0.149447	0.77568567	-0.5832817	0.1891026
0.14946279	0.775677	-0.58327806	0.18913735
0.14930116	0.7748881	-0.58461523	0.1883687
0.14917256	0.7745468	-0.58523214	0.18795803
0.14902692	0.7738834	-0.5864309	0.1870675
0.14900956	0.7735769	-0.58699435	0.18658163
0.1489691	0.77331185	-0.58750623	0.18610121
0.14892533	0.7730715	-0.5879728	0.18565989
0.14896968	0.77280414	-0.58841914	0.18532333
0.14894736	0.77254534	-0.58887136	0.18498376
0.14894208	0.77225333	-0.5893746	0.18460378
0.1489695	0.7719306	-0.5899188	0.18419342
0.14902908	0.7715815	-0.5904995	0.18374646
0.14909846	0.77122295	-0.59108937	0.1832984
0.14918317	0.77085876	-0.5916841	0.18284236
0.14927834	0.77050585	-0.5922631	0.18237661
0.1493469	0.77023375	-0.5927449	0.1819038
0.14938253	0.770002	-0.59322256	0.18129757
0.14940004	0.76982796	-0.59363455	0.1806728
0.14944024	0.7696151	-0.59415895	0.1798201
0.14978495	0.7691635	-0.5949998	0.17868206
0.15002137	0.7688392	-0.5955256	0.1781271
0.15026681	0.7684784	-0.596074	0.17764226
0.15050481	0.76810354	-0.59664464	0.17714548
0.15082148	0.7676577	-0.597444	0.1761113
0.15083031	0.76763433	-0.597443	0.17620914
0.15124933	0.7672306	-0.59824723	0.174875
0.15151629	0.7670479	-0.5986783	0.17396718
0.15182702	0.7669164	-0.599049	0.17299803
0.15216812	0.7668285	-0.59935266	0.17203303
0.15253426	0.766709	-0.5996872	0.17107278
0.15244609	0.7667213	-0.59970725	0.17102641
0.15289506	0.7664949	-0.600191	0.16993943
0.15340675	0.7660848	-0.6009574	0.16861422
0.15350407	0.7658476	-0.6014182	0.16795872
0.15351933	0.7656383	-0.60184	0.16738747
0.15347412	0.7654495	-0.6022392	0.1668555
0.15333278	0.7653096	-0.6025802	0.16639577
0.15298286	0.76507497	-0.60319746	0.16555803
0.15275013	0.76497424	-0.6034935	0.165159
0.15249513	0.7648603	-0.6038024	0.16479295
0.15224868	0.76468164	-0.60415757	0.16454786
0.15196618	0.7645124	-0.6044817	0.16440529
0.15171814	0.7643577	-0.6047505	0.16436481
0.15139684	0.76419616	-0.6050304	0.16438212
0.15115117	0.76413274	-0.605174	0.16437477
0.15088148	0.7640625	-0.60534054	0.16433546
0.15062532	0.76400745	-0.60551065	0.16420011
0.15039104	0.7639721	-0.6056883	0.1639231
0.15014368	0.7639494	-0.6059083	0.16344258
0.14988007	0.7638871	-0.6062349	0.16276234
0.14990178	0.76387995	-0.60623056	0.16279301
0.14986157	0.7636859	-0.6067234	0.16190195
0.14999114	0.76336217	-0.60735095	0.16095224
0.15020892	0.7630956	-0.6077819	0.16038553
0.15051422	0.7628209	-0.6082048	0.15980189
0.15083787	0.7625721	-0.60859144	0.15921105
0.1511515	0.7622629	-0.60922116	0.15798193
0.15119042	0.76219517	-0.60946435	0.1573319
0.15120845	0.7620918	-0.6097507	0.1567039
0.15124364	0.7619311	-0.61006624	0.15622294
0.15127878	0.7616843	-0.61046135	0.15584865
0.15129828	0.7613879	-0.61089367	0.15558363
0.15125526	0.7610903	-0.6113335	0.15535419
0.15111132	0.7608319	-0.6117596	0.15508232
0.15089132	0.7606318	-0.61212957	0.1548178
0.15010041	0.7604166	-0.61276555	0.15412655
0.14966612	0.76040137	-0.6129955	0.15370913
0.14920819	0.7604155	-0.6132326	0.15313654
0.14884445	0.7604226	-0.61345375	0.1525697
0.14847071	0.7604288	-0.61369056	0.15194894
0.1480333	0.7604497	-0.6139508	0.151218
0.14773259	0.76044774	-0.61414343	0.15073912
0.14740549	0.7604456	-0.61440593	0.14999847
0.14713928	0.76048225	-0.6146412	0.1491079
0.14692639	0.76057506	-0.6148427	0.14800929
0.14668655	0.7607037	-0.61502814	0.14681117
0.14650142	0.7608311	-0.61516386	0.14576322
0.14642465	0.76094615	-0.6153339	0.1445164
0.14646925	0.760912	-0.6155808	0.14359733
0.14654048	0.7608845	-0.61573815	0.14299394
0.14663851	0.76082844	-0.6159425	0.14231049
0.14675497	0.76077384	-0.61617213	0.14148551
0.1468113	0.7607401	-0.61644787	0.14040296
0.14684117	0.76069975	-0.6168017	0.13903043
0.14688958	0.7606443	-0.61720014	0.13750519
0.14693171	0.7606129	-0.6175459	0.13607481
0.1469941	0.7606077	-0.61782396	0.13476706
0.14667964	0.7606752	-0.6180482	0.13369709
0.14637785	0.7607555	-0.61820143	0.13286039
0.14610004	0.76082337	-0.61833775	0.13214059
0.14572118	0.76087457	-0.6185273	0.1313741
0.14534572	0.7609116	-0.61869127	0.13080366
0.14477175	0.76098514	-0.61888134	0.13011077
0.14397866	0.7611273	-0.6190676	0.12926951
0.14316055	0.7612977	-0.61920655	0.12850814
0.14214039	0.7615428	-0.61931485	0.12766346
0.14106618	0.76183414	-0.6193829	0.12678306
0.14008795	0.7621074	-0.6194374	0.12595679
0.13912402	0.7623545	-0.619514	0.12515001
0.13825981	0.7625511	-0.61961323	0.12441671
0.13753666	0.762684	-0.6197391	0.12377543
0.13700296	0.7627313	-0.61990345	0.12325211
0.13662076	0.7627406	-0.62006456	0.12280766
0.1362378	0.7627626	-0.6202199	0.1223097
0.13585724	0.76283175	-0.6203318	0.121733315
0.1354555	0.76297045	-0.6204066	0.12092788
0.13498008	0.7631615	-0.6204539	0.12000784
0.13443966	0.7633901	-0.6204814	0.119014
0.13384408	0.7636297	-0.6205049	0.11802151
0.13331607	0.76387024	-0.6204957	0.11710773
0.13285306	0.7641167	-0.62045676	0.11622839
0.13248202	0.7643415	-0.6203995	0.11547847
0.13211334	0.76464033	-0.6202599	0.11466892
0.13174453	0.76495904	-0.62010944	0.11377807
0.13138385	0.7652746	-0.6199651	0.1128563
0.13106139	0.7655704	-0.6198556	0.11182118
0.13075235	0.7658553	-0.61977166	0.1106919
0.13039744	0.7660846	-0.61975026	0.109637864
0.12998676	0.766322	-0.61974293	0.10850212
0.1295187	0.7665746	-0.6197285	0.10735458
0.12951657	0.76657784	-0.61972815	0.1073351
0.1286515	0.76703125	-0.61961424	0.1057838
0.12816471	0.7672983	-0.6195225	0.10497216
0.127609	0.7675824	-0.61943215	0.10410139
0.1270016	0.7678901	-0.6193329	0.10316031
0.12630405	0.768207	-0.61925185	0.10213982
0.12552957	0.76851016	-0.6192052	0.10109111
0.12473526	0.7688	-0.6191778	0.100032926
0.12390979	0.7690892	-0.6191632	0.09891931
0.1230873	0.7693743	-0.619169	0.09768544
0.12259197	0.7695753	-0.61917233	0.09669921
0.12211251	0.7698055	-0.6191671	0.09549954
0.12181725	0.76998407	-0.6191544	0.094514385
0.12151055	0.7701713	-0.6191487	0.0934158
0.12122134	0.7703489	-0.6191216	0.0925015
0.12086008	0.7705469	-0.61908376	0.09157245
0.1205138	0.7707268	-0.6190505	0.09073784
0.120142184	0.7708898	-0.61903316	0.08995886
0.119755164	0.77106756	-0.6189912	0.08923865
0.11931873	0.7713302	-0.61884695	0.0885517
0.11889863	0.7716202	-0.6186651	0.08785685
0.11823608	0.77211195	-0.6183433	0.08668965
0.11824647	0.7721157	-0.6183407	0.086660564
0.11732937	0.77277166	-0.6179355	0.084934086
0.11690336	0.77306783	-0.6177609	0.08409079
0.1164346	0.77338105	-0.61758775	0.08312769
0.11599955	0.77365667	-0.61744374	0.08223652
0.11553163	0.77389926	-0.61733377	0.0814341
0.11495967	0.774167	-0.61720973	0.08063561
0.11428194	0.7745792	-0.6169348	0.07973946
0.1142781	0.7745803	-0.61693496	0.079731576
0.113159165	0.77527463	-0.6164513	0.078308076
0.11249469	0.77571565	-0.61613345	0.07739505
0.111795686	0.77620035	-0.6157746	0.076397546
0.11106719	0.7767331	-0.6153647	0.07534071
0.11031417	0.7772933	-0.61492455	0.07425514
0.10958472	0.7779039	-0.6144113	0.07318227
0.10895412	0.7784525	-0.61393684	0.072265185
0.1083848	0.7789745	-0.61347336	0.07143002
0.10772456	0.77956194	-0.61295646	0.07044823
0.10770995	0.7795658	-0.6129571	0.07042161
0.10705571	0.7801374	-0.61245924	0.06941617
0.106675364	0.7804705	-0.6121644	0.06885543
0.10627602	0.7808159	-0.6118542	0.06831173
0.105826184	0.7811998	-0.61150956	0.06770331
0.10529802	0.7816254	-0.6111375	0.06697053
0.104555205	0.7821603	-0.6106917	0.06594914
0.10396346	0.78259397	-0.61032796	0.06509968
0.10341696	0.7830082	-0.6099735	0.06430686
0.10274802	0.7835182	-0.6095361	0.0633083
0.102160335	0.78403145	-0.6090745	0.06233977
0.10155173	0.7845893	-0.6085557	0.061376203
0.10105391	0.78507555	-0.6080857	0.060633432
0.100522086	0.7855915	-0.60757786	0.059920516
0.09995062	0.78609484	-0.6070887	0.059229765
0.09926906	0.7866071	-0.6066102	0.058472723
0.09851558	0.7871785	-0.60607076	0.05764679
0.09784321	0.7876575	-0.60562664	0.05691042
0.09708016	0.78818357	-0.6051408	0.056095846
0.09638802	0.7886762	-0.6046779	0.055351388
0.09574922	0.78907543	-0.6043202	0.054674122
0.09505147	0.78946453	-0.60398686	0.05395327
0.09421829	0.78986764	-0.60365975	0.053169403
0.093363635	0.790268	-0.6033406	0.05234392
0.09254702	0.7906589	-0.6030259	0.051509615
0.09181241	0.79103404	-0.60271305	0.05072208
0.091331676	0.79131	-0.6024671	0.050202914
0.090961516	0.79156077	-0.6022224	0.049858008
0.090604216	0.7918269	-0.60194355	0.049649272
0.08990466	0.79234296	-0.60140693	0.049189005
0.0899092	0.7923429	-0.6014065	0.049187902
0.08822244	0.7933796	-0.600382	0.048032578
0.0872476	0.79397726	-0.5997872	0.047364563
0.086247794	0.7946095	-0.5991612	0.046508357
0.08531336	0.7951976	-0.59857595	0.045709305
0.0843979	0.7957265	-0.5980633	0.04490821
0.08355134	0.7962975	-0.59746605	0.044315957
0.082882196	0.7967995	-0.5969211	0.043890633
0.08211627	0.79735297	-0.59630704	0.04362563
0.08105509	0.79814655	-0.5954127	0.043312017
0.08104355	0.79814744	-0.59541345	0.043306697
0.08014093	0.7990623	-0.59433687	0.042903125
0.07971472	0.7996235	-0.5936602	0.04260788
0.07940536	0.80018103	-0.59297246	0.042294923
0.07914954	0.8007216	-0.5922975	0.041999746
0.07887709	0.80129534	-0.59157705	0.04172364
0.07851685	0.80191416	-0.59080625	0.04143323
0.07811491	0.80253327	-0.5900367	0.04117185
0.07768614	0.8031797	-0.58923006	0.040929046
0.077224486	0.8038609	-0.58837694	0.040701304
0.076832384	0.80442923	-0.58766323	0.040523797
0.07640815	0.804998	-0.5869494	0.040379744
0.07594708	0.80556446	-0.5862357	0.040320694
0.07541645	0.8061596	-0.58548814	0.040283166
0.07482935	0.80678284	-0.5847058	0.04026496
0.07415104	0.8074573	-0.5838629	0.04023181
0.0733698	0.80819905	-0.58294106	0.040136717
0.07255315	0.8090041	-0.5819358	0.039990067
0.071788594	0.80981404	-0.58091563	0.039809212
0.07101871	0.8106753	-0.5798228	0.03958975
0.07043795	0.8113932	-0.5789004	0.039419997
0.06991547	0.8120957	-0.5779848	0.03932072
0.069546804	0.81269205	-0.57718575	0.039391436
0.06903069	0.8133466	-0.5763133	0.039560612
0.06857882	0.8139206	-0.57554626	0.039708477
0.067974195	0.8145444	-0.5747243	0.039862867
0.067236334	0.8151883	-0.5738906	0.039963186
0.06649287	0.8158206	-0.5730754	0.040002286
0.065722294	0.81645554	-0.5722642	0.03993166
0.064859696	0.8171417	-0.57139647	0.039733417
0.06393909	0.81786144	-0.5704882	0.039467085
0.06314674	0.81847715	-0.56970614	0.03927593
0.06251622	0.81898105	-0.56905454	0.03922848
0.06190993	0.8195022	-0.56836027	0.039368782
0.06144415	0.81996965	-0.56771404	0.03968988
0.06109438	0.82041544	-0.5670785	0.04010014
0.060829494	0.8208878	-0.566394	0.040507127
0.060413428	0.82181394	-0.5650644	0.040920544
0.060024414	0.82246214	-0.5641635	0.040899284
0.060034886	0.82246256	-0.56416255	0.040889602
0.05910127	0.823471	-0.5628242	0.040391613
0.059110887	0.8234716	-0.56282324	0.04037945
0.05806157	0.824645	-0.56124914	0.039861854
0.057684287	0.82513654	-0.5605755	0.039718375
0.05737938	0.82565343	-0.55984825	0.03967463
0.057172764	0.826149	-0.5591324	0.03975262
0.056960106	0.8266868	-0.55834675	0.0399168
0.056701828	0.8271836	-0.5576215	0.040132836
0.055912286	0.82807034	-0.5563574	0.04049315
0.055918608	0.82807016	-0.5563571	0.04049582
0.05533466	0.8285932	-0.5556269	0.04062024
0.05479408	0.82914793	-0.55484444	0.040730793
0.05433745	0.8297344	-0.55400145	0.040873777
0.05392096	0.8303431	-0.5531192	0.041010942
0.05354591	0.83099174	-0.5521668	0.04119938
0.053110033	0.8316617	-0.5511759	0.041513506
0.052601393	0.832276	-0.5502692	0.04187694
0.05176616	0.8330432	-0.5491521	0.042324666
0.050904255	0.8336768	-0.548245	0.04265335
0.050001904	0.8342833	-0.5473827	0.042935815
0.04895977	0.83500564	-0.5463527	0.04321286
0.048032902	0.83571047	-0.54534054	0.043411825
0.046939462	0.8366076	-0.54404914	0.04353182
0.046253502	0.8372503	-0.54311496	0.043574676
0.04553596	0.83802587	-0.5419746	0.04361946
0.044912446	0.8387632	-0.5408811	0.043667413
0.044376686	0.83946615	-0.5398262	0.043760315
0.043895382	0.8400962	-0.5388785	0.043835822
0.043440636	0.84071565	-0.53794277	0.043906335
0.04303519	0.841332	-0.5370086	0.043935265
0.04278386	0.84195083	-0.5360514	0.044015206
0.042615782	0.8425011	-0.53519773	0.044037223
0.042384427	0.8431273	-0.53423536	0.04396207
0.042116337	0.84374195	-0.5332945	0.043847587
0.04185037	0.84432375	-0.5323997	0.04377971
0.04141649	0.8452374	-0.53096974	0.043927874
0.041324615	0.8456301	-0.5303349	0.044124067
0.041364677	0.84597296	-0.5297649	0.044362336
0.041560687	0.84630024	-0.5292009	0.044665985
0.04182286	0.84662956	-0.52862823	0.04496016
0.042059436	0.846947	-0.5280784	0.045221627
0.042010903	0.8473445	-0.5274148	0.04556448
0.041742455	0.8477705	-0.5267203	0.045918405
0.041278146	0.8482859	-0.5258827	0.04641754
0.040744457	0.8488482	-0.5249667	0.04697351
0.040213082	0.84946346	-0.5239653	0.047491018
0.03976066	0.85008496	-0.5229582	0.047847636
0.03933801	0.85083187	-0.5217534	0.048074055
0.039070357	0.85145473	-0.520755	0.04809007
0.0388154	0.8521902	-0.51958025	0.047975115
0.038558524	0.8529194	-0.51841563	0.0478223
0.0382508	0.8536505	-0.517247	0.047679823
0.037898738	0.85436034	-0.5161096	0.047571674
0.037491843	0.8550921	-0.5149316	0.047511738
0.03704001	0.85587823	-0.51365817	0.04749663
0.03674444	0.8564631	-0.51270455	0.047486722
0.036479224	0.8571437	-0.5115882	0.047449112
0.036236662	0.85786617	-0.5104035	0.04733769
0.03602031	0.85847825	-0.50940174	0.04719682
0.03572738	0.85914177	-0.5083165	0.047046382
0.035362296	0.85978496	-0.5072609	0.046965193
0.03497604	0.8603977	-0.50624335	0.047012422
0.034552433	0.8609912	-0.50524807	0.047165964
0.034019265	0.86160636	-0.5042182	0.047343303
0.03339887	0.8622215	-0.50319654	0.04745496
0.03270018	0.86286134	-0.5021402	0.047500625
0.031973723	0.8635085	-0.50107384	0.047493987
0.031103728	0.8642585	-0.49984223	0.04740936
0.030411685	0.8648574	-0.4988546	0.0473382
0.02958758	0.8655304	-0.49774697	0.04721996
0.028850136	0.8661995	-0.49663547	0.047110848
0.02816513	0.8668788	-0.4954985	0.04700197
0.02753556	0.8675599	-0.49434742	0.04692859
0.02700929	0.86819726	-0.49325535	0.046938375
0.02641528	0.8689075	-0.49203312	0.046961177
0.025945172	0.8695219	-0.49095324	0.0471536
0.02541953	0.8701943	-0.48976538	0.047388285
0.024821812	0.87092316	-0.48848036	0.047579307
0.024286881	0.8715499	-0.48738277	0.047633946
0.023679486	0.87223816	-0.4861856	0.047576487
0.023087816	0.87292457	-0.48499286	0.047452927
0.02252872	0.8736147	-0.48378614	0.047337692
0.02198602	0.8743094	-0.48256	0.04728172
0.021423033	0.8750339	-0.48126435	0.04734348
0.020882683	0.87571627	-0.48003283	0.04747144
0.020310927	0.87639976	-0.47879294	0.04762629
0.019682419	0.877095	-0.47752705	0.047803696
0.018919785	0.87786794	-0.47612056	0.047950216
0.018258305	0.8784969	-0.47497723	0.04802697
0.017529786	0.8791731	-0.4737434	0.04810873
0.016608825	0.8799925	-0.47224703	0.048168864
0.015832597	0.88068163	-0.47098202	0.048218988
0.01499985	0.8814306	-0.46960258	0.04825685
0.014143474	0.8822126	-0.46815717	0.04826682
0.012656692	0.8836235	-0.46552104	0.04837001
0.01201982	0.8842743	-0.46427995	0.048566174
0.011425475	0.88487154	-0.4631339	0.048773095
0.010779857	0.8854622	-0.46198982	0.049049728
0.010089018	0.8860455	-0.4608512	0.04937549
0.009326198	0.886671	-0.45962968	0.049680386
0.008474761	0.88738585	-0.45823714	0.04993285
0.007802171	0.88798785	-0.45706102	0.050120164
0.007094644	0.8887006	-0.4556643	0.050308645
0.006520829	0.88941	-0.45427418	0.050423205
0.0058428682	0.8904313	-0.45227027	0.050492946
0.00519669	0.8915203	-0.45012337	0.05053165
0.004785495	0.89212406	-0.4489277	0.050554123
0.004263547	0.8928186	-0.4475475	0.050576817
0.0036266597	0.89362985	-0.4459307	0.050581772
0.003088591	0.89435923	-0.4444735	0.05055104
0.0026424052	0.89507306	-0.44304478	0.05048332
0.0022771657	0.8958139	-0.44155866	0.050382726
0.002012083	0.89652276	-0.4401301	0.050284274
0.0018065581	0.8971947	-0.43876165	0.050266594
0.0015771362	0.8978586	-0.4373902	0.05037151
0.0012738402	0.8985032	-0.43603665	0.050621886
0.00088848086	0.89913803	-0.434689	0.050947994
0.0004258009	0.89976794	-0.43334606	0.051270634
0.00010500354	-0.900441	0.4319067	-0.051601503
0.00069220434	-0.9012133	0.43027088	-0.05177896
0.001171248	-0.9018429	0.42893153	-0.051921204
0.001693742	-0.9025846	0.42735398	-0.052027617
0.002105838	-0.9031672	0.42610598	-0.05213837
0.0025501929	-0.90386194	0.42461115	-0.0522731
0.0028913433	-0.9044349	0.42337385	-0.052382242
0.0032095965	-0.9050889	0.42195696	-0.05249804
0.0034452481	-0.9057518	0.42052683	-0.052525934
0.003618697	-0.90644884	0.4190267	-0.05247883
0.0037504132	-0.9070977	0.41762912	-0.052398495
0.0037560156	-0.90709853	0.41762993	-0.052379683
0.003998315	-0.90830505	0.41498992	-0.052434143
0.0041293977	-0.90881574	0.41383573	-0.052696474
0.004312476	-0.9093774	0.41254482	-0.05311348
0.0044711456	-0.9097987	0.41157392	-0.053419005
0.00467656	-0.9102574	0.41052428	-0.05366075
0.0050039655	-0.91086423	0.40915355	-0.053803448
0.0052861753	-0.91132534	0.40812013	-0.053815305
0.0057058935	-0.91188586	0.40686548	-0.05377896
0.0062975627	-0.91251916	0.40544075	-0.05373186
0.0068596094	-0.9130146	0.40431467	-0.05373114
0.007541002	-0.91353273	0.4031209	-0.053803153
0.008225478	-0.9140097	0.40199715	-0.05400956
0.00889643	-0.9145008	0.40081683	-0.05436251
0.009651215	-0.9150566	0.39947516	-0.05475282
0.0103377495	-0.91554236	0.398292	-0.05512682
0.0112317875	-0.91618085	0.39672676	-0.055628
0.011934367	-0.9166815	0.395494	-0.056009058
0.012760559	-0.9172537	0.39407197	-0.056483276
0.013622428	-0.9177942	0.3927121	-0.056970745
0.014738153	-0.91840553	0.3911387	-0.05765817
0.015516283	-0.91882515	0.39004317	-0.05819072
0.016428145	-0.9193161	0.38875416	-0.058805704
0.017278172	-0.91982174	0.38743278	-0.059373297
0.017932696	-0.92029047	0.38621196	-0.05986825
0.018427884	-0.92076445	0.3849738	-0.06040336
0.018801782	-0.9212383	0.38373902	-0.060915522
0.01913743	-0.921734	0.38245764	-0.061371896
0.019471433	-0.92226833	0.38108227	-0.06179229
0.019811535	-0.9228563	0.37958646	-0.06211367
0.020116676	-0.92346406	0.37805843	-0.062299676
0.020309538	-0.92396986	0.37680086	-0.062357575
0.02046723	-0.924587	0.37527525	-0.06235775
0.020541506	-0.92511487	0.37397426	-0.06232008
0.020622214	-0.92563564	0.37268987	-0.062254265
0.020788236	-0.92616737	0.3713621	-0.06222656
0.021072516	-0.92672276	0.36994758	-0.062287003
0.021417506	-0.9272626	0.36854574	-0.062445164
0.021807343	-0.92783034	0.36704963	-0.06268884
0.022157216	-0.9283701	0.3656213	-0.06292229
0.022151489	-0.9283705	0.3656211	-0.06292039
0.022484334	-0.9290436	0.3638535	-0.0631121
0.022928853	-0.9299818	0.36138937	-0.063291326
0.023222128	-0.9305139	0.35998446	-0.063370794
0.023581458	-0.93103117	0.3586024	-0.063476115
0.023989	-0.9315346	0.35723177	-0.06366658
0.024425164	-0.9320153	0.35589	-0.06397868
0.024908278	-0.9324968	0.35452256	-0.064367294
0.025469147	-0.9330256	0.35302684	-0.06470439
0.025986865	-0.93355906	0.35153165	-0.06494432
0.026473785	-0.9341318	0.34995115	-0.06504798
0.026843678	-0.9346288	0.34859848	-0.06502129
0.027254391	-0.9352029	0.34704348	-0.06491307
0.027674532	-0.9357554	0.34554604	-0.06476145
0.028142273	-0.936315	0.3440141	-0.0646272
0.028646074	-0.93686175	0.34249148	-0.06456935
0.029209225	-0.93740106	0.34096858	-0.064549334
0.02982691	-0.9379478	0.33940828	-0.06454764
0.030400414	-0.93845403	0.33795616	-0.06454114
0.0309786	-0.93900305	0.33638266	-0.064501345
0.03145761	-0.93949693	0.33496585	-0.06445145
0.031920552	-0.9399806	0.33356735	-0.06442451
0.032415073	-0.9404468	0.33219463	-0.064465225
0.03303474	-0.9409176	0.3307786	-0.06456317
0.033771936	-0.9413811	0.3293634	-0.06465998
0.034607884	-0.9418475	0.3279169	-0.06477776
0.035417326	-0.9422891	0.32652453	-0.06495178
0.036274448	-0.9427349	0.32511353	-0.06508749
0.037061542	-0.94315076	0.32379198	-0.06520699
0.037898432	-0.943608	0.32233632	-0.06532227
0.03873203	-0.9440223	0.32100046	-0.06542604
0.039430387	-0.9443587	0.31990606	-0.06551389
0.04026452	-0.9447653	0.3185695	-0.0656559
0.041149583	-0.94522727	0.31703904	-0.065866895
0.04178136	-0.94564044	0.31568357	-0.06604937
0.042355455	-0.94603777	0.31437078	-0.06625408
0.042797245	-0.94649434	0.31289753	-0.06642315
0.042972613	-0.94702625	0.3112477	-0.066479065
0.043119494	-0.94756025	0.3095974	-0.06648156
0.043363377	-0.9481328	0.3078183	-0.06642099
0.043726448	-0.94870275	0.30602822	-0.06631659
0.044218503	-0.9492675	0.3042143	-0.06625463
0.044828195	-0.94980764	0.3024335	-0.0662575
0.045497317	-0.9503295	0.30067813	-0.066306464
0.04624293	-0.95086753	0.29884183	-0.066377796
0.04688933	-0.95133096	0.29723868	-0.0664831
0.04762096	-0.9518873	0.29528993	-0.06668358
0.048134197	-0.95229775	0.29383844	-0.066866346
0.04872534	-0.95276487	0.29216313	-0.06712503
0.04938778	-0.9532656	0.2903376	-0.067450814
0.050060336	-0.95373744	0.28858206	-0.06781936
0.050754152	-0.9541812	0.28689408	-0.06822116
0.051546086	-0.95465904	0.2850508	-0.068667576
0.052341633	-0.95513517	0.28321302	-0.06904793
0.053139176	-0.95563537	0.2812958	-0.069354735
0.05390555	-0.9561394	0.27938068	-0.06955634
0.054691557	-0.95669085	0.27731904	-0.06961143
0.05549348	-0.9572639	0.2751764	-0.06960174
0.056309406	-0.95786977	0.2728986	-0.06957918
0.057127263	-0.95847136	0.2706136	-0.06955133
0.058009535	-0.9590748	0.26827264	-0.06957157
0.05874975	-0.9595545	0.2663761	-0.06962315
0.059628095	-0.96007603	0.26426914	-0.06971635
0.060548883	-0.96057653	0.2622022	-0.06983364
0.061490536	-0.9610341	0.2602595	-0.069980785
0.062380444	-0.9614425	0.25847083	-0.070214
0.06333252	-0.96182203	0.25671372	-0.07060837
0.06436539	-0.962188	0.25496942	-0.07100682
0.06547427	-0.96255594	0.25318387	-0.07139515
0.066671714	-0.96294326	0.25127915	-0.071790814
0.06795356	-0.96335804	0.24922316	-0.072190255
0.06883174	-0.9636621	0.24771966	-0.07247559
0.06979372	-0.9640327	0.2458977	-0.07283067
0.070558526	-0.964384	0.24419364	-0.07317541
0.071195304	-0.96474445	0.24247277	-0.07352942
0.071700454	-0.9650829	0.24087873	-0.07383534
0.072193496	-0.96541905	0.23929083	-0.07412223
0.072693184	-0.96571183	0.2378687	-0.07439712
0.07331365	-0.96600837	0.23638107	-0.07467926
0.07427186	-0.96639967	0.23434831	-0.07507619
0.074266665	-0.96640015	0.23434807	-0.07507556
0.07536841	-0.9668488	0.23199573	-0.07550609
0.07592229	-0.9671263	0.23057851	-0.075737245
0.07632349	-0.9674172	0.22915502	-0.075938635
0.076585345	-0.9677107	0.22777222	-0.07609526
0.07675509	-0.96802676	0.22632897	-0.076211505
0.07689011	-0.96839166	0.22468098	-0.076316185
0.07702635	-0.9687342	0.22311878	-0.07641461
0.07723261	-0.9690822	0.22148564	-0.076544814
0.07756182	-0.96944803	0.2197124	-0.0766882
0.07809095	-0.96978873	0.21798351	-0.07677773
0.078638665	-0.97012025	0.2162725	-0.07686927
0.07923078	-0.97042686	0.21465784	-0.07691679
0.07997772	-0.9707351	0.21303877	-0.0767566
0.08080444	-0.9710288	0.2114223	-0.07664354
0.08164499	-0.97129565	0.20992175	-0.07649686
0.08252788	-0.9715415	0.20845824	-0.076429054
0.08339555	-0.9717442	0.2071502	-0.07646774
0.08428958	-0.97192353	0.2058815	-0.07663352
0.08522399	-0.9720893	0.20459592	-0.07694026
0.0860411	-0.97223127	0.20343888	-0.07730413
0.086699754	-0.97236085	0.20241906	-0.07761533
0.087369986	-0.97252524	0.20124924	-0.0778456
0.087998025	-0.9727195	0.19999017	-0.07795655
0.088623166	-0.97295296	0.19856533	-0.077976294
0.08925832	-0.97322345	0.19696698	-0.07792984
0.08988978	-0.97353345	0.19517708	-0.077836156
0.09043794	-0.9738552	0.19335021	-0.07773587
0.09089794	-0.974193	0.19145317	-0.07766152
0.09125234	-0.9745336	0.18955868	-0.07761952
0.091537856	-0.9748991	0.18753104	-0.07761907
0.091718815	-0.9751685	0.18603425	-0.07762277
0.09194787	-0.9754884	0.18427183	-0.07753593
0.0921928	-0.9757735	0.18269856	-0.0773816
0.09254389	-0.9760977	0.18087442	-0.07715786
0.0928878	-0.9763828	0.1792352	-0.076963805
0.093244664	-0.97668403	0.1774714	-0.076796025
0.093529105	-0.9769697	0.17579004	-0.07668436
0.09373411	-0.97724164	0.17419353	-0.07661176
0.09390506	-0.97750634	0.17261294	-0.07660271
0.09403788	-0.9777533	0.17114472	-0.07658272
0.09427548	-0.9779965	0.16963692	-0.07653983
0.09459841	-0.97823805	0.16808338	-0.07648199
0.094986215	-0.97848827	0.16644831	-0.07637553
0.0954135	-0.97875667	0.16468039	-0.07623731
0.095812075	-0.9790276	0.16287842	-0.07613015
0.09614862	-0.9792939	0.1610986	-0.07606745
0.09642631	-0.97955436	0.15934531	-0.076054804
0.09665946	-0.9797831	0.15776728	-0.07610216
0.09698059	-0.98004764	0.15586704	-0.076203294
0.09698492	-0.9800479	0.15586862	-0.07619122
0.09762575	-0.9803061	0.15376756	-0.07632103
0.09807829	-0.98045605	0.15249388	-0.076369435
0.098985426	-0.9807703	0.14991038	-0.076278746
0.09944979	-0.9809526	0.14848578	-0.07611626
0.0999583	-0.9811584	0.14688209	-0.07591087
0.10106453	-0.98152506	0.14377958	-0.075643644
0.10183631	-0.9817091	0.14200188	-0.07557856
0.10250272	-0.981835	0.14064214	-0.075584285
0.10321672	-0.98194313	0.13930069	-0.07569296
0.1039394	-0.98204994	0.13790627	-0.07587213
0.10454571	-0.9821587	0.13659501	-0.07600245
0.10513785	-0.9823099	0.13502488	-0.076037385
0.1055595	-0.9824661	0.13360079	-0.07595045
0.10595231	-0.98265177	0.1319915	-0.07581595
0.1063447	-0.98283464	0.13036963	-0.075701796
0.10675532	-0.9830056	0.12875734	-0.07566413
0.10723264	-0.98315555	0.12717958	-0.075709365
0.1076562	-0.98327947	0.12579937	-0.07580476
0.108112186	-0.9834075	0.12431318	-0.075945385
0.1085508	-0.983526	0.12292221	-0.0760492
0.10906057	-0.98365617	0.121376604	-0.076118134
0.10968255	-0.9837978	0.11962461	-0.07616851
0.11033769	-0.983914	0.1180277	-0.07621258
0.111225106	-0.98402816	0.11620047	-0.07625635
0.112251505	-0.9841256	0.114338666	-0.07630925
0.11340214	-0.98420537	0.11244238	-0.076396726
0.114705384	-0.9842779	0.11036229	-0.07655022
0.11562685	-0.9843326	0.10881183	-0.07667947
0.11656677	-0.984407	0.10700316	-0.07684665
0.117305055	-0.9844942	0.10528196	-0.07698358
0.11786244	-0.9845992	0.10360014	-0.07707148
0.118236825	-0.98471373	0.102051936	-0.07709928
0.11852826	-0.9848355	0.10053084	-0.07709498
0.11874899	-0.98495376	0.099087395	-0.0771134
0.118870676	-0.9850545	0.097796544	-0.0772877
0.118966326	-0.9851316	0.0966352	-0.07761632
0.11905131	-0.98520064	0.09551514	-0.07799597
0.119128704	-0.98527926	0.09434184	-0.07831268
0.119141325	-0.9853785	0.09312715	-0.078498594
0.11910882	-0.9854838	0.09196759	-0.07859232
0.11903593	-0.9856107	0.09064227	-0.07865155
0.118916534	-0.9857324	0.0894519	-0.078670286
0.11877919	-0.9858657	0.08813866	-0.078688964
0.11869934	-0.98598707	0.08677644	-0.07880269
0.11866527	-0.9860825	0.08559777	-0.078950085
0.11866764	-0.98616654	0.08444964	-0.079132475
0.118712634	-0.9862693	0.082834266	-0.0794912
0.11875018	-0.9862682	0.082843654	-0.07943759
0.1189167	-0.98635757	0.080871046	-0.08010904
0.11908902	-0.9864004	0.07963433	-0.08056275
0.11932671	-0.9864362	0.078361094	-0.08102151
0.11959276	-0.98646516	0.07714138	-0.08144495
0.11984873	-0.98649645	0.07588207	-0.0818719
0.12007617	-0.9865312	0.07456623	-0.08232705
0.12024108	-0.9865674	0.07332796	-0.0827651
0.12033266	-0.98661864	0.0720204	-0.08316862
0.12032759	-0.98668945	0.070628695	-0.083527155
0.12020212	-0.9867796	0.06919141	-0.08384656
0.11994786	-0.9868809	0.06782089	-0.08413716
0.11957764	-0.98698556	0.066541456	-0.08445681
0.11905827	-0.9870699	0.06553008	-0.08499411
0.1185772	-0.98714745	0.06459437	-0.08548095
0.11808353	-0.9872052	0.06382104	-0.086075954
0.117640704	-0.98724556	0.063162625	-0.08670384
0.11726219	-0.98728245	0.062449507	-0.08731058
0.11699134	-0.9873121	0.061711486	-0.08786118
0.11681582	-0.9873353	0.060662337	-0.08856152
0.116828494	-0.98733956	0.060671996	-0.088491715
0.116582416	-0.98735267	0.059264462	-0.08961646
0.11644561	-0.9873391	0.058660984	-0.09033814
0.11630738	-0.9873043	0.058113653	-0.09124508
0.11619063	-0.9872645	0.057630315	-0.09212753
0.11604086	-0.9872281	0.05718256	-0.092981026
0.11582764	-0.98719215	0.05664925	-0.09394962
0.11583492	-0.98719424	0.056654036	-0.09391577
0.11536432	-0.98718476	0.056049526	-0.094951905
0.11500156	-0.9871802	0.05568043	-0.09565456
0.11502158	-0.98718125	0.05568708	-0.09561464
0.11440104	-0.9871239	0.055561785	-0.097013354
0.11402996	-0.9870752	0.05562584	-0.097905256
0.11369004	-0.9870175	0.055748	-0.098809205
0.11334438	-0.98695135	0.055849466	-0.09980478
0.113056	-0.98689073	0.05588613	-0.100706205
0.1127848	-0.9868379	0.055844408	-0.10154783
0.11219817	-0.9867574	0.055652145	-0.10307435
0.11195453	-0.9867176	0.055601865	-0.10374534
0.11174984	-0.9866709	0.055606026	-0.104405776
0.1116342	-0.9866202	0.055649895	-0.10498386
0.11164095	-0.98656374	0.05568698	-0.10548637
0.111760266	-0.9864949	0.055686932	-0.10600291
0.11196217	-0.9864126	0.055667672	-0.10656386
0.112215534	-0.98631924	0.055631205	-0.10717869
0.112514965	-0.9862181	0.055562537	-0.10782903
0.11278992	-0.9861236	0.055494644	-0.10843883
0.113014564	-0.98603576	0.05545508	-0.10902319
0.11317133	-0.9859552	0.055458106	-0.1095868
0.11332401	-0.98587143	0.055547938	-0.11013522
0.11337421	-0.9857993	0.055640686	-0.11068105
0.11344563	-0.9857162	0.05570588	-0.11131337
0.11351166	-0.98563147	0.055778228	-0.111957595
0.113529615	-0.9855501	0.055874035	-0.112606175
0.113502786	-0.98547775	0.056011803	-0.11319638
0.1134099	-0.9854013	0.05625165	-0.11383521
0.1133183	-0.98533255	0.056530025	-0.11438171
0.11318655	-0.9852482	0.05688371	-0.11506187
0.11305319	-0.9851653	0.057210457	-0.11573882
0.112889916	-0.9850803	0.05746183	-0.11649364
0.11275069	-0.9850201	0.05755045	-0.11709272
0.112585105	-0.9849647	0.057510372	-0.11773542
0.11238388	-0.98492146	0.057379466	-0.1183519
0.11209028	-0.98489	0.057227414	-0.118964456
0.11168568	-0.9848634	0.057099503	-0.119624645
0.11115522	-0.9848355	0.057012986	-0.12038688
0.110614605	-0.9848195	0.056963738	-0.12103861
0.11005442	-0.98481977	0.056909468	-0.12157079
0.10946727	-0.98481715	0.05690922	-0.122121006
0.10898445	-0.984793	0.05696808	-0.12271817
0.1085942	-0.984748	0.057055853	-0.12338286
0.10838739	-0.98468155	0.057228472	-0.12401376
0.10835913	-0.9845833	0.057396557	-0.12473853
0.108479954	-0.9844519	0.057640765	-0.12555501
0.108697884	-0.9842856	0.058003794	-0.12649973
0.10898496	-0.98410505	0.05844468	-0.12745106
0.109296665	-0.983924	0.05893348	-0.1283539
0.10959269	-0.98374355	0.059426855	-0.12925361
0.109900385	-0.9835495	0.059892934	-0.13025093
0.11009578	-0.9834144	0.06018159	-0.13097082
0.11028488	-0.98328185	0.060497113	-0.13165998
0.1103674	-0.9831755	0.060831383	-0.13222905
0.11038804	-0.983085	0.061188914	-0.13271925
0.110369325	-0.98299354	0.061592776	-0.13322473
0.110291876	-0.9828978	0.0620374	-0.133787
0.110155255	-0.9828052	0.062468473	-0.13437818
0.10998764	-0.9827108	0.06286771	-0.13501842
0.10984139	-0.98261255	0.063179664	-0.13570541
0.10972965	-0.9825092	0.06341878	-0.13642995
0.10963049	-0.9824085	0.0636072	-0.13714515
0.109491	-0.9823126	0.06381426	-0.13784604
0.10927995	-0.98222727	0.06406957	-0.13850136
0.109019436	-0.9821539	0.064329036	-0.13910592
0.10873056	-0.9820766	0.06458385	-0.13975795
0.10842255	-0.98199755	0.06482496	-0.14043926
0.108102664	-0.9819304	0.06501965	-0.14106378
0.107743986	-0.98186016	0.065196805	-0.14174388
0.10735077	-0.98180866	0.06533902	-0.14233199
0.10691387	-0.981771	0.06549579	-0.14284773
0.106443875	-0.9817438	0.06558013	-0.14334609
0.10594076	-0.98171514	0.06567647	-0.14387022
0.10534735	-0.98169	0.06583401	-0.14440414
0.104818486	-0.9816796	0.06600037	-0.14478366
0.10424468	-0.9816841	0.06618654	-0.14508219
0.103661835	-0.9816979	0.06635499	-0.14532892
0.10311173	-0.9817068	0.06647357	-0.14560612
0.10259649	-0.9817023	0.06659635	-0.14594346
0.10203812	-0.9816895	0.06673242	-0.1463583
0.101411685	-0.98166275	0.06689718	-0.146897
0.10076267	-0.98164403	0.06706757	-0.14739022
0.10014498	-0.9816207	0.067259505	-0.14787816
0.09956035	-0.9815868	0.06748564	-0.14839412
0.09903361	-0.9815566	0.06773201	-0.1488337
0.09842544	-0.98153496	0.06806395	-0.14922817
0.09786532	-0.981517	0.068420924	-0.14955053
0.09731598	-0.98147416	0.06887509	-0.14998128
0.096808285	-0.98141074	0.06939844	-0.15048279
0.0962813	-0.9813312	0.06995233	-0.15108228
0.09549733	-0.98118013	0.070807524	-0.1521582
0.095458195	-0.9811804	0.07079887	-0.15218504
0.094666615	-0.9810432	0.07156328	-0.15320277
0.09419801	-0.98096555	0.07195917	-0.15380265
0.093843915	-0.98090017	0.07227684	-0.15428618
0.0936147	-0.98084825	0.07253432	-0.15463421
0.09343708	-0.980815	0.07276543	-0.15484412
0.0932806	-0.9807995	0.07297492	-0.15493841
0.093123555	-0.98079765	0.073141925	-0.15496522
0.09294933	-0.98079854	0.073278025	-0.15500036
0.09276186	-0.98078495	0.07341163	-0.15513511
0.09256954	-0.9807528	0.073556945	-0.15538436
0.09238918	-0.9807117	0.073697336	-0.15568425
0.092236035	-0.98066974	0.073820844	-0.15598027
0.09211473	-0.9806422	0.07389807	-0.15618865
0.09198726	-0.9806446	0.073908865	-0.15624346
0.0918614	-0.9806456	0.07391479	-0.15630841
0.0916709	-0.9807065	0.07389338	-0.15604772
0.09149956	-0.9807327	0.073920734	-0.155971
0.091217436	-0.9807484	0.07404681	-0.15597765
0.091106474	-0.9807568	0.07402782	-0.15599892
0.0905228	-0.9807531	0.07433118	-0.1562177
0.090019874	-0.98076856	0.07444242	-0.15635857
0.089451864	-0.98079747	0.07445265	-0.1564984
0.08890423	-0.98083377	0.07438268	-0.15661567
0.08828284	-0.98088455	0.07426034	-0.15670747
0.08764185	-0.9809545	0.07413327	-0.15668924
0.08663166	-0.98108196	0.074078836	-0.15647846
0.08619062	-0.98114383	0.07416868	-0.15629177
0.08585739	-0.9812013	0.07428655	-0.1560578
0.08566882	-0.98124754	0.07438477	-0.15582395
0.08554961	-0.9812877	0.0745279	-0.15556738
0.08549961	-0.9813121	0.07469026	-0.15536335
0.08548302	-0.9813299	0.07488376	-0.15516683
0.0854553	-0.9813388	0.075071484	-0.15503532
0.0854384	-0.9813324	0.07530332	-0.1549725
0.08540054	-0.98132885	0.07550369	-0.1549185
0.08537051	-0.9813314	0.0756735	-0.15483572
0.085372575	-0.98134047	0.07577047	-0.15472981
0.085309	-0.9813371	0.07585476	-0.15474471
0.08520579	-0.9813244	0.075935915	-0.15484278
0.08503328	-0.98133165	0.075987786	-0.15486607
0.08477621	-0.98136973	0.076013744	-0.15475254
0.08448995	-0.98141086	0.07602501	-0.154643
0.08421871	-0.9814456	0.075973846	-0.15459509
0.08408387	-0.98145676	0.07584864	-0.15465951
0.08396369	-0.981506	0.075421244	-0.15462162
0.08393575	-0.9815681	0.075089164	-0.15440428
0.08390204	-0.9816628	0.074729934	-0.15399422