0.11002368	0.74783283	-0.6294419	0.18012172
0.109840706	0.7481073	-0.6292083	0.17990951
0.10976236	0.74836653	-0.62897724	0.17968714
0.10974016	0.74860233	-0.62875676	0.17948994
0.109804384	0.74879706	-0.6285544	0.17934702
0.10992794	0.74894327	-0.62839395	0.17922321
0.110082395	0.7490417	-0.6282626	0.17917782
0.11021508	0.749137	-0.62812954	0.17916419
0.11032549	0.7492248	-0.6280041	0.17916861
0.11040866	0.74924904	-0.62797076	0.179133
0.11043994	0.7492459	-0.62799954	0.17902595
0.110436395	0.74920595	-0.6280815	0.17890789
0.110465385	0.749126	-0.6281859	0.17885767
0.11054556	0.7490069	-0.6282693	0.17901427
0.11066787	0.7488747	-0.6283175	0.17932242
0.11083533	0.7487363	-0.62834907	0.1796859
0.11098933	0.7486389	-0.62834686	0.18000413
0.11107882	0.7486167	-0.62830424	0.18018991
0.11112283	0.74866074	-0.62823	0.1802385
0.11112745	0.7487161	-0.62817734	0.18018913
0.11115934	0.74872684	-0.628205	0.18002874
0.11127195	0.7486487	-0.6283243	0.17986774
0.11152096	0.74845755	-0.6285278	0.17979775
0.111908324	0.748164	-0.6288085	0.17979763
0.11240709	0.74779934	-0.62912893	0.17988247
0.11294203	0.7474676	-0.6293965	0.17999023
0.11342364	0.7472586	-0.6295423	0.18004498
0.1137552	0.74723095	-0.629529	0.17999716
0.11390105	0.7473655	-0.6293939	0.17981909
0.113863535	0.74762017	-0.62917894	0.17953609
0.11372124	0.7479218	-0.6289196	0.17927815
0.113540284	0.7481939	-0.62867236	0.17912474
0.113340266	0.7484512	-0.6284089	0.17910114
0.11313401	0.7486647	-0.62813973	0.17928293
0.11294002	0.7488122	-0.62789863	0.17963345
0.11273017	0.7488545	-0.6277329	0.18016757
0.11255698	0.7488918	-0.6275575	0.1807308
0.11233084	0.74895406	-0.6273947	0.18117838
0.111966886	0.7490728	-0.62725514	0.181396
0.11164014	0.749178	-0.62713313	0.18158461
0.11145853	0.7492411	-0.6270241	0.18181187
0.111334085	0.7493052	-0.62686574	0.18216994
0.11123081	0.74940133	-0.62663805	0.18262033
0.11111373	0.7495423	-0.6263449	0.18311805
0.11100102	0.7497134	-0.6260255	0.18357739
0.11087955	0.74990904	-0.62570906	0.18393047
0.11076763	0.750125	-0.62543344	0.18405455
0.11064805	0.7503409	-0.6252429	0.18389378
0.1105258	0.75055844	-0.6251133	0.18351968
0.11042585	0.7507699	-0.62502617	0.18301085
0.11041765	0.75091016	-0.62500024	0.18252835
0.11049616	0.7509693	-0.62502146	0.18216424
0.11066012	0.75092185	-0.62509054	0.18202347
0.11086981	0.7507667	-0.62520236	0.18215221
0.11107888	0.75055397	-0.6253173	0.18250656
0.11121916	0.75033325	-0.6254289	0.18294582
0.11125606	0.75015295	-0.6255329	0.18330652
0.111140236	0.7500528	-0.6256198	0.18348996
0.1109105	0.7500058	-0.6257176	0.18348755
0.110716246	0.74996513	-0.62582487	0.18340512
0.11053865	0.7499022	-0.6259693	0.18327668
0.11043156	0.7498457	-0.6260866	0.18317181
0.11040917	0.7498082	-0.6261415	0.1831515
0.11047301	0.7497499	-0.62617385	0.18324059
0.11062082	0.7496733	-0.62619126	0.18340534
0.11081251	0.7496366	-0.62615055	0.18357904
0.11091207	0.74967736	-0.6260693	0.18362904
0.11095961	0.7497531	-0.6259995	0.18352887
0.1109373	0.74982065	-0.6259772	0.18334274
0.11086256	0.7498577	-0.6260112	0.18312012
0.11078445	0.74981207	-0.6261307	0.18294556
0.11072368	0.7496796	-0.62631124	0.18290743
0.11067851	0.74947536	-0.6265266	0.1830341
0.11064008	0.7492421	-0.6267453	0.18326321
0.110602565	0.74901825	-0.6269317	0.18356298
0.11050854	0.7488783	-0.6270235	0.18387707
0.1101279	0.74891716	-0.62688696	0.18441176
0.10983703	0.7490823	-0.62671053	0.184514
0.10955255	0.7492833	-0.62653387	0.18446729
0.10935733	0.7494673	-0.62639445	0.18430874
0.10930561	0.7496105	-0.6262855	0.18412729
0.10933727	0.74975336	-0.6261602	0.18395334
0.10943614	0.74992144	-0.625991	0.1837852
0.10954759	0.7501308	-0.6257754	0.18359828
0.10964183	0.750381	-0.6255267	0.18336658
0.10974933	0.7506242	-0.6252888	0.1831188
0.10988478	0.7507201	-0.62520427	0.18293315
0.110107824	0.75072974	-0.6252027	0.18276489
0.11033635	0.7507012	-0.62525433	0.18256697
0.1105043	0.7506817	-0.6252873	0.18243265
0.110589735	0.7507414	-0.6252635	0.1822161
0.11060419	0.7508831	-0.6251408	0.18204534
0.11055879	0.75108767	-0.6249341	0.18193816
0.11052738	0.75133544	-0.6246329	0.18196884
0.110411026	0.7516222	-0.6242509	0.18216574
0.11029756	0.7518834	-0.6238727	0.1824516
0.11008185	0.7521501	-0.62351257	0.18271346
0.10968552	0.752455	-0.62315595	0.18291369
0.10912892	0.75277036	-0.6228235	0.18308096
0.108627416	0.75300866	-0.62259424	0.18317875
0.108169034	0.7532262	-0.6223633	0.18334034
0.10777342	0.7534176	-0.6221174	0.18362111
0.10741378	0.7536199	-0.62183213	0.18396775
0.1071228	0.75384665	-0.62149554	0.18434565
0.10687299	0.75410324	-0.62110114	0.18476994
0.10669426	0.7543608	-0.6206836	0.185224
0.10653508	0.7546152	-0.62026715	0.18567444
0.10634006	0.7549087	-0.61979765	0.18616015
0.10605489	0.7552599	-0.6192838	0.1866079
0.10572629	0.75560635	-0.6187858	0.18704316
0.105377905	0.7559059	-0.61832803	0.18754283
0.10507121	0.7561263	-0.6179717	0.18800046
0.104731105	0.75634414	-0.61762565	0.18845049
0.104376525	0.7565917	-0.6172596	0.18885194
0.10397032	0.75690633	-0.6168224	0.18924361
0.103605404	0.75722015	-0.6163853	0.18961206
0.10333286	0.757497	-0.6159911	0.18993601
0.1033675	0.75750875	-0.61598545	0.1898881
0.10320906	0.75776553	-0.61556244	0.19032145
0.10314081	0.757835	-0.6153286	0.19083786
0.10325001	0.75781	-0.6152457	0.19114465
0.10329354	0.75783265	-0.61514115	0.19136773
0.103270255	0.75794464	-0.614935	0.19159912
0.10316466	0.7581553	-0.614622	0.1918267
0.10302566	0.75846803	-0.6142095	0.19198613
0.10274021	0.7591941	-0.6132994	0.19217859
0.102735534	0.7595713	-0.6128365	0.19216755
0.10281591	0.75984955	-0.6125082	0.19207098
0.103002585	0.76006395	-0.6122519	0.19194011
0.10326468	0.76018876	-0.6120825	0.19184552
0.10352404	0.7602592	-0.6119545	0.19183438
0.10369671	0.7603271	-0.6118085	0.19193815
0.10370154	0.76042074	-0.61161476	0.19218147
0.10358485	0.76054937	-0.6113299	0.19264112
0.1033569	0.7607099	-0.610939	0.1933684
0.10312717	0.76087046	-0.6105787	0.19399662
0.102804065	0.7611116	-0.6100817	0.19478457
0.102604166	0.7613027	-0.60972047	0.19527313
0.10246106	0.7614935	-0.6093714	0.19569351
0.10239438	0.7616889	-0.6090455	0.19598241
0.10238112	0.76190513	-0.6087325	0.19612117
0.10242588	0.76213217	-0.6084095	0.1962179
0.1025126	0.76235247	-0.6080666	0.19638006
0.10257789	0.7625609	-0.60769874	0.19667505
0.10253935	0.762801	-0.6072623	0.19711165
0.10239854	0.762991	-0.60685897	0.1976906
0.102018215	0.7632619	-0.6063098	0.19852488
0.1020357	0.7632621	-0.6063057	0.19852746
0.10144473	0.7635774	-0.60569805	0.19947049
0.101063594	0.7637613	-0.6053301	0.20007639
0.10065188	0.7639584	-0.6049289	0.20074342
0.100208946	0.7641761	-0.6044837	0.2014763
0.09959596	0.76448894	-0.60387117	0.202428
0.09908096	0.7647756	-0.60332316	0.20323043
0.098447815	0.7651266	-0.60269284	0.20408511
0.09780946	0.765483	-0.60207456	0.20487864
0.09720634	0.7658223	-0.601476	0.20565492
0.09669916	0.7661137	-0.6009508	0.2063431
0.09632084	0.766322	-0.60052377	0.20698802
0.09603894	0.7664521	-0.600148	0.20772578
0.0958474	0.7665398	-0.59981215	0.20845996
0.095702805	0.76664066	-0.5994573	0.20917472
0.09558065	0.7667974	-0.59906983	0.2097649
0.09522005	0.76736575	-0.5981043	0.21060461
0.0951152	0.7677182	-0.5975652	0.2108973
0.09503154	0.7680634	-0.59703624	0.21117626
0.0949281	0.76840997	-0.59649384	0.21149425
0.09481383	0.7686936	-0.59601545	0.21186338
0.09462828	0.76899993	-0.59549177	0.2123067
0.09464048	0.76898706	-0.5954856	0.21236508
0.09404712	0.76955885	-0.5946	0.21303795
0.09375557	0.76983434	-0.5941601	0.21339835
0.09352973	0.77007884	-0.59372175	0.2138345
0.09339679	0.7702752	-0.5933006	0.21435443
0.09328561	0.77045465	-0.5929023	0.2148587
0.09317221	0.77064997	-0.5925049	0.21530361
0.09293364	0.77093714	-0.5919814	0.2158177
0.09297789	0.77092934	-0.5919684	0.21586277
0.09240868	0.7714345	-0.5911561	0.21652709
0.092069626	0.771791	-0.5906336	0.21682726
0.091755606	0.7721987	-0.59006506	0.21705583
0.0914829	0.77260613	-0.58949584	0.21726747
0.09127013	0.77294326	-0.58898246	0.2175508
0.09109522	0.77318937	-0.5885116	0.21802337
0.0909523	0.77331334	-0.5881438	0.21863444
0.0907933	0.77335155	-0.5877325	0.21966922
0.090778306	0.7733618	-0.587739	0.21962199
0.090460986	0.77332747	-0.5871684	0.22139287
0.09024879	0.7733661	-0.5868118	0.22228819
0.08999257	0.7734774	-0.58642393	0.22302717
0.089761905	0.7736427	-0.5860532	0.22352077
0.08952447	0.773849	-0.5856668	0.22391394
0.08933056	0.77404493	-0.58529437	0.22428803
0.0892271	0.7742433	-0.58477455	0.22499923
0.089270465	0.7742413	-0.5847628	0.22501941
0.08912425	0.7744605	-0.584176	0.2258455
0.08889897	0.7747684	-0.583417	0.22683798
0.08868035	0.7750491	-0.5827948	0.22756356
0.08837358	0.7754268	-0.58209556	0.22818466
0.08802277	0.77586913	-0.5813621	0.22868559
0.08768989	0.7762988	-0.58069986	0.22903803
0.087453954	0.7766303	-0.58019924	0.2292732
0.08742415	0.7766868	-0.5799618	0.22969304
0.0875185	0.77664065	-0.57980835	0.2302003
0.08760566	0.7765846	-0.5796009	0.23087767
0.087581456	0.77663636	-0.5792475	0.23159866
0.087442234	0.7768117	-0.5787205	0.23237905
0.0872824	0.7770752	-0.57810277	0.233095
0.08712751	0.77739125	-0.5774593	0.23369291
0.08696671	0.77773225	-0.57680875	0.2342243
0.08676599	0.7780623	-0.57619053	0.23472401
0.08648799	0.7783762	-0.57559234	0.2352526
0.08610789	0.77868766	-0.57498175	0.23585358
0.08563849	0.779	-0.57437277	0.23647651
0.08506925	0.77936476	-0.57369524	0.23712379
0.084440336	0.7797685	-0.5729594	0.23779888
0.08365886	0.7803249	-0.571968	0.2386359
0.08364493	0.7803075	-0.5719665	0.23870108
0.082958244	0.78090644	-0.57082176	0.23971988
0.082199775	0.78161997	-0.5694684	0.24087155
0.081757404	0.7820599	-0.5686373	0.24155709
0.08131011	0.78251165	-0.56779796	0.24221872
0.08080782	0.7829296	-0.567041	0.24280861
0.080287516	0.7833632	-0.56625384	0.24341898
0.07973896	0.783767	-0.565496	0.24406037
0.07917461	0.78413296	-0.56477237	0.24474329
0.07850842	0.7845464	-0.56397843	0.24546222
0.07773914	0.7849733	-0.5631518	0.24623887
0.07697092	0.7853561	-0.5623515	0.24708746
0.07618347	0.7857499	-0.5615268	0.24795337
0.07543572	0.7860766	-0.56076384	0.24887136
0.07486301	0.78636515	-0.56007403	0.24968499
0.074337564	0.7866795	-0.5593313	0.25051516
0.073867545	0.78699833	-0.55855817	0.25137645
0.0734356	0.78731453	-0.5577641	0.2522742
0.07281048	0.7878184	-0.55657977	0.2534955
0.072816305	0.7878197	-0.5565786	0.25349244
0.07201276	0.78854	-0.5552126	0.2544753
0.0715135	0.78900576	-0.5543717	0.25500554
0.07108432	0.7894229	-0.5536291	0.25544757
0.07067021	0.78983986	-0.5528467	0.25596738
0.07033018	0.79018825	-0.55216444	0.25645795
0.06995208	0.79056907	-0.5513856	0.25706288
0.06958806	0.7909197	-0.5506377	0.25768524
0.06919719	0.7912769	-0.5498816	0.2583076
0.06880705	0.7916271	-0.5491297	0.2589376
0.06844075	0.7919684	-0.54840976	0.25951645
0.06807185	0.792348	-0.54768527	0.25998414
0.06774148	0.7927226	-0.5469602	0.26045486
0.06746931	0.79304945	-0.54625386	0.2610121
0.067276336	0.79331553	-0.54558736	0.26164648
0.06713428	0.79353005	-0.5449335	0.26239374
0.066961706	0.793767	-0.5441882	0.26326683
0.06669805	0.7940639	-0.54337186	0.26412284
0.0662129	0.79460055	-0.5423171	0.26479813
0.0656828	0.7951581	-0.54121137	0.26551807
0.06518432	0.79573613	-0.54016435	0.2660404
0.064666666	0.79644644	-0.53896177	0.26647982
0.064219475	0.7971361	-0.5378166	0.266839
0.06393554	0.797825	-0.53656816	0.26736164
0.06376355	0.79835355	-0.5355223	0.26792103
0.06358385	0.79889864	-0.53439146	0.26859608
0.06334169	0.7994794	-0.53324693	0.26919928
0.06305353	0.8000725	-0.53213364	0.2697075
0.06278174	0.80066043	-0.5310644	0.2701331
0.062500164	0.80122316	-0.53006935	0.27048454
0.062192068	0.8017647	-0.529154	0.27074277
0.061909355	0.8022801	-0.5282889	0.27096993
0.061666455	0.8027274	-0.52750045	0.27123666
0.061548557	0.8030527	-0.52678293	0.27169442
0.061506417	0.80326515	-0.52614814	0.27230528
0.061477575	0.80340993	-0.5255723	0.272996
0.06136212	0.80358297	-0.5249092	0.27378765
0.060600597	0.80411094	-0.52359736	0.27491653
0.059920933	0.8045105	-0.52280897	0.27539676
0.059091546	0.8049891	-0.5219107	0.27588028
0.05823129	0.80549186	-0.5209787	0.27635726
0.057233933	0.8060688	-0.51985055	0.27700686
0.056402914	0.8065323	-0.5188766	0.2776536
0.055626746	0.80695504	-0.5179372	0.27833498
0.054780394	0.8073835	-0.51690346	0.27918077
0.05396302	0.8077769	-0.5159051	0.28004748
0.05311273	0.8081462	-0.5149425	0.2809146
0.05240225	0.80842775	-0.51411676	0.28174925
0.051615786	0.80871236	-0.5131897	0.2827662
0.051068746	0.80891335	-0.51253855	0.28347045
0.050345905	0.80922824	-0.5117246	0.28417072
0.04950537	0.80957574	-0.51083827	0.28492215
0.048454102	0.80998874	-0.50972164	0.2859272
0.04843123	0.8099776	-0.5097245	0.28595752
0.04699941	0.8106428	-0.50802493	0.28733283
0.046137642	0.8111092	-0.50687635	0.2881837
0.045387052	0.8115869	-0.5057761	0.28888944
0.04462019	0.8121609	-0.50457644	0.28949338
0.04372122	0.8128851	-0.50316566	0.29005262
0.042974945	0.81352085	-0.5019903	0.29041815
0.042148173	0.81421155	-0.500687	0.29085326
0.041386522	0.81479234	-0.4994821	0.29140744
0.040639855	0.81527996	-0.49833417	0.29211316
0.03993981	0.8156669	-0.49728203	0.29292136
0.039283548	0.8159878	-0.49630055	0.29377964
0.038615607	0.8163102	-0.49533445	0.2946018
0.03798479	0.81662107	-0.49442324	0.2953522
0.037434578	0.8169143	-0.49359092	0.29600298
0.036963727	0.817187	-0.49284226	0.29655635
0.036533203	0.81744784	-0.49210376	0.29711667
0.03615073	0.8176828	-0.4913987	0.29768324
0.035783604	0.8179156	-0.49068096	0.29827127
0.03539588	0.81816435	-0.48991877	0.29888785
0.034971938	0.81845677	-0.48911119	0.29945934
0.03443477	0.8188376	-0.48817602	0.3000055
0.033908874	0.81927466	-0.48713335	0.3005668
0.033360414	0.81970453	-0.48612815	0.30108285
0.032787006	0.8201422	-0.48513326	0.30155867
0.03208364	0.82064384	-0.48405746	0.30199802
0.031321324	0.8211128	-0.48297712	0.3025325
0.030601235	0.8215184	-0.48191854	0.30319208
0.029943535	0.8218579	-0.48090616	0.30394453
0.029294502	0.82217246	-0.47992775	0.30470252
0.028657645	0.82249844	-0.47895357	0.30541566
0.028046211	0.8228501	-0.47797784	0.30605283
0.027415397	0.8232308	-0.47698954	0.30662754
0.026768563	0.8236377	-0.4760075	0.30711776
0.02609253	0.82406515	-0.47509804	0.3074376
0.025361042	0.82451886	-0.47419038	0.30768335
0.02459721	0.82496554	-0.47327155	0.30796248
0.02388205	0.8253803	-0.4723631	0.30830204
0.023210455	0.825786	-0.47146034	0.3086487
0.022473129	0.8263031	-0.4703779	0.30897048
0.021934535	0.82673454	-0.46953177	0.3091422
0.021342427	0.8272996	-0.4685359	0.30918303
0.020837244	0.8278655	-0.46758887	0.30913612
0.020334866	0.8283428	-0.46671098	0.3092177
0.020287838	0.82831347	-0.4667139	0.3092954
0.020057525	0.8287043	-0.46594977	0.3094154
0.019981097	0.8288781	-0.46556783	0.30952948
0.019865058	0.82903	-0.4652944	0.3095414
0.019667478	0.8293576	-0.46481833	0.30939153
0.01942794	0.82969064	-0.46430823	0.30927974
0.019401176	0.82967645	-0.4643111	0.30931515
0.019034816	0.8302148	-0.4634935	0.30911955
0.01843595	0.8306847	-0.46266624	0.30913296
0.018042149	0.8308924	-0.46223354	0.30924502
0.01756399	0.8311507	-0.4617537	0.3092952
0.017097412	0.8313881	-0.46133614	0.30930677
0.016660921	0.83159	-0.46098128	0.3093168
0.016325336	0.8317845	-0.46065888	0.30929196
0.016023688	0.8320196	-0.460272	0.3092511
0.015735159	0.83226955	-0.45988846	0.30916417
0.015388596	0.8325513	-0.45950118	0.30899876
0.015043889	0.832773	-0.45917976	0.3088962
0.014730452	0.8328711	-0.4589405	0.3090027
0.014414782	0.83284914	-0.45875147	0.30935693
0.014104445	0.8327266	-0.45859963	0.30992576
0.013815277	0.8325649	-0.45850483	0.31051287
0.013545008	0.8323967	-0.45844728	0.31106
0.013267166	0.8322772	-0.45836145	0.31151834
0.012967878	0.83228976	-0.45822355	0.31169993
0.012545543	0.83248013	-0.45799583	0.31154338
0.012080879	0.8327965	-0.45765978	0.31120968
0.011621795	0.83323514	-0.45716187	0.31078497
0.011188903	0.83366483	-0.45669687	0.3103317
0.01085112	0.83411753	-0.45617822	0.3098898
0.010889027	0.8340947	-0.45615292	0.30998725
0.010822584	0.8347674	-0.45543393	0.309235
0.0109619675	0.8350322	-0.4551761	0.30889452
0.011213161	0.835278	-0.45498714	0.3084994
0.011409988	0.83566463	-0.45478538	0.3077414
0.011575725	0.83599675	-0.4546005	0.3071058
0.011591683	0.8364181	-0.4544165	0.30622885
0.01159442	0.83679813	-0.4542614	0.30541945
0.011579828	0.8371201	-0.4541509	0.30470106
0.0115910685	0.8374061	-0.45408157	0.3040173
0.011630366	0.83763933	-0.45403412	0.3034439
0.0116512235	0.8378955	-0.45391658	0.3029111
0.0115268575	0.83822113	-0.4536394	0.30242997
0.011172187	0.83866036	-0.45312062	0.30200288
0.010630451	0.839137	-0.45249814	0.30163136
0.009856156	0.8397541	-0.45166698	0.30118588
0.0090796575	0.8404056	-0.45082086	0.30066046
0.008376159	0.8410556	-0.4500276	0.30005088
0.0077163707	0.84168947	-0.4492945	0.29938903
0.0071748123	0.8422428	-0.44870383	0.29873165
0.006672666	0.84276575	-0.4482156	0.29800022
0.006302516	0.8431205	-0.4479295	0.2974343
0.0060367044	0.8433882	-0.44775626	0.2969416
0.0057988823	0.84363556	-0.44770652	0.296318
0.005622444	0.8437836	-0.44773507	0.29585618
0.005447522	0.84389657	-0.4477964	0.2954444
0.0052949414	0.84399265	-0.4478716	0.2950587
0.005192683	0.8441163	-0.44794244	0.29459885
0.005198875	0.84425145	-0.4479922	0.2941351
0.005287172	0.8444688	-0.4479261	0.2936099
0.005471231	0.8448395	-0.44785124	0.2926526
0.0055801375	0.84486496	-0.44782677	0.2926149
0.0058338596	0.84560096	-0.44752863	0.290935
0.0059037474	0.8463174	-0.4472365	0.28929514
0.005915588	0.8463213	-0.44723445	0.28928664
0.005922313	0.8471915	-0.44695586	0.28716227
0.00590503	0.847186	-0.44695893	0.2871735
0.0060828845	0.8476073	-0.44692495	0.28597727
0.0060389135	0.8477702	-0.44692174	0.28550026
0.0058609177	0.84797984	-0.44682458	0.2850328
0.0055007716	0.8483257	-0.4466052	0.28435346
0.0051598726	0.8486636	-0.44635776	0.2837398
0.004686513	0.84916484	-0.4459674	0.2828608
0.004237883	0.8497057	-0.44551325	0.28195795
0.0038935302	0.850193	-0.44509712	0.2811497
0.0036893378	0.85055256	-0.44479004	0.28055066
0.0035606131	0.8508209	-0.44455263	0.2801146
0.0034408337	0.85103977	-0.44434845	0.27977484
0.0032678482	0.85125077	-0.4441572	0.27943844
0.0029890097	0.8515336	-0.44393384	0.2789344
0.0025724643	0.8519045	-0.44367993	0.27820927
0.0020664653	0.85233456	-0.44340187	0.2773381
0.0015628015	0.8527733	-0.44313908	0.27641094
0.00104974	0.853228	-0.44288275	0.27541956
0.00066865917	0.85360664	-0.4426564	0.27461013
0.0003561676	0.85398155	-0.44240946	0.27384174
0.000114455324	0.8543356	-0.44218576	0.27309805
0.000092967144	-0.85470635	0.44196182	-0.2722995
0.0002586296	-0.8550416	0.44176123	-0.27157134
0.0004400067	-0.85542196	0.44152048	-0.2707634
0.000486493	-0.8557919	0.4412984	-0.26995525
0.00055244076	-0.8561641	0.44107544	-0.26913825
0.0005483488	-0.8564877	0.4408915	-0.2684089
0.00054986816	-0.8568122	0.44071135	-0.2676681
0.0005592884	-0.8571264	0.4405449	-0.26693496
0.00061911176	-0.8574399	0.44034058	-0.2662643
0.00078451104	-0.8577879	0.44003966	-0.26564
0.00091682945	-0.858132	0.439727	-0.2650452
0.0012869616	-0.8585657	0.4392792	-0.2643804
0.0017367195	-0.85905445	0.43880382	-0.26357886
0.0021807558	-0.85953236	0.43835345	-0.2627658
0.0024574616	-0.8598054	0.4381081	-0.26227868
0.002809031	-0.8600975	0.43782356	-0.26179212
0.0028463206	-0.8600946	0.43783346	-0.2617841
0.0033851017	-0.86053383	0.43735597	-0.2611319
0.004210176	-0.861091	0.43679336	-0.26022342
0.0046474896	-0.8614496	0.43643528	-0.25962943
0.0050085224	-0.86185414	0.43604532	-0.25893423
0.0052473918	-0.86230016	0.4356163	-0.25816554
0.0054167174	-0.86280197	0.43511808	-0.2573243
0.005593628	-0.86345834	0.43444246	-0.25625834
0.0055425847	-0.8634834	0.43444043	-0.25617838
0.00571662	-0.86439276	0.43349484	-0.25470567
0.0058167633	-0.86486316	0.43305153	-0.25385895
0.005922459	-0.86526084	0.43272004	-0.25306553
0.005997144	-0.86560845	0.4324899	-0.25226727
0.0060246475	-0.8659007	0.43234894	-0.2515041
0.005962177	-0.8661395	0.43229657	-0.25077212
0.005820996	-0.8663558	0.43227646	-0.25006178
0.0056196647	-0.86666274	0.4321007	-0.24930501
0.0055344324	-0.86705273	0.43180865	-0.2484556
0.00545185	-0.8674849	0.43142772	-0.24760959
0.0055706967	-0.8679578	0.4309272	-0.24681978
0.0058010975	-0.8684926	0.43032464	-0.24598326
0.0060991077	-0.8690643	0.42965534	-0.24512541
0.0064570983	-0.8696728	0.42899886	-0.24410595
0.006847956	-0.8702888	0.42835507	-0.2430277
0.007266277	-0.8708898	0.4277545	-0.24191797
0.0077042105	-0.871452	0.42720288	-0.24085265
0.008176077	-0.8720043	0.42666182	-0.23979421
0.008705939	-0.8725588	0.4260958	-0.23876333
0.009296031	-0.8731288	0.42547756	-0.23775738
0.00989777	-0.87367624	0.42483738	-0.23686506
0.01062355	-0.87433255	0.42401472	-0.23588401
0.011207622	-0.8748624	0.42333177	-0.23511812
0.011832288	-0.8754357	0.4226068	-0.23425579
0.012506547	-0.8760735	0.42181537	-0.23326103
0.013235102	-0.8767413	0.42099223	-0.2321962
0.013990366	-0.877414	0.42016393	-0.23110886
0.014750476	-0.87806433	0.4193596	-0.23004986
0.015399344	-0.8786204	0.41865987	-0.22915712
0.015964437	-0.8791119	0.4180381	-0.2283675
0.016494881	-0.879575	0.41747117	-0.22758207
0.0169632	-0.87998533	0.41697532	-0.22686931
0.017420143	-0.8803555	0.41650903	-0.22625424
0.017966999	-0.8807827	0.41593656	-0.22560073
0.018532066	-0.88116974	0.41539785	-0.22503583
0.019161189	-0.8816243	0.41471457	-0.22446209
0.019789614	-0.8820928	0.41399002	-0.22390413
0.020336395	-0.88261235	0.41324177	-0.22318864
0.02087768	-0.88319975	0.41244718	-0.22228281
0.021430867	-0.88383603	0.41161123	-0.2212487
0.021972798	-0.8844704	0.41078907	-0.22018558
0.022685843	-0.8853272	0.40968338	-0.21872522
0.022676568	-0.8853279	0.40968132	-0.21872741
0.02347126	-0.8863372	0.40841538	-0.21691541
0.023942651	-0.88696307	0.40763405	-0.21577287
0.024422841	-0.8876164	0.40679362	-0.21461524
0.024862457	-0.8882081	0.4060147	-0.21358939
0.025304135	-0.8888194	0.40521327	-0.21251373
0.025702529	-0.88940215	0.4044483	-0.21148294
0.0260655	-0.8899528	0.40372467	-0.21050206
0.026442144	-0.8905028	0.40299654	-0.20952213
0.026837189	-0.8910564	0.40226784	-0.20851584
0.027208561	-0.89156467	0.4016257	-0.20753105
0.027665516	-0.89213735	0.40093493	-0.20634131
0.028147379	-0.892702	0.40027484	-0.2051122
0.028682709	-0.89329237	0.3996109	-0.2037575
0.029186033	-0.89385116	0.3989683	-0.20249133
0.02968848	-0.8943946	0.39834285	-0.20124593
0.030199151	-0.8949296	0.39771083	-0.20003784
0.030648204	-0.89538234	0.39716184	-0.19903167
0.03115689	-0.8958447	0.3965949	-0.1980001
0.031674996	-0.896276	0.39610538	-0.1969432
0.032119684	-0.89664716	0.39568162	-0.19603102
0.03261246	-0.89697784	0.39535207	-0.19509993
0.03298451	-0.8972568	0.3951108	-0.1942418
0.03363641	-0.89779973	0.39472616	-0.19239382
0.033965494	-0.89805806	0.39455426	-0.19148095
0.034307174	-0.8983139	0.3943784	-0.19058041
0.034695793	-0.89859873	0.39416057	-0.18961544
0.035077687	-0.89889383	0.39392397	-0.18863566
0.035577316	-0.89929336	0.3935992	-0.18731092
0.035569597	-0.89929396	0.39359778	-0.18731272
0.036201138	-0.89996195	0.39300215	-0.18522207
0.03654874	-0.90036017	0.39261672	-0.18403253
0.036853477	-0.9006977	0.39226985	-0.18305738
0.037148558	-0.90096843	0.39199182	-0.18225917
0.037468567	-0.90118057	0.39178628	-0.18158546
0.03787135	-0.9013587	0.39163056	-0.18095249
0.038299724	-0.90150255	0.39152256	-0.1803786
0.03881105	-0.9016802	0.3913763	-0.17969768
0.039279886	-0.9018979	0.39119646	-0.17889275
0.03977875	-0.90213144	0.39100003	-0.17803276
0.04012294	-0.90232104	0.39087683	-0.17726308
0.040412776	-0.90251154	0.39081782	-0.17635527
0.04066164	-0.9026968	0.3907823	-0.17542607
0.04089761	-0.9028707	0.39072523	-0.17460163
0.04114541	-0.9030465	0.39062652	-0.17385349
0.04143933	-0.90321	0.3904957	-0.17322756
0.041771308	-0.903406	0.39028698	-0.1725943
0.042115845	-0.9036325	0.38999826	-0.17197673
0.04277438	-0.9040753	0.38943964	-0.17074849
0.04274662	-0.90408325	0.38943943	-0.17071389
0.043643974	-0.9047036	0.3886563	-0.16897625
0.04421762	-0.90508527	0.3881903	-0.16785075
0.044763148	-0.9054391	0.38780305	-0.16668902
0.045169506	-0.905717	0.38757864	-0.16558741
0.045447618	-0.90595424	0.38745326	-0.16450386
0.045656662	-0.90618545	0.38735065	-0.1634107
0.04587065	-0.9065802	0.38717067	-0.16157731
0.045906387	-0.90659904	0.38719374	-0.16140626
0.046211228	-0.906963	0.3870247	-0.15967011
0.046513453	-0.9070667	0.38706958	-0.15888302
0.04681475	-0.90709627	0.38722017	-0.15825705
0.047294334	-0.90696025	0.38782448	-0.15741232
0.047492374	-0.9068605	0.38828352	-0.15679444
0.047594767	-0.9067634	0.38880277	-0.15603639
0.047599737	-0.90671307	0.38921762	-0.15529121
0.047570523	-0.9067161	0.38957274	-0.15438946
0.047600172	-0.9067796	0.38978532	-0.15346794
0.0476942	-0.90687203	0.38988546	-0.15263587
0.04788383	-0.9069828	0.38991794	-0.15183325
0.04813555	-0.90710074	0.3899017	-0.15108874
0.048399527	-0.90719265	0.38991868	-0.15040776
0.04860483	-0.9072454	0.39002633	-0.1497424
0.048677355	-0.9072575	0.39022464	-0.14912786
0.048644673	-0.90723693	0.3905155	-0.14850114
0.04857609	-0.90721405	0.39080495	-0.14790127
0.048584297	-0.90722626	0.39105123	-0.14716962
0.048640218	-0.9072797	0.3912196	-0.14637287
0.048738737	-0.907369	0.39133015	-0.14548777
0.048840843	-0.9074752	0.3913982	-0.1446058
0.048933443	-0.90757763	0.3914637	-0.14375217
0.048939697	-0.9076425	0.3915824	-0.14301473
0.048812013	-0.9076552	0.3917928	-0.14240058
0.048576966	-0.9076233	0.39209986	-0.14183772
0.04830423	-0.9075595	0.39250937	-0.14120565
0.048192207	-0.9075227	0.3928136	-0.14063343
0.048231777	-0.90752906	0.39306688	-0.13986926
0.048412133	-0.9075712	0.3932421	-0.13903809
0.048708957	-0.9076344	0.3933578	-0.13819201
0.04905032	-0.90769845	0.3934463	-0.13739558
0.04935504	-0.9077393	0.39354742	-0.1367263
0.049622267	-0.907753	0.39366925	-0.13618684
0.049796764	-0.9077242	0.3938321	-0.1358431
0.049885113	-0.907645	0.39405718	-0.13568729
0.050200254	-0.9075144	0.39436978	-0.13553604
0.050473914	-0.9075648	0.3943299	-0.13521324
0.050821505	-0.90772676	0.39412895	-0.13457915
0.051134598	-0.90790606	0.39394915	-0.13377611
0.05144458	-0.9081047	0.39376724	-0.1328407
0.051697046	-0.90829045	0.39363387	-0.13186419
0.051882	-0.9084188	0.3936264	-0.1309272
0.051967476	-0.90852064	0.39363918	-0.13014527
0.051943224	-0.90857637	0.39372438	-0.1295066
0.051778644	-0.9085995	0.393826	-0.12910105
0.05164984	-0.90863955	0.3938913	-0.12867098
0.051568855	-0.90869296	0.39392346	-0.12822685
0.051552307	-0.9087356	0.393963	-0.12780891
0.051649995	-0.9087621	0.39402124	-0.12740168
0.0518406	-0.9087711	0.39410406	-0.1270028
0.052046	-0.90874386	0.39424393	-0.12667887
0.05223685	-0.90868104	0.3944391	-0.12644371
0.05236682	-0.9086185	0.39462003	-0.12627494
0.052408013	-0.90856916	0.39477986	-0.12611336
0.052322846	-0.9085514	0.39489317	-0.12592071
0.05193354	-0.9086515	0.3949267	-0.1252527
0.051630706	-0.90876883	0.39488706	-0.1246507
0.051403783	-0.9088563	0.39488545	-0.1241113
0.05115319	-0.9089131	0.39499098	-0.12346096
0.050928093	-0.9088986	0.39524183	-0.12285556
0.05074767	-0.9088181	0.3956266	-0.12228612
0.050634373	-0.90869546	0.39605853	-0.12184572
0.050566297	-0.90857786	0.39642876	-0.12154667
0.05059529	-0.90842503	0.39683956	-0.1213365
0.050713416	-0.90832484	0.39706776	-0.12129006
0.050932802	-0.9082234	0.397274	-0.121282995
0.051271487	-0.90813285	0.39744148	-0.12126986
0.051715724	-0.9080213	0.39766687	-0.1211773
0.05219525	-0.90792084	0.39789268	-0.12098322
0.052668184	-0.90780175	0.39818677	-0.12070392
0.052922167	-0.9076303	0.39859167	-0.120545514
0.053111486	-0.9074841	0.39894924	-0.12037976
0.05304975	-0.9073171	0.3993514	-0.12033231
0.05284364	-0.90716165	0.39975291	-0.120262094
0.052526277	-0.9070128	0.40017828	-0.1201088
0.052135747	-0.90687853	0.40061867	-0.11982491
0.051662467	-0.90672696	0.40115547	-0.119379565
0.05134025	-0.90659577	0.40160963	-0.11898826
0.050932087	-0.90639037	0.40226564	-0.11851143
0.050555374	-0.90611744	0.4030329	-0.11815227
0.050232988	-0.9057896	0.4038554	-0.117993996
0.050008453	-0.9054647	0.404601	-0.11802933
0.04974821	-0.9051079	0.40536827	-0.11824357
0.04928116	-0.9045486	0.40653953	-0.118696444
0.049242426	-0.90433127	0.40698713	-0.11883466
0.049180873	-0.904051	0.4076032	-0.11888116
0.04928258	-0.9040376	0.40760815	-0.11892447
0.04920555	-0.9036118	0.40856218	-0.11891853
0.049157258	-0.90331566	0.4092156	-0.118941724
0.049053285	-0.90296584	0.40999344	-0.11896146
0.048917353	-0.90264726	0.41070813	-0.11897016
0.04874821	-0.9023388	0.41142195	-0.11891303
0.04852998	-0.90205497	0.41209865	-0.11881278
0.048308082	-0.901796	0.41271523	-0.11872862
0.048080456	-0.9015202	0.413338	-0.118749
0.047791585	-0.90110046	0.4141951	-0.119065315
0.047592647	-0.90077394	0.41485006	-0.11933504
0.047356263	-0.9004052	0.4156153	-0.119548246
0.047055338	-0.9000542	0.4164177	-0.11951866
0.046721745	-0.89982367	0.4170179	-0.11929234
0.046228334	-0.8996069	0.41766322	-0.118860975
0.04557672	-0.8993972	0.41833282	-0.11834283
0.044015832	-0.8989094	0.4197955	-0.117457464
0.043331165	-0.8986238	0.4205316	-0.1172638
0.042737536	-0.8982954	0.42130753	-0.11721257
0.042275667	-0.89797646	0.4220345	-0.11720896
0.04183654	-0.89767075	0.42274415	-0.117151506
0.041327834	-0.89740926	0.4233978	-0.116974466
0.040496547	-0.89714026	0.42417857	-0.116498604
0.040492352	-0.89713925	0.42417684	-0.116514206
0.038712334	-0.8967981	0.4253563	-0.11544031
0.037491582	-0.89657193	0.42612812	-0.11475226
0.036284417	-0.8963285	0.4269093	-0.114136435
0.035121452	-0.8960635	0.42769772	-0.113629006
0.033930864	-0.89575356	0.42857638	-0.1131223
0.032932915	-0.8954707	0.42936173	-0.1126782
0.031985376	-0.895179	0.43016085	-0.11221995
0.031038402	-0.89486045	0.43103275	-0.11167936
0.030204045	-0.89454776	0.43185508	-0.11123484
0.029341547	-0.8941673	0.43280205	-0.11084408
0.028496128	-0.89371324	0.43386936	-0.11055362
0.027669584	-0.8932212	0.43498552	-0.11035418
0.02700122	-0.8927865	0.4359513	-0.11022586
0.026406713	-0.8923775	0.43688136	-0.10999909
0.025866829	-0.89201325	0.4377457	-0.10964495
0.025297733	-0.8917194	0.43848452	-0.10921464
0.024592325	-0.89141387	0.4392625	-0.108742826
0.023829693	-0.89110005	0.44004458	-0.10832291
0.023039471	-0.89074445	0.44089866	-0.1079438
0.022494182	-0.890448	0.44159028	-0.107677266
0.022036372	-0.8901327	0.44232112	-0.107378334
0.02174511	-0.88985175	0.4429917	-0.10700187
0.021573497	-0.88959044	0.4436321	-0.10655515
0.021390256	-0.8892921	0.44434994	-0.10608971
0.021073718	-0.8889084	0.44523454	-0.10565991
0.021081544	-0.8889077	0.44523504	-0.10566239
0.020265978	-0.88819784	0.4467345	-0.105462305
0.019785289	-0.8877856	0.44756937	-0.105484106
0.019310998	-0.88738304	0.44836628	-0.10557533
0.01885322	-0.8870356	0.44905943	-0.10563157
0.01837606	-0.886731	0.44970345	-0.105533205
0.017477963	-0.8863275	0.45085204	-0.104165554
0.017062468	-0.88615483	0.45134258	-0.10357856
0.016440017	-0.8858863	0.45204487	-0.10291056
0.015828164	-0.88558996	0.45279685	-0.10225027
0.01509847	-0.885234	0.45360866	-0.10184338
0.014374194	-0.8848543	0.4544426	-0.101530306
0.013771037	-0.88452804	0.45515367	-0.101270445
0.013152189	-0.88421947	0.4558141	-0.101077236
0.012512588	-0.88391507	0.4564758	-0.10083347
0.011913546	-0.8836715	0.45703638	-0.100501396
0.011316117	-0.8834426	0.45757547	-0.100130185
0.010718259	-0.883201	0.4581167	-0.09985109
0.010120075	-0.8829465	0.4586693	-0.099627644
0.009593392	-0.8827033	0.45917502	-0.09950453
0.009043537	-0.88244414	0.45970944	-0.099388
0.00844839	-0.88219666	0.46021172	-0.0993126
0.00782592	-0.8820062	0.46061036	-0.09920657
0.007198464	-0.8818955	0.46087313	-0.09901886
0.0064816787	-0.8818346	0.46106163	-0.09873188
0.005282031	-0.88173467	0.46135178	-0.0983392
0.0052582044	-0.88173485	0.46134916	-0.098352455
0.0038370595	-0.8814775	0.46188983	-0.098185524
0.0030257998	-0.8812669	0.46229598	-0.09819359
0.0023520815	-0.88100845	0.46276966	-0.0983008
0.0018438092	-0.8807534	0.4632417	-0.098373055
0.0013807793	-0.8804832	0.4637618	-0.09834832
0.001374499	-0.8804644	0.4637508	-0.098569795
0.0006729059	-0.88010526	0.464505	-0.09823127
0.00026496168	0.879723	-0.46532723	0.09776561
0.0008934129	0.87949795	-0.46578428	0.09760949
0.001507102	0.8792886	-0.4661849	0.097575285
0.002059415	0.8790947	-0.4665461	0.097586066
0.0026377137	0.87886226	-0.4670016	0.09748673
0.002608454	0.8788553	-0.4670013	0.09755195
0.0035975105	0.8784482	-0.46782565	0.09723645
0.0041115033	0.87818307	-0.46835604	0.09705784
0.0046398323	0.8778159	-0.46905473	0.09698133
0.0050918725	0.8774959	-0.46966502	0.09690046
0.0056668264	0.8770389	-0.47049585	0.09697591
0.0062393155	0.8765826	-0.47130892	0.09711807
0.0068133394	0.8761505	-0.47208598	0.09720448
0.007395446	0.87572163	-0.47287115	0.09720981
0.008030397	0.8752708	-0.47370598	0.09715659
0.008705177	0.8748299	-0.47451982	0.097098485
0.009417343	0.8743946	-0.47531015	0.097086586
0.010200712	0.87395114	-0.4761044	0.09710777
0.0110495845	0.8735097	-0.4768914	0.097125776
0.011889992	0.8731063	-0.4776141	0.09710259
0.012848448	0.872633	-0.47843355	0.097200386
0.013788058	0.87219805	-0.47919607	0.09721982
0.014728598	0.8718117	-0.47990498	0.097050466
0.015725303	0.87144375	-0.48060742	0.096721455
0.016829548	0.87104183	-0.48137122	0.09635785
0.017991891	0.8706224	-0.48214734	0.09605662
0.019257853	0.8701644	-0.48296928	0.095832594
0.02041582	0.869729	-0.48373726	0.095671326
0.021500837	0.8692972	-0.48448852	0.095556594
0.022419162	0.8689285	-0.48512065	0.09549188
0.02401878	0.8683129	-0.48614773	0.09547857
0.024714073	0.8680622	-0.4865598	0.09548168
0.025433416	0.8678012	-0.48698094	0.09551971
0.02620745	0.8675284	-0.48742017	0.095548004
0.027054353	0.8672392	-0.48788294	0.09557429
0.027938053	0.8669135	-0.48839357	0.09566765
0.028787976	0.8665299	-0.48900703	0.09575795
0.0294686	0.86621624	-0.48950723	0.09583215
0.03015017	0.86589783	-0.49000502	0.095954195
0.03063762	0.865606	-0.4904498	0.09615974
0.031067088	0.86534274	-0.490837	0.09641559
0.031471353	0.8651162	-0.491156	0.09669188
0.03191304	0.8649101	-0.49143595	0.09696844
0.03253909	0.86465865	-0.49176913	0.09731283
0.033151094	0.86442894	-0.4920793	0.097578645
0.0339285	0.8641306	-0.49247712	0.09794663
0.034779977	0.8638124	-0.49289662	0.09834418
0.0356422	0.86345434	-0.4933902	0.098703966
0.036459133	0.86306477	-0.4939562	0.098981254
0.03729515	0.8626394	-0.49458605	0.09923247
0.03812471	0.8621963	-0.49523938	0.09950883
0.038995396	0.86175495	-0.49588063	0.0998015
0.039895575	0.86133754	-0.4964846	0.100045055
0.040904153	0.86085325	-0.49714345	0.100533046
0.04204282	0.860328	-0.49785593	0.10103229
0.043284163	0.8597524	-0.4986368	0.10155633
0.044513207	0.85914797	-0.4994612	0.10208831
0.04607961	0.85825336	-0.5006888	0.102901794
0.04719085	0.8576143	-0.50156224	0.10347058
0.048587054	0.8567485	-0.5027223	0.10436292
0.049953315	0.85584146	-0.5039162	0.10539732
0.051171843	0.85497266	-0.50504684	0.106446415
0.052306943	0.85417074	-0.5060739	0.1074501
0.05347183	0.85339385	-0.50706977	0.10835135
0.0548003	0.8525392	-0.5081753	0.10923204
0.05627538	0.8516709	-0.50929624	0.11003211
0.058202025	0.8505188	-0.510752	0.11118768
0.059659578	0.8496086	-0.51188767	0.11214682
0.060827702	0.84883016	-0.5128524	0.11300439
0.062101502	0.84787583	-0.5140466	0.11404457
0.063026056	0.8470503	-0.5151056	0.1148905
0.06368239	0.84633976	-0.5160173	0.11567075
0.06418461	0.8457515	-0.5167749	0.116312206
0.064624	0.8452454	-0.5174168	0.11689211
0.06510514	0.84474456	-0.5180298	0.11752862
0.06564451	0.84424347	-0.51861554	0.118244566
0.06629283	0.8436621	-0.5192867	0.119083636
0.06717141	0.8428843	-0.52018684	0.120165445
0.067183286	0.84288657	-0.5201853	0.12014968
0.06860168	0.8416132	-0.521654	0.12189371
0.069341004	0.84094304	-0.5224235	0.12280188
0.07009694	0.84029114	-0.52316546	0.12367395
0.070771486	0.83975255	-0.52378047	0.12434284
0.07155031	0.83919656	-0.5244195	0.124956004
0.0722322	0.8387655	-0.52491534	0.12537451
0.073038645	0.8383156	-0.5254272	0.12577212
0.07395912	0.8378503	-0.52593946	0.12619315
0.074956104	0.8374105	-0.52638704	0.1266573
0.075819485	0.83702433	-0.52676624	0.12711887
0.076753676	0.83663195	-0.52710253	0.12774535
0.077636756	0.8362372	-0.5274003	0.12856469
0.07834986	0.83587414	-0.5276585	0.12943079
0.07896838	0.83549154	-0.5279446	0.13035531
0.07953594	0.8350811	-0.5282878	0.13124667
0.080163315	0.83450353	-0.52886444	0.13221319
0.081035785	0.8338413	-0.52955055	0.13310936
0.08210281	0.8330553	-0.53036004	0.1341498
0.082113445	0.8330556	-0.53035843	0.13414866
0.08396205	0.8317374	-0.53167456	0.13596092
0.08493127	0.8311068	-0.53226155	0.13691592
0.085921176	0.8304845	-0.53281224	0.13792813
0.08692962	0.82987577	-0.53332335	0.13898157
0.08789645	0.82931167	-0.5337875	0.13995452
0.08892057	0.82873935	-0.5342721	0.14084639
0.09004877	0.8281386	-0.5348198	0.14158294
0.0912253	0.827527	-0.53541195	0.14216585
0.09246638	0.8268863	-0.5360718	0.14260498
0.093874276	0.8261278	-0.536901	0.14296101
0.09389582	0.82612354	-0.53689724	0.1429856
0.095739536	0.82499975	-0.5381317	0.14360967
0.09674615	0.8243617	-0.53880787	0.14406347
0.09778407	0.823693	-0.5394825	0.14466165
0.098748565	0.82305926	-0.5401028	0.14529763
0.09981115	0.82236445	-0.5407719	0.14601454
0.10086101	0.8216619	-0.541452	0.14672622
0.10196381	0.82092893	-0.5421585	0.14745635
0.1030637	0.82017505	-0.5428726	0.14825705
0.104275584	0.8191794	-0.5438505	0.1493265
0.10427342	0.8191789	-0.54385084	0.14932905
0.10597015	0.81763995	-0.5453545	0.15107505
0.10689154	0.8166862	-0.5462869	0.15221219
0.1076748	0.8158413	-0.54713035	0.15315817
0.108562596	0.8149383	-0.54806226	0.15400489
0.109524354	0.8139506	-0.5491222	0.15476936
0.11019853	0.81326395	-0.5498792	0.15521246
0.111014694	0.812446	-0.5507837	0.15570669
0.11201695	0.81147945	-0.5518213	0.15635428
0.1130031	0.8105617	-0.5527509	0.15711929
0.114118405	0.809563	-0.55368876	0.15815656
0.114117965	0.8095638	-0.5536888	0.15815236
0.11651196	0.8074845	-0.5554796	0.16073614
0.1177119	0.8063991	-0.55642885	0.16202249
0.1187371	0.805413	-0.5573471	0.16302045
0.119696945	0.8044258	-0.55833364	0.16381581
0.12051356	0.80352527	-0.55930513	0.16432123
0.1212974	0.8026497	-0.56029695	0.16464426
0.12214119	0.80173415	-0.5613356	0.16494311
0.1231169	0.8007735	-0.56236553	0.16537532
0.12422396	0.7997765	-0.5633412	0.16605064
0.1253902	0.7987858	-0.5642105	0.16698866
0.12666865	0.7977033	-0.56507593	0.16826694
0.12786801	0.79665774	-0.5658781	0.16961224
0.12898263	0.79560083	-0.5667011	0.17097646
0.13004051	0.79435766	-0.5678614	0.17210115
0.13073267	0.7935412	-0.5686182	0.17284322
0.1314563	0.7925518	-0.5696365	0.17347938
0.13213105	0.7915948	-0.57067513	0.17392293
0.13323477	0.7902712	-0.5720626	0.17454031
0.13400593	0.78933966	-0.573032	0.17498477
0.13509583	0.78819305	-0.5741473	0.17565861
0.13630936	0.7870768	-0.5751174	0.17655039
0.1375026	0.7860021	-0.5759841	0.17758444
0.13856125	0.78505296	-0.576718	0.17857562
0.1395301	0.78413963	-0.5774147	0.17957929
0.14030427	0.7833432	-0.5780385	0.18044315
0.14091235	0.7826638	-0.5786108	0.18108222
0.1415862	0.7818808	-0.5793116	0.18169722
0.14220299	0.7811898	-0.5799378	0.18218935
0.14284307	0.7805092	-0.58054745	0.1826638
0.1437291	0.7795993	-0.58135027	0.1833001
0.14469951	0.7786285	-0.5821822	0.18402022
0.14576018	0.7775783	-0.58306515	0.1848269
0.14674744	0.7766047	-0.58387595	0.18557803
0.1477169	0.7756227	-0.58470047	0.18631846
0.14863025	0.7746882	-0.5855087	0.18694055
0.14951305	0.77377707	-0.58632773	0.18744306
0.15038416	0.772897	-0.5871329	0.1878559
0.15125415	0.77206373	-0.58789617	0.18819648
0.15222228	0.77119565	-0.5886747	0.18854144
0.15326022	0.77028	-0.5894652	0.18897305
0.15437622	0.76928157	-0.59030396	0.18951276
0.15549672	0.7682236	-0.5911902	0.19012526
0.15648317	0.7672125	-0.5920392	0.19075507
0.1574293	0.7661728	-0.59292954	0.19138925
0.15827964	0.765228	-0.5937621	0.19188619
0.15911782	0.7642933	-0.5946249	0.19224608
0.15993665	0.7634061	-0.59548604	0.19242606
0.16082452	0.76256377	-0.59629667	0.19251545
0.1620117	0.76155674	-0.597242	0.1925761
0.16288447	0.7608233	-0.5979079	0.19267254
0.16397642	0.7599011	-0.59873945	0.19280359
0.1649973	0.75899434	-0.5995591	0.1929569
0.16588913	0.7581574	-0.6003224	0.1931094
0.16681153	0.757263	-0.60115373	0.19323835
0.16776764	0.7563476	-0.6020285	0.19327217
0.1688432	0.755386	-0.6029438	0.19324313
0.17008728	0.7543408	-0.603925	0.19317053
0.1715588	0.7531427	-0.6050301	0.19308603
0.1728713	0.7520714	-0.60599554	0.19306345
0.17416134	0.75096625	-0.60698754	0.19308972
0.17416838	0.7509556	-0.6069862	0.19312896
0.17656788	0.74857235	-0.6090929	0.19356975
0.17659187	0.74855834	-0.60908717	0.19362006
0.17784579	0.7469668	-0.6104623	0.19428681
0.17846866	0.74613345	-0.61116946	0.19469437
0.17895733	0.74546856	-0.61174595	0.1949815
0.17940755	0.744878	-0.6122947	0.19510262
0.17993304	0.74424803	-0.6129271	0.19503723
0.1804399	0.7436863	-0.613523	0.19483767
0.18110466	0.7430162	-0.61421317	0.19460312
0.18187664	0.7422744	-0.6149191	0.1944844
0.1827383	0.74142057	-0.61569035	0.19449368
0.18360646	0.7404261	-0.6165527	0.19473204
0.18442135	0.73939174	-0.6174493	0.19505107
0.18518876	0.7382993	-0.6184105	0.1954169
0.18596056	0.7371678	-0.6194076	0.19579759
0.18655361	0.7361279	-0.6204021	0.19599701
0.18702924	0.73522085	-0.62129015	0.19613509
0.18738633	0.734501	-0.6220092	0.19621244
0.18775529	0.7338283	-0.6226577	0.1963196
0.18815458	0.733189	-0.62322575	0.19652392
0.18862763	0.732544	-0.6237302	0.19687456
0.18915983	0.7318666	-0.6242136	0.1973508
0.19048655	0.73016787	-0.6254264	0.19852358
0.19048963	0.7301657	-0.62542564	0.19853091
0.19127144	0.7291534	-0.6261948	0.19907458
0.19211002	0.7280039	-0.6271339	0.19951761
0.19271527	0.7271165	-0.62790847	0.19973321
0.1934292	0.7260509	-0.6288872	0.19984062
0.19416183	0.72496563	-0.62991387	0.1998362
0.19494252	0.72386533	-0.63096267	0.19975609
0.19581254	0.7227654	-0.63199073	0.19963846
0.19668455	0.721767	-0.6328995	0.19951409
0.19761686	0.7207768	-0.6337799	0.1993778
0.19855517	0.7198558	-0.63456464	0.19927683
0.19955789	0.71891755	-0.63532424	0.19924213
0.20085776	0.7176489	-0.6363497	0.19923696
0.20086166	0.71764636	-0.63634866	0.19924536
0.20244798	0.7159622	-0.6377499	0.19921839
0.20340061	0.714845	-0.6387169	0.19916256
0.20428246	0.7136836	-0.6397633	0.19906615
0.2050723	0.7125481	-0.640802	0.19898099
0.20590822	0.71129304	-0.6419275	0.19898018
0.20674655	0.70999634	-0.6430516	0.19911218
0.20751059	0.7087547	-0.64410895	0.19932361
0.20818327	0.70752627	-0.64516217	0.19957998
0.20885755	0.7061846	-0.6463497	0.19978468
0.20938924	0.70507497	-0.6473392	0.19994383
0.2098929	0.70405895	-0.6482253	0.20012519
0.21047677	0.70290023	-0.6492058	0.20040606
0.21108218	0.7016864	-0.6502083	0.20077306
0.21164195	0.70046335	-0.6512273	0.20115118
0.21206167	0.69936943	-0.6521598	0.2014942
0.21264967	0.6972063	-0.6541155	0.20203087
0.2126884	0.6971872	-0.6541047	0.20209119
0.2129832	0.6961101	-0.6551218	0.20219868
0.21336535	0.69501567	-0.65618795	0.20210375
0.21395387	0.6937101	-0.6574808	0.2017651
0.21452367	0.692687	-0.658495	0.20136698
0.21528462	0.69152373	-0.659643	0.20079513
0.21611387	0.6904189	-0.66073155	0.20012607
0.21703818	0.6893055	-0.6618243	0.19935171
0.21798281	0.688234	-0.662844	0.19863363
0.21897699	0.6870912	-0.6639063	0.19794789
0.22004528	0.6858396	-0.6650449	0.19728005
0.22118014	0.68445307	-0.666301	0.19658692
0.22268835	0.68247414	-0.66808224	0.19571693
0.22269642	0.68246347	-0.66808057	0.1957508
0.22509117	0.67937595	-0.6709099	0.19406787
0.22641379	0.6775689	-0.67259836	0.19299927
0.2277682	0.6757194	-0.6743252	0.191861
0.2289624	0.67408556	-0.67583597	0.1908682
0.23037562	0.6723056	-0.6773865	0.18994695
0.23192474	0.6705058	-0.67878234	0.1894396
0.23338781	0.6687721	-0.68006647	0.18916596
0.23477721	0.66699064	-0.68139416	0.18895839
0.23598531	0.6652261	-0.68275934	0.18874551
0.23698471	0.6634755	-0.6842135	0.18838872
0.23765667	0.6619577	-0.6855916	0.18787144
0.23805785	0.6605638	-0.68699855	0.18712838
0.23826066	0.6594023	-0.6882807	0.18625303
0.23843805	0.6583847	-0.6894338	0.18535905
0.23872407	0.6574246	-0.69046307	0.1845655
0.23919232	0.6564447	-0.69139755	0.1839481
0.24058703	0.654242	-0.6932022	0.18318349
0.24159499	0.65265	-0.6944557	0.18278755
0.24224631	0.65152955	-0.6953704	0.18244538
0.24281971	0.6504261	-0.69633496	0.18194
0.24337764	0.64923984	-0.69745034	0.18115762
0.24389979	0.6480932	-0.69857705	0.1802171
0.24434823	0.64712745	-0.6995354	0.17936066
0.2448294	0.64614785	-0.7004796	0.17854905
0.24531518	0.6451902	-0.7013502	0.17792736
0.24575901	0.6442544	-0.7021728	0.17746018
0.24584389	0.6442212	-0.7021496	0.17755535
0.246175	0.6427087	-0.7036573	0.17660625
0.24628325	0.64266616	-0.7036277	0.1767283
0.24563782	0.6415097	-0.7053103	0.17511357
0.2452869	0.64099777	-0.7060953	0.1743151
0.24480523	0.6404835	-0.7069553	0.1733944
0.24442971	0.6398558	-0.7078448	0.17261064
0.2441004	0.6373525	-0.71050483	0.17140535
0.24417537	0.6373325	-0.71048355	0.17146076
0.24424537	0.63731533	-0.71046364	0.17150785
0.2440673	0.6357274	-0.7121457	0.1706764
0.24412575	0.6357176	-0.7121285	0.17070118
0.24394605	0.63469315	-0.7132988	0.1698821
0.24374808	0.63332856	-0.7148843	0.1685892
0.24366707	0.6325554	-0.7157619	0.16788384
0.24364959	0.6317997	-0.71657693	0.16727737
0.24365725	0.63107234	-0.71732724	0.16679494
0.24361436	0.630416	-0.71801805	0.16636662
0.24349684	0.62975246	-0.71875525	0.1658679
0.24330889	0.6290762	-0.7195528	0.16525067
0.24308786	0.6283391	-0.7204498	0.16446981
0.24286368	0.62765324	-0.721327	0.16357277
0.24269472	0.6270076	-0.7221405	0.16270809
0.24252936	0.6263567	-0.72298497	0.16170864
0.24244548	0.6257015	-0.72378546	0.16078709
0.24247374	0.62504387	-0.7245211	0.15998703
0.24260555	0.6243471	-0.72522956	0.1592963
0.24296987	0.6229532	-0.7265128	0.15834816
0.24320279	0.62191045	-0.72746205	0.15773039
0.24333256	0.6210343	-0.7282816	0.15719886
0.2434939	0.62005264	-0.7291956	0.15658614
0.24359958	0.6190264	-0.73017716	0.15590677
0.2436671	0.618072	-0.731123	0.15515356
0.2437675	0.6170962	-0.73207295	0.15439878
0.24449112	0.61438334	-0.7344276	0.1528837
0.2445125	0.614371	-0.7344228	0.15292224
0.24491999	0.61263895	-0.7359152	0.15204191
0.24507241	0.6116989	-0.7367549	0.15151341
0.24515273	0.61067766	-0.73771924	0.150809
0.24513885	0.6097157	-0.73869073	0.14996597
0.24502364	0.608833	-0.7396563	0.14897776
0.24488449	0.60802054	-0.7405849	0.14790763
0.24481432	0.6071862	-0.74151486	0.14678767
0.24482112	0.606242	-0.7425108	0.14564028
0.24496487	0.6052655	-0.74345595	0.14463481
0.24509504	0.60427934	-0.7443924	0.14371812
0.24525052	0.60332686	-0.7452677	0.1429163
0.24533167	0.6023863	-0.74615055	0.14213538
0.24520737	0.60147583	-0.7470814	0.14131384
0.24490252	0.60043174	-0.7482012	0.14035523
0.24467047	0.59962386	-0.74906486	0.13960485
0.24443656	0.59865767	-0.7500736	0.13874213
0.24424691	0.5975596	-0.75117993	0.13782148
0.24416478	0.596437	-0.7522642	0.13691267
0.24418414	0.59528786	-0.75332296	0.13605565
0.24425074	0.59399223	-0.7544678	0.1352531
0.24429597	0.5930558	-0.75529385	0.1346682
0.24423061	0.59194636	-0.75629944	0.13402279
0.24409653	0.5909182	-0.7572422	0.13348018
0.24391536	0.5897574	-0.75829047	0.13299316
0.24378112	0.58870107	-0.7592311	0.13255218
0.24367936	0.5875089	-0.7602762	0.13203718
0.24362831	0.5862408	-0.76136786	0.13147636
0.24366164	0.5850387	-0.7623723	0.13094728
0.24369977	0.5838859	-0.7633416	0.13037375
0.24365456	0.58288634	-0.76422036	0.12978195
0.24353737	0.58195883	-0.7650586	0.12922433
0.2433824	0.5810351	-0.76589143	0.12873828
0.24321218	0.5801745	-0.7666624	0.12835106
0.24295558	0.579217	-0.76755124	0.12784894
0.24275349	0.5784589	-0.7682664	0.12736969
0.24261016	0.5775226	-0.7691065	0.12681958
0.24255924	0.5764909	-0.7699867	0.12626897
0.24253736	0.57546663	-0.77083695	0.1257948
0.24245013	0.57441074	-0.7717277	0.1253265
0.242221	0.57340854	-0.7726277	0.1248126
0.24099632	0.57177377	-0.77445066	0.12337698
0.2401758	0.5710743	-0.7753712	0.122430764
0.23953727	0.57000476	-0.77655303	0.12116868
0.23952615	0.5700064	-0.7765559	0.121164665
0.23938829	0.5678499	-0.7784191	0.119597346
0.23949815	0.5664954	-0.7794795	0.11889196
0.2396452	0.5651399	-0.78052986	0.11815457
0.23997343	0.5636958	-0.7815598	0.11757666
0.23998316	0.56369257	-0.7815575	0.117586546
0.2401949	0.56116825	-0.78350675	0.116248734
0.23987013	0.56017506	-0.7844583	0.1152889
0.23950699	0.5592398	-0.78539836	0.11417865
0.23922165	0.55831367	-0.78630275	0.11307941
0.23908024	0.55734444	-0.7871727	0.11210329
0.23906946	0.5562077	-0.78810596	0.111210704
0.23912773	0.55506116	-0.78899944	0.110476725
0.23914506	0.5538945	-0.7899078	0.10980044
0.23903944	0.5527596	-0.79082227	0.109166555
0.23882811	0.55164325	-0.791755	0.10851251
0.2385185	0.550546	-0.7927097	0.10779335
0.2381316	0.54943675	-0.79370207	0.107002676
0.23777534	0.5483725	-0.79464936	0.10622147
0.23748611	0.5472486	-0.79561317	0.10544753
0.23734455	0.5461759	-0.7964716	0.10484528
0.23733385	0.5461751	-0.79647464	0.10485038
0.23737831	0.54378605	-0.7982016	0.10403125
0.23737517	0.54378474	-0.79820275	0.10403689
0.23730482	0.5414937	-0.7998493	0.103499584
0.23712493	0.54035205	-0.8007024	0.10328143
0.23632367	0.5385474	-0.8022247	0.10273009
0.23575799	0.5377815	-0.8029416	0.10244081
0.23518226	0.5369861	-0.8036713	0.102213584
0.23469377	0.53615427	-0.8043783	0.10214338
0.23443896	0.53540486	-0.80492616	0.10234252
0.23430546	0.5346531	-0.8054321	0.102597766
0.2342683	0.5338527	-0.80593836	0.102874555
0.23425035	0.53316367	-0.80636865	0.10311636
0.23418844	0.53253466	-0.8068079	0.10307225
0.2340959	0.5320343	-0.8071988	0.10280423
0.23393193	0.53163624	-0.80757195	0.10230564
0.2336931	0.5313638	-0.80790704	0.1016184
0.23372026	0.53134656	-0.80790275	0.10167992
0.23297244	0.53097177	-0.8086099	0.099715084
0.23260228	0.53072155	-0.8090269	0.09852073
0.23227128	0.5304139	-0.80947906	0.097236395
0.23202263	0.5300415	-0.8099434	0.09598575
0.23187573	0.5295859	-0.81041604	0.09485914
0.23177342	0.5290248	-0.8109337	0.09381082
0.23171599	0.5285276	-0.8113548	0.09311157
0.23163974	0.5279292	-0.8118421	0.092446364
0.23151779	0.5272774	-0.81236887	0.091841884
0.23130295	0.5265052	-0.8130016	0.091212004
0.23103587	0.525683	-0.8136754	0.09062136
0.23078012	0.52473086	-0.81440914	0.09019854
0.23049979	0.52366966	-0.8152238	0.08972257
0.2302823	0.5228985	-0.8158081	0.08946722
0.22995754	0.5220766	-0.8164487	0.089258134
0.22902855	0.5205288	-0.8177414	0.088852935
0.22856544	0.51975495	-0.8183913	0.08859044
0.22806314	0.5189448	-0.8190915	0.08816303
0.22757818	0.5182029	-0.81974643	0.08769105
0.226977	0.517521	-0.82040304	0.08713333
0.22625779	0.5168995	-0.8210618	0.08648747
0.22556752	0.5163294	-0.82167715	0.08584947
0.2246451	0.5158055	-0.8223443	0.08502506
0.22371237	0.5152256	-0.8230715	0.08395619
0.22281039	0.51457137	-0.82384616	0.08276067
0.22198935	0.5137736	-0.82469934	0.08141428
0.22143225	0.5128069	-0.82557946	0.08009739
0.22120202	0.5116384	-0.82648575	0.07884862
0.2213572	0.51033396	-0.82735705	0.077721976
0.22166844	0.50905585	-0.828156	0.07670065
0.2219416	0.5078793	-0.82889533	0.0757171
0.2220302	0.5069196	-0.8295464	0.07475336
0.22190902	0.50619274	-0.8301071	0.07380716
0.22159638	0.5056037	-0.8306417	0.07276249
0.22108528	0.5050518	-0.831223	0.07150016
0.22050449	0.50452507	-0.8318107	0.07016468
0.21991639	0.5039365	-0.83243954	0.068769746
0.21928595	0.5031339	-0.8332251	0.06712656
0.218921	0.5025214	-0.833773	0.06609508
0.21854894	0.5017645	-0.83441263	0.06499494
0.21809603	0.5010463	-0.83502865	0.06413991
0.21744213	0.5001849	-0.8358024	0.062995076
0.21745744	0.50017416	-0.83580154	0.06303874
0.21622042	0.49908268	-0.8368814	0.061602246
0.21545012	0.49849406	-0.8374936	0.060741037
0.21463397	0.497932	-0.8381055	0.059793334
0.21377765	0.49739328	-0.83871925	0.058728755
0.21297504	0.49683544	-0.83933294	0.057588376
0.21253364	0.49626434	-0.8398473	0.056635834
0.21253116	0.49626574	-0.8398475	0.05663008
0.21192288	0.49507058	-0.84081006	0.055067018
0.2114767	0.494453	-0.84132653	0.05443943
0.2114767	0.49445572	-0.84132576	0.05442677
0.21034175	0.49365592	-0.842127	0.053685457
0.20958221	0.49323535	-0.8425918	0.05322935
0.20869339	0.49267173	-0.84318405	0.052556895
0.20869477	0.49267456	-0.8431829	0.0525431
0.20696816	0.49147674	-0.8443877	0.05122801
0.2056788	0.49020287	-0.8455003	0.05026602
0.20514199	0.48964974	-0.845969	0.0499629
0.20461328	0.4891936	-0.84637475	0.049729317
0.20402063	0.48885858	-0.8467266	0.049466558
0.20329061	0.4886224	-0.84705985	0.049100153
0.20241041	0.48845288	-0.84739816	0.04858269
0.20139207	0.48831752	-0.8477567	0.047915477
0.20028289	0.48818398	-0.84814125	0.047115225
0.19907776	0.4880386	-0.8485583	0.04620918
0.19800816	0.48789442	-0.8489386	0.04533391
0.19717485	0.48775038	-0.8492536	0.044611946
0.19643082	0.48762238	-0.8495297	0.044030663
0.19577326	0.48749566	-0.8497795	0.043539383
0.19518568	0.48736635	-0.85001236	0.04307535
0.19456993	0.48726952	-0.850235	0.04256021
0.19367228	0.4874182	-0.85038596	0.0419341
0.19276893	0.4876739	-0.8504765	0.04127944
0.19164646	0.4879574	-0.85059947	0.040618658
0.19038671	0.4882546	-0.8507391	0.04004151
0.18919894	0.48847914	-0.8508964	0.03958813
0.18812126	0.4886184	-0.85107005	0.03927124
0.1871257	0.4886875	-0.85126144	0.039021272
0.18615325	0.4887213	-0.85146916	0.038714167
0.18520825	0.48875996	-0.8516718	0.038300592
0.18327501	0.48901626	-0.8520027	0.03694529
0.18231338	0.48926872	-0.8521022	0.036051635
0.18133393	0.48955843	-0.852186	0.035065398
0.1813383	0.4895626	-0.85218376	0.03504036
0.179342	0.4901117	-0.8523761	0.03289431
0.17845164	0.4901599	-0.8525728	0.03190642
0.17757466	0.49019724	-0.8527728	0.030863425
0.17674795	0.49014652	-0.8530097	0.029851425
0.17599225	0.49003538	-0.8532628	0.028892765
0.17529349	0.4899322	-0.8534954	0.028007228
0.17460668	0.48990822	-0.85367644	0.027185746
0.1738718	0.4899914	-0.853802	0.026444146
0.17307058	0.49020147	-0.8538642	0.025787702
0.17219898	0.49044606	-0.8539185	0.025169028
0.17136008	0.49064577	-0.8539898	0.024576861
0.17059492	0.49080148	-0.8540696	0.024009688
0.16992526	0.49095976	-0.85412544	0.023530627
0.16930345	0.4911943	-0.8541258	0.023099853
0.1686579	0.49146444	-0.85411006	0.022653889
0.16797833	0.49178305	-0.8540729	0.022184024
0.16724455	0.4921486	-0.85402066	0.021628952
0.16632406	0.4926093	-0.85395336	0.020884031
0.16526368	0.49314022	-0.8538757	0.019920858
0.1643042	0.49362764	-0.85379857	0.019082699
0.16327396	0.49415213	-0.8537109	0.018250631
0.1622672	0.49472886	-0.8535839	0.017530734
0.16116911	0.49539602	-0.85341805	0.016883532
0.16022341	0.49596992	-0.8532713	0.01644194
0.15922575	0.49658167	-0.8531094	0.016071904
0.15827027	0.49718362	-0.85294145	0.015809488
0.15738337	0.4977462	-0.8527803	0.015652202
0.15641315	0.49833533	-0.8526163	0.015563558
0.15640534	0.4983347	-0.852618	0.015571462
0.15124051	0.50112706	-0.85192233	0.015046601
0.14972131	0.50191474	-0.8517318	0.0147699695
0.14861077	0.50250036	-0.8515851	0.0145314485
0.14747475	0.50312877	-0.8514161	0.014259867
0.14643179	0.50376844	-0.85122204	0.014004178
0.14549649	0.5044909	-0.8509596	0.013693676
0.1454931	0.5044944	-0.85095847	0.013668877
0.14434503	0.50544995	-0.8505946	0.013188671
0.14353874	0.5061099	-0.8503448	0.012783035
0.14282599	0.5066325	-0.8501593	0.012389425
0.14186454	0.5072827	-0.84994006	0.011856119
0.1418504	0.5072863	-0.8499407	0.011835291
0.13961005	0.50883025	-0.84940267	0.010771559
0.13857245	0.5095905	-0.8491222	0.010329177
0.13757335	0.51037073	-0.84882003	0.00999456
0.13678375	0.51118374	-0.84845984	0.0098602325
0.13608816	0.5120033	-0.84807795	0.009814169
0.13540275	0.5128767	-0.84766024	0.009788592
0.13473085	0.5137207	-0.8472567	0.009733265
0.13394162	0.51468515	-0.84679794	0.009597753
0.13307394	0.5157238	-0.84630513	0.009375088
0.13211258	0.5168397	-0.845778	0.009093414
0.1306744	0.5184712	-0.8450072	0.0086369375
0.13064869	0.5184743	-0.84500957	0.008624357
0.12872855	0.52072144	-0.84392625	0.008165229
0.12755924	0.5221243	-0.8432381	0.008032749
0.12566662	0.52454174	-0.842018	0.008347415
0.1247123	0.5256804	-0.84144616	0.008683693
0.12370043	0.5267845	-0.8409017	0.00899127
0.12264857	0.5278562	-0.8403813	0.009186633
0.12166201	0.5288448	-0.8399028	0.0092133535
0.120678954	0.529808	-0.8394388	0.009092105
0.11969	0.5308145	-0.83894694	0.0088590495
0.1186967	0.5318693	-0.83842266	0.008592223
0.11771752	0.5329804	-0.83785707	0.008363575
0.116794005	0.534083	-0.8372855	0.008223628
0.115970045	0.53501254	-0.83680683	0.008177607
0.11520311	0.53595346	-0.8363103	0.008200184
0.114476316	0.5368812	-0.83581406	0.008297073
0.11385905	0.53764355	-0.8354071	0.008409579
0.113250166	0.53829306	-0.8350707	0.008489545
0.112550065	0.5389875	-0.8347189	0.008321723
0.1120226	0.5394576	-0.83448774	0.008172519
0.11140482	0.5400246	-0.8342071	0.007812538
0.110160545	0.5411092	-0.8336767	0.006985648
0.109501325	0.5416818	-0.83339506	0.0065534078
0.10879846	0.54229534	-0.8330911	0.006167681
0.10809531	0.54297763	-0.8327396	0.005958608
0.10739639	0.5436923	-0.83236355	0.005976006
0.10650909	0.5446765	-0.8318313	0.006339624
0.106473714	0.5446788	-0.8318342	0.006334218
0.105387986	0.5458827	-0.8311737	0.007480951
0.10464536	0.54662573	-0.830772	0.00822613
0.10379531	0.54738677	-0.83036995	0.008954672
0.102813415	0.5481553	-0.82997787	0.009594833
0.101816304	0.54886633	-0.8296248	0.01010315
0.100889966	0.5495156	-0.829303	0.010512621
0.100085735	0.55010825	-0.8290027	0.010877766
0.09936775	0.55068606	-0.8287006	0.011244467
0.09867399	0.5513132	-0.82836086	0.011647184
0.09807216	0.55192333	-0.8280202	0.012041708
0.09753867	0.5525252	-0.8276761	0.012427635
0.09696384	0.55324167	-0.82725847	0.012850948
0.09641543	0.55395466	-0.8268402	0.013175794
0.095852435	0.554705	-0.8263992	0.013378147
0.0951934	0.5554909	-0.825946	0.013466399
0.09451862	0.55629843	-0.82547957	0.013481141
0.09373743	0.5573205	-0.8248777	0.013568599
0.09302702	0.55824864	-0.8243291	0.013641218
0.0923902	0.559291	-0.8236875	0.01401926
0.09197359	0.5601284	-0.82315683	0.014493277
0.09167906	0.5609152	-0.8226423	0.015122296
0.09145252	0.5616504	-0.82215214	0.015853627
0.091195524	0.5624224	-0.82163566	0.016707527
0.09083996	0.5631799	-0.8211389	0.01753146
0.09035563	0.56401026	-0.8206039	0.018375656
0.08984724	0.5650219	-0.81994075	0.01936914
0.08943871	0.5659835	-0.8192985	0.020334354
0.08908956	0.5669676	-0.8186297	0.02135794
0.08870518	0.5684003	-0.8176384	0.022801938
0.088674165	0.5684044	-0.81764007	0.02276714
0.088304654	0.56979924	-0.81666833	0.02416415
0.08803817	0.5707069	-0.816036	0.025064189
0.08764254	0.5716574	-0.8153849	0.025961898
0.087006584	0.5727562	-0.8146537	0.0268259
0.08619184	0.573933	-0.8138885	0.027522419
0.08532407	0.57518685	-0.8130816	0.027898733
0.08443646	0.576458	-0.8122603	0.028282225
0.083676524	0.57766455	-0.8114711	0.028576944
0.083091676	0.57881737	-0.8106983	0.02889195
0.08264229	0.5799335	-0.80993253	0.029268242
0.08231172	0.58094496	-0.80922467	0.029716738
0.08206704	0.58186114	-0.8085734	0.030192355
0.081861466	0.5827144	-0.8079623	0.030653885
0.08155451	0.5835492	-0.8073795	0.030942757
0.08127087	0.584428	-0.80676246	0.031196542
0.08085335	0.5853397	-0.80613893	0.03130929
0.08046673	0.5862818	-0.8054872	0.031453937
0.08010086	0.5872006	-0.80483925	0.031829182
0.07963193	0.58864	-0.8037975	0.032730393
0.07960305	0.58864176	-0.8037996	0.03271664
0.07920882	0.5900315	-0.8027635	0.03405496
0.078993276	0.59092456	-0.8020867	0.035002686
0.078890316	0.5919145	-0.80131894	0.036077086
0.07886575	0.59273976	-0.80066997	0.03697823
0.07883775	0.5936295	-0.79996943	0.037916917
0.07871588	0.5945805	-0.79923224	0.038804196
0.07854656	0.59552956	-0.7985051	0.039554927
0.07852144	0.5955348	-0.7985065	0.039499458
0.07815012	0.59734327	-0.79713446	0.040625233
0.07808196	0.5979794	-0.79664826	0.04093095
0.0781514	0.59855884	-0.7961878	0.04128714
0.07834271	0.599135	-0.7957134	0.04171134
0.07834401	0.59913707	-0.79571307	0.041688167
0.07869576	0.6007209	-0.7944423	0.042461146
0.07873579	0.6015069	-0.79383254	0.042664044
0.07866048	0.60247767	-0.7930974	0.042777844
0.07851062	0.6036205	-0.79223984	0.042828593
0.07840525	0.6044702	-0.7916005	0.042861022
0.07839398	0.604471	-0.7916014	0.042853583
0.07837503	0.60616195	-0.7902849	0.04329953
0.07840057	0.6068948	-0.7897001	0.04365669
0.078404285	0.60762084	-0.78911346	0.044157155
0.07828817	0.60848045	-0.78842485	0.044821594
0.07801859	0.60950357	-0.7876183	0.045563683
0.07767197	0.61053824	-0.7868024	0.04639188
0.07735563	0.6115815	-0.78597194	0.047247253
0.07708642	0.61254233	-0.78520054	0.048060324
0.07679863	0.61356527	-0.78437793	0.0488959
0.07649619	0.61461455	-0.7835337	0.049723037
0.07616677	0.6156723	-0.7826841	0.05051653
0.07577058	0.61688507	-0.78171134	0.051373083
0.075469226	0.6178516	-0.7809332	0.05203157
0.074935645	0.6200413	-0.7791434	0.053565
0.07472803	0.6211366	-0.7782387	0.054311637
0.074599	0.6222796	-0.7772847	0.055060524
0.0746276	0.6242355	-0.7756347	0.056140065
0.074743696	0.62524617	-0.774779	0.056550883
0.07484447	0.62616754	-0.774004	0.05683651
0.074919395	0.62718564	-0.773153	0.057094242
0.07497443	0.62820274	-0.772304	0.057331473
0.07501047	0.62926215	-0.7714184	0.057586722
0.07498943	0.6303047	-0.77054846	0.05785974
0.07477533	0.63232654	-0.768862	0.058506787
0.0747536	0.6323273	-0.76886404	0.05849918
0.074595354	0.6333597	-0.7679921	0.058985006
0.07448677	0.6342151	-0.76724964	0.059589174
0.074479885	0.6349279	-0.7665858	0.06054375
0.07448762	0.63568157	-0.7658795	0.061555997
0.07438819	0.63653857	-0.7650921	0.062602766
0.074291274	0.63736266	-0.764337	0.06355154
0.07410307	0.63826776	-0.7635267	0.06442164
0.07398123	0.63924944	-0.7626465	0.06524684
0.07390096	0.6402747	-0.76172256	0.066072576
0.07382149	0.64137095	-0.7607315	0.06694152
0.073727526	0.64251006	-0.75969785	0.0678565
0.07361721	0.6436257	-0.758677	0.06881755
0.07345808	0.644741	-0.75765204	0.06983176
0.07324298	0.6457911	-0.756685	0.07083143
0.07299525	0.6468612	-0.7557014	0.071817175
0.072809376	0.6478346	-0.7548017	0.07268815
0.072702296	0.6484919	-0.75418836	0.07329751
0.072716855	0.64919513	-0.75351137	0.07401806
0.07289665	0.6498107	-0.7528868	0.0747916
0.07332278	0.65085363	-0.7517796	0.07642555
0.07332237	0.6508555	-0.75177974	0.076407656
0.07353571	0.65134007	-0.75125253	0.07725413
0.07384889	0.6519861	-0.75053436	0.07847759
0.0738519	0.651988	-0.75053424	0.07846006
0.07423395	0.6527055	-0.74971944	0.07991091
0.07441855	0.6531344	-0.74923813	0.08074429
0.074415095	0.6531352	-0.7492386	0.08073652
0.07463188	0.6540068	-0.748263	0.0825091
0.074689604	0.6544412	-0.74776036	0.0835625
0.07463123	0.65491176	-0.74722004	0.084752746
0.07449065	0.65538985	-0.74668616	0.085879035
0.07428119	0.65595627	-0.7460696	0.08708505
0.074001	0.6568999	-0.7450774	0.088690475
0.07399798	0.6569002	-0.74507785	0.088687755
0.073841415	0.6577824	-0.7441511	0.09005004
0.073819146	0.6585264	-0.74336743	0.09109668
0.07381647	0.6585273	-0.7433679	0.091088556
0.07394302	0.6595272	-0.7423051	0.09240951
0.0740375	0.6600601	-0.74174374	0.09303423
0.07417333	0.66054696	-0.7412316	0.093551345
0.074387126	0.6609967	-0.7407499	0.09401915
0.07465143	0.6614409	-0.7402637	0.09451404
0.074922115	0.66191244	-0.7397429	0.09507404
0.07516634	0.6624445	-0.7391583	0.09572096
0.07535271	0.663056	-0.73849595	0.096449435
0.075459	0.66370666	-0.7378041	0.097183235
0.07545012	0.6651183	-0.73634917	0.09856405
0.07537881	0.66583407	-0.73563045	0.09915045
0.075367086	0.6658336	-0.73563194	0.099152505
0.075125724	0.66726744	-0.73421854	0.10016762
0.07505674	0.66797334	-0.73350334	0.10075275
0.07520305	0.66900146	-0.73238975	0.10191626
0.07519102	0.66900194	-0.7323914	0.101910174
0.07537153	0.6699395	-0.7313664	0.10297294
0.07549468	0.67062163	-0.73062617	0.10369501
0.07561264	0.6713842	-0.7298122	0.104404286
0.07557531	0.6722177	-0.7289548	0.105055325
0.07553864	0.6730506	-0.7280955	0.1057066
0.07529529	0.6746672	-0.7264674	0.10677095
0.07517705	0.6753561	-0.7257706	0.1072368
0.07514114	0.6759932	-0.7250994	0.1077866
0.075132	0.67661697	-0.7244087	0.10852109
0.0751427	0.6770896	-0.7238614	0.1092152
0.07514271	0.6775619	-0.7233002	0.11000114
0.07511847	0.6780019	-0.72277164	0.11077879
0.075074546	0.67841077	-0.7222852	0.111475825
0.074996404	0.67886513	-0.7217556	0.11219021
0.074893475	0.67933047	-0.7212215	0.11287428
0.07478072	0.6798061	-0.7206694	0.11360941
0.074680164	0.68028295	-0.72009635	0.114452004
0.074630395	0.68074906	-0.71950567	0.115423754
0.07462426	0.68115705	-0.7189553	0.116446234
0.07457924	0.6815522	-0.7184074	0.11753913
0.074474916	0.68195176	-0.7178608	0.11862229
0.074322514	0.6823638	-0.7173113	0.11966715
0.07417882	0.68277586	-0.71677345	0.12062554
0.074093156	0.68315077	-0.71629465	0.121397324
0.07418605	0.6838256	-0.71544534	0.12254414
0.07444371	0.6841152	-0.7150658	0.12298627
0.074752636	0.6843633	-0.7147386	0.1233193
0.07509578	0.6846094	-0.71441287	0.123632245
0.07545034	0.68487686	-0.71406406	0.12394966
0.07572815	0.6851618	-0.7136976	0.124315076
0.07593954	0.6854917	-0.7132643	0.12485343
0.076121084	0.6858923	-0.71272886	0.12559892
0.0762446	0.6863952	-0.7120786	0.12646177
0.076169156	0.6868969	-0.71145207	0.12730676
0.07601626	0.68750364	-0.7107374	0.12811218
0.075794496	0.6881288	-0.71001726	0.1288777
0.07553635	0.6889087	-0.70914847	0.12964387
0.07541919	0.6894116	-0.7085867	0.13011017
0.0753914	0.68992496	-0.7080009	0.13059263
0.075521395	0.6903941	-0.7074306	0.13112797
0.075794205	0.69073814	-0.7069659	0.13166367
0.07619312	0.6910063	-0.7065476	0.13227029
0.07662898	0.6912269	-0.70615184	0.13297711
0.07712393	0.69147503	-0.70570534	0.13376904
0.07765196	0.6918045	-0.70516294	0.13461825
0.07811239	0.69218826	-0.70456517	0.13550578
0.07852008	0.6926037	-0.7039477	0.13635395
0.078960694	0.693033	-0.70330465	0.13723387
0.07937296	0.6934229	-0.70271784	0.13803014
0.07970473	0.69383717	-0.7021241	0.13877691
0.07997434	0.69423616	-0.7015494	0.13953038
0.080166996	0.69461477	-0.70100117	0.14028904
0.08028016	0.69499135	-0.7004527	0.14109662
0.08041519	0.69564134	-0.6994632	0.14271562
0.08047268	0.6959246	-0.6989984	0.14357722
0.08053749	0.696175	-0.6985609	0.14445339
0.08064468	0.69644934	-0.6980803	0.14539146
0.08080371	0.6966767	-0.6976472	0.1462901
0.08103125	0.696882	-0.69723237	0.14716144
0.081453525	0.6970402	-0.6968626	0.14792871
0.08188049	0.69719946	-0.69648886	0.14870065
0.08231812	0.6973787	-0.69611955	0.1493464
0.08278673	0.6976763	-0.69564414	0.14991154
0.08278673	0.6976763	-0.69564414	0.14991154
0.083397776	0.6982616	-0.69477814	0.15086077
0.08382052	0.69869834	-0.694134	0.15156768
0.083811626	0.69869673	-0.6941352	0.15157501
0.08432135	0.69942695	-0.6931277	0.1525317
0.08450346	0.699838	-0.69256616	0.15309528
0.084677994	0.7002635	-0.6919774	0.15371422
0.08481877	0.70063394	-0.69145405	0.1543024
0.084918715	0.70104295	-0.690898	0.15487938
0.08494433	0.7014333	-0.690383	0.15539376
0.084920324	0.70185566	-0.68984276	0.15589839
0.0848597	0.7022959	-0.6892836	0.15642045
0.08477587	0.7027211	-0.68872076	0.15703426
0.08470518	0.70313245	-0.6881255	0.15783891
0.08467025	0.7035241	-0.68750536	0.15881196
0.08464088	0.70391744	-0.6868471	0.15992898
0.08459662	0.70431995	-0.6861673	0.16109407
0.084585056	0.7047175	-0.68549854	0.16220494
0.08453027	0.70511603	-0.6848688	0.1631588
0.0844369	0.7055483	-0.68425685	0.16390444
0.08435943	0.7059925	-0.6836807	0.16443469
0.08421498	0.7064529	-0.6831063	0.16491793
0.0841357	0.7069984	-0.6824265	0.16543423
0.08413276	0.7074267	-0.6818611	0.16593544
0.08414446	0.707833	-0.6813281	0.16638555
0.084300525	0.70816857	-0.68081266	0.16698799
0.08468467	0.7082817	-0.6804792	0.16767105
0.085086025	0.7083247	-0.6802024	0.16840811
0.085467115	0.70834565	-0.6799534	0.1691308
0.08573649	0.7083781	-0.67972726	0.16976652
0.085927464	0.70842415	-0.67949814	0.17039359
0.08602365	0.7085043	-0.6792514	0.17099468
0.08605288	0.7086622	-0.6789075	0.1716899
0.08604834	0.70880914	-0.67861855	0.1722271
0.08603832	0.70901895	-0.6782364	0.1728728
0.08606869	0.7092539	-0.67781293	0.17355317
0.08614761	0.7094901	-0.6773751	0.17425667
0.086229764	0.70974743	-0.6769173	0.17494588
0.086288884	0.71004057	-0.67643	0.17561078
0.08627611	0.7104662	-0.6757927	0.17634769
0.086323835	0.7104445	-0.6757758	0.1764762
0.08598821	0.71120477	-0.6748397	0.17715879
0.08578237	0.7116396	-0.6743	0.17756692
0.08563468	0.71207607	-0.6737289	0.17805591
0.08558602	0.71248883	-0.6731452	0.1786347
0.08564375	0.71289027	-0.6725378	0.17929192
0.08571024	0.71289444	-0.672525	0.17929165
0.085891806	0.71334773	-0.67182827	0.18001254
0.086092524	0.7138551	-0.6710738	0.18071826
0.08630917	0.71412563	-0.67065895	0.18108536
0.08661058	0.7142681	-0.67038333	0.18140005
0.08699274	0.714404	-0.6701156	0.18167116
0.087282546	0.7145635	-0.66987693	0.18178503
0.08750359	0.71468526	-0.6696962	0.18186562
0.0877102	0.7148244	-0.66948545	0.18199539
0.08793208	0.7149518	-0.6692762	0.18215743
0.088058196	0.71509165	-0.6690167	0.18250029
0.08813048	0.7152495	-0.668726	0.18291204
0.0881455	0.7154483	-0.6683909	0.18335123
0.08810683	0.715692	-0.66801405	0.18379208
0.08805144	0.7160745	-0.66744447	0.1843965
0.088058405	0.7160594	-0.6674382	0.18447465
0.08809152	0.71644926	-0.6668792	0.18496653
0.08813712	0.7166639	-0.6665761	0.18520577
0.088200286	0.71682686	-0.6663595	0.18532415
0.08821046	0.7168199	-0.6663551	0.18536222
0.0883965	0.7169508	-0.6661433	0.1855285
0.08839303	0.71694654	-0.66614276	0.18554857
0.088526286	0.7170227	-0.6658932	0.18608539
0.08860545	0.71707445	-0.66570985	0.18650407
0.08869771	0.71716475	-0.66544473	0.18705831
0.088781916	0.7172362	-0.6652307	0.18750493
0.08888947	0.71732485	-0.6649707	0.18803647
0.08901869	0.7174083	-0.6647132	0.18856661
0.089148946	0.71748346	-0.66448337	0.18902913
0.088981435	0.71777153	-0.66413015	0.18925513
0.08880631	0.71798664	-0.6639081	0.18930049
0.08864425	0.7181482	-0.6637504	0.18931681
0.08854265	0.7182501	-0.66363496	0.18938243
0.08855278	0.7182227	-0.6636117	0.18956317
0.088681765	0.71817005	-0.66358554	0.18979344
0.0888986	0.7180566	-0.66361266	0.19002645
0.08907393	0.71795124	-0.66364855	0.19021726
0.0893287	0.7177695	-0.6637371	0.19047435
0.0893603	0.71776175	-0.6637275	0.19052213
0.089516334	0.71760386	-0.6638564	0.19059482
0.08961488	0.7175158	-0.66393894	0.19059195
0.08970316	0.717446	-0.6640189	0.19053477
0.089782186	0.71740377	-0.66407347	0.19046672
0.08982387	0.71740025	-0.66409343	0.1903902
0.08983932	0.7174207	-0.6640874	0.19032729
0.08984146	0.7174399	-0.6640877	0.19025293
0.08988259	0.71742696	-0.66407436	0.19032858
0.08989335	0.7174356	-0.6640505	0.19037405
0.08989781	0.7174309	-0.66405207	0.19038434
0.089837454	0.7174343	-0.6640681	0.19034442
0.08971232	0.7174287	-0.664106	0.19029209
0.08957844	0.71738315	-0.6641805	0.19026697
0.08947067	0.7172829	-0.6642866	0.19032484
0.08940529	0.717125	-0.66441554	0.19050038
0.0893879	0.716934	-0.6645509	0.19075526
0.08933896	0.7167337	-0.66468406	0.19106683
0.08940034	0.71673656	-0.66467106	0.19107276
0.08926016	0.7165813	-0.6647649	0.19139421
0.089194946	0.71654826	-0.6647688	0.19153403
0.089160524	0.7165396	-0.6647685	0.19158368
0.0891852	0.716528	-0.6647948	0.1915244
0.08930384	0.7164749	-0.66488254	0.1913634
0.0895596	0.716347	-0.66504556	0.19115597
0.08992799	0.7161419	-0.6652908	0.19089794
0.090293206	0.71596986	-0.66553134	0.19053188
0.09053863	0.71586275	-0.6656963	0.1902414
0.09065924	0.7158228	-0.66577697	0.19005181
0.09062331	0.71583354	-0.6657954	0.18996425