0.42676708	-0.31099683	-0.8289959	-0.1841652
0.42661667	-0.31092268	-0.8291101	-0.18412477
0.42663747	-0.31078956	-0.8291621	-0.18406633
0.42675555	-0.3106648	-0.8291474	-0.18406975
0.42694777	-0.3106178	-0.82904726	-0.18415438
0.42720518	-0.31064832	-0.82888216	-0.1842496
0.42737728	-0.31079942	-0.8287065	-0.18438533
0.42736575	-0.3110674	-0.82856905	-0.18457814
0.42727137	-0.31130064	-0.82848734	-0.18476976
0.42722598	-0.3114237	-0.8284312	-0.18491885
0.4271894	-0.31149945	-0.82839924	-0.1850189
0.42712703	-0.31150973	-0.82841367	-0.18508092
0.42703608	-0.31140724	-0.8284984	-0.18508412
0.42696735	-0.3111117	-0.82866055	-0.18501419
0.4270086	-0.31078938	-0.82879394	-0.18486294
0.42723784	-0.31053245	-0.8288021	-0.18472825
0.42747697	-0.31035987	-0.8287686	-0.18461546
0.42765293	-0.31023198	-0.8287375	-0.18456262
0.42778358	-0.31014088	-0.82871854	-0.1844981
0.4278529	-0.31002298	-0.82873505	-0.18446136
0.42782083	-0.30989492	-0.82879806	-0.18446793
0.42771193	-0.3097002	-0.82892627	-0.18447092
0.42762655	-0.3094247	-0.829074	-0.18446742
0.42762056	-0.3091138	-0.829192	-0.18447246
0.42767283	-0.3088087	-0.82927465	-0.18449014
0.4277723	-0.308498	-0.8293339	-0.18451343
0.42786425	-0.30822745	-0.82938653	-0.18451592
0.42793977	-0.3079546	-0.8294519	-0.18450256
0.42802814	-0.3077536	-0.8295032	-0.18440259
0.4281102	-0.3074804	-0.8295977	-0.18424235
0.42812896	-0.30737826	-0.82964474	-0.1841574
0.42820206	-0.30728635	-0.82966125	-0.18406588
0.42836097	-0.30718258	-0.8296347	-0.18398905
0.428569	-0.30706686	-0.82958394	-0.18392716
0.42874554	-0.30696118	-0.8295367	-0.18390532
0.42880338	-0.30687943	-0.82953733	-0.18390389
0.42879307	-0.30678838	-0.8295734	-0.18391676
0.42870677	-0.30660418	-0.82968885	-0.18390456
0.4286846	-0.3064108	-0.82979053	-0.18381986
0.42879513	-0.30609778	-0.8298901	-0.18363453
0.42883042	-0.3060887	-0.8298708	-0.18365355
0.429024	-0.30558395	-0.83003455	-0.18330173
0.4291993	-0.30524912	-0.8301389	-0.18297614
0.42931008	-0.30507952	-0.83018225	-0.18280274
0.4293967	-0.30496553	-0.83021086	-0.18265969
0.42942458	-0.3048922	-0.8302486	-0.1825451
0.4293963	-0.30476707	-0.83034086	-0.18240033
0.42945048	-0.30476573	-0.8303123	-0.18240567
0.4293854	-0.30442393	-0.8305102	-0.18222839
0.4292888	-0.3039743	-0.8307663	-0.18203881
0.42922422	-0.30365455	-0.8309407	-0.18192905
0.4291776	-0.30338705	-0.83107775	-0.18185908
0.4291595	-0.30318895	-0.8311619	-0.1818471
0.4291478	-0.30307877	-0.8311983	-0.18189293
0.42914107	-0.3030218	-0.83120227	-0.18198504
0.42911583	-0.30295634	-0.8312211	-0.18206753
0.4290802	-0.30282015	-0.83127725	-0.18212177
0.42905408	-0.30267823	-0.8313452	-0.18210915
0.4289773	-0.30245045	-0.8314899	-0.1820073
0.42886758	-0.30219123	-0.83168125	-0.18182255
0.42876232	-0.3019292	-0.83188903	-0.18155523
0.42869845	-0.30170318	-0.8320636	-0.1812814
0.42866495	-0.3014643	-0.8322334	-0.18097867
0.42865348	-0.30122876	-0.8323891	-0.18068162
0.4286403	-0.30099028	-0.83253366	-0.18044463
0.42859533	-0.30076158	-0.83267605	-0.18027525
0.42855796	-0.30056745	-0.8327901	-0.18016076
0.42859116	-0.30040663	-0.8328583	-0.1800346
0.4286965	-0.30031517	-0.8328789	-0.17984143
0.42883947	-0.30018562	-0.83291304	-0.17955841
0.42906833	-0.29991907	-0.83298695	-0.17911372
0.429294	-0.29956192	-0.833103	-0.17863049
0.42953515	-0.29908952	-0.8332653	-0.17808408
0.4297592	-0.29855266	-0.8334542	-0.17755985
0.42992416	-0.29797116	-0.8336769	-0.17709146
0.43007982	-0.29734018	-0.8339141	-0.17665657
0.43022108	-0.29673806	-0.83413213	-0.1762956
0.43040222	-0.29611605	-0.8343291	-0.17596646
0.43060812	-0.29548642	-0.8345061	-0.17568159
0.43080625	-0.2948339	-0.83468884	-0.17542352
0.43098578	-0.29416645	-0.8348847	-0.17517132
0.43109027	-0.2934397	-0.8351467	-0.17488399
0.43113583	-0.29270115	-0.83544624	-0.17457858
0.43113738	-0.29194805	-0.83577657	-0.1742539
0.4311132	-0.29118475	-0.8361304	-0.1738937
0.43111017	-0.2903869	-0.8364962	-0.17347507
0.4311747	-0.28962436	-0.83683205	-0.17296885
0.43134236	-0.28890145	-0.8371172	-0.17237914
0.4316235	-0.2881618	-0.8373641	-0.17171311
0.43197173	-0.28736115	-0.83761054	-0.17097539
0.43231896	-0.28648037	-0.8378958	-0.17017691
0.43270046	-0.28544956	-0.8382332	-0.1692752
0.4330209	-0.28443688	-0.8385925	-0.1683776
0.43335092	-0.28337598	-0.8389764	-0.1674024
0.4337511	-0.28242534	-0.83927864	-0.16645521
0.43421298	-0.28145742	-0.83955395	-0.16549954
0.434719	-0.2803408	-0.8398637	-0.16449131
0.43515795	-0.27928138	-0.8401641	-0.16359645
0.43553716	-0.2782234	-0.8404792	-0.16276924
0.43585354	-0.27708417	-0.84084684	-0.16196507
0.436119	-0.27590004	-0.8412508	-0.16117287
0.43632948	-0.27479723	-0.8416396	-0.16045529
0.43650055	-0.2737561	-0.8420176	-0.1597858
0.43667138	-0.27271706	-0.8423888	-0.1591373
0.43683913	-0.27173716	-0.8427336	-0.1585264
0.4370028	-0.27076724	-0.84307504	-0.15791787
0.43715885	-0.26967412	-0.8434763	-0.15721203
0.43725717	-0.26888102	-0.84377795	-0.1566783
0.43736184	-0.26796088	-0.84414005	-0.15601
0.43736655	-0.2679583	-0.8441376	-0.15601516
0.43773377	-0.26621833	-0.84476894	-0.15453945
0.43804097	-0.26543736	-0.8449818	-0.15384664
0.4384105	-0.26462096	-0.8451763	-0.15313096
0.43875584	-0.26373798	-0.8454134	-0.15235376
0.4389996	-0.26295915	-0.8456484	-0.15169269
0.4391825	-0.2621379	-0.8459305	-0.15101041
0.4393178	-0.26130468	-0.84623814	-0.15033613
0.43944928	-0.26039666	-0.8465719	-0.14964554
0.43952677	-0.2595778	-0.84688747	-0.14905448
0.43961045	-0.25866556	-0.84723365	-0.14842556
0.4397122	-0.25776458	-0.84755886	-0.14783332
0.43986127	-0.2567158	-0.84791815	-0.14715315
0.44005486	-0.25560716	-0.84827733	-0.14643165
0.44031405	-0.25437626	-0.84865105	-0.14562884
0.44060567	-0.25313473	-0.8490194	-0.14476067
0.44096518	-0.25187546	-0.84938544	-0.1437117
0.44147807	-0.25025165	-0.8498659	-0.14212398
0.44189084	-0.24908863	-0.8501932	-0.14092156
0.4422477	-0.24808554	-0.8504762	-0.13986015
0.44263697	-0.24690859	-0.8508086	-0.13868485
0.44302312	-0.24551468	-0.851216	-0.13742132
0.44327012	-0.24439797	-0.8515538	-0.13651955
0.4435507	-0.24305448	-0.8519501	-0.1355299
0.44385654	-0.24175398	-0.852309	-0.13459493
0.44419774	-0.24037272	-0.85267997	-0.13358998
0.44450685	-0.23892878	-0.8530911	-0.13252231
0.44479114	-0.23736887	-0.8535506	-0.13140911
0.44507748	-0.23554756	-0.8540944	-0.13017792
0.4453051	-0.23381348	-0.8546174	-0.12908761
0.44550252	-0.23199765	-0.85517436	-0.12799014
0.44568154	-0.22977252	-0.8558801	-0.12665713
0.44576353	-0.22833684	-0.856348	-0.12579829
0.4458269	-0.22666423	-0.856912	-0.1247539
0.4459155	-0.22501232	-0.8574602	-0.12365661
0.44602728	-0.22352615	-0.8579398	-0.12261863
0.4461834	-0.22217056	-0.8583478	-0.12165386
0.4463811	-0.2209051	-0.8586996	-0.12074765
0.44661418	-0.219769	-0.8589818	-0.11994897
0.44691297	-0.2186721	-0.8592103	-0.1192016
0.44729665	-0.21751145	-0.8594134	-0.11841945
0.44777346	-0.2159517	-0.85969883	-0.117395446
0.4477801	-0.2159532	-0.8596955	-0.117392704
0.44831958	-0.2134998	-0.86023015	-0.11589435
0.44866458	-0.2120608	-0.86052454	-0.115012854
0.44901955	-0.21067013	-0.86079395	-0.11416395
0.44939563	-0.20921765	-0.8610705	-0.11326658
0.44981623	-0.20768361	-0.8613471	-0.112312965
0.45020434	-0.20633309	-0.8615793	-0.11146207
0.45058462	-0.20476411	-0.8618826	-0.110469565
0.45084444	-0.2033672	-0.86218923	-0.10959479
0.45107064	-0.20189321	-0.86253196	-0.10868819
0.45124012	-0.20049417	-0.862878	-0.10782436
0.45139992	-0.19916794	-0.8632012	-0.10702369
0.45157534	-0.19794485	-0.86348367	-0.106271066
0.45182714	-0.19680455	-0.86370355	-0.10552962
0.4521868	-0.19577794	-0.8638416	-0.1047653
0.45266956	-0.19469477	-0.8639465	-0.103829876
0.4530651	-0.19387713	-0.8640178	-0.103039436
0.4534854	-0.19285291	-0.86414516	-0.10203964
0.45379758	-0.19175223	-0.86435074	-0.10097894
0.4540742	-0.19019142	-0.8647161	-0.09954822
0.45409146	-0.19021192	-0.8647072	-0.099509224
0.45435745	-0.18820572	-0.86520374	-0.09777732
0.45454326	-0.18709481	-0.865458	-0.0967907
0.4547701	-0.18603058	-0.8656748	-0.09583281
0.45503792	-0.18492596	-0.865876	-0.09487677
0.45535472	-0.18380131	-0.86604995	-0.093950726
0.4557995	-0.18242888	-0.8662204	-0.09289119
0.45579615	-0.18244925	-0.866222	-0.09285243
0.45642093	-0.18056162	-0.866441	-0.091419086
0.4567788	-0.17949067	-0.86656004	-0.09060869
0.45715925	-0.1784004	-0.8666718	-0.089770645
0.4575418	-0.17727876	-0.86679083	-0.088890344
0.45791867	-0.17616385	-0.8669058	-0.08804105
0.45829687	-0.17510498	-0.86700237	-0.08723114
0.458676	-0.17415701	-0.86706406	-0.08652066
0.45908567	-0.1732754	-0.8670844	-0.08591065
0.45953348	-0.17241114	-0.86707217	-0.08537737
0.45998695	-0.17158203	-0.86704224	-0.084907785
0.46039855	-0.17079014	-0.8670214	-0.08448513
0.4607494	-0.17009193	-0.86700577	-0.084141076
0.461107	-0.1694011	-0.86698586	-0.0837799
0.46146315	-0.16872497	-0.8669629	-0.08342052
0.4618308	-0.1679604	-0.8669526	-0.08303593
0.46202856	-0.16741672	-0.86697876	-0.0827592
0.46223566	-0.16678743	-0.86701757	-0.08246575
0.46250552	-0.16622864	-0.867005	-0.08221372
0.4628519	-0.1657346	-0.8669383	-0.0819648
0.46320567	-0.16533953	-0.86684924	-0.08170568
0.4632404	-0.16538768	-0.86683005	-0.08161485
0.46418384	-0.16449632	-0.86658454	-0.08065641
0.4643194	-0.16468054	-0.86650926	-0.080309354
0.46489805	-0.16405718	-0.8663847	-0.079578534
0.46526226	-0.16357836	-0.86632925	-0.07903791
0.4656103	-0.16299717	-0.86629814	-0.078526676
0.46592554	-0.16235277	-0.8662946	-0.07802893
0.46625212	-0.16168699	-0.8662869	-0.07754573
0.46663836	-0.16103262	-0.8662431	-0.07707163
0.4670496	-0.16050667	-0.8661581	-0.07663159
0.46742183	-0.16002756	-0.86608195	-0.076224566
0.46774098	-0.15955146	-0.86603135	-0.07583881
0.4679887	-0.1591764	-0.86599624	-0.0754981
0.4682584	-0.15880547	-0.86595035	-0.07513275
0.4685278	-0.15846471	-0.8658998	-0.07475501
0.46882084	-0.15818013	-0.86582553	-0.074378595
0.46913975	-0.15795383	-0.86572605	-0.07400551
0.46950907	-0.15774538	-0.8655984	-0.07360231
0.46995425	-0.15760787	-0.86541444	-0.073216036
0.47058934	-0.15754326	-0.8651086	-0.07289119
0.47137275	-0.15749782	-0.86471343	-0.07261434
0.4720359	-0.15740678	-0.86438674	-0.07239341
0.47258794	-0.15718667	-0.86414045	-0.072211154
0.4729913	-0.15687011	-0.86398643	-0.07210111
0.47333527	-0.15650323	-0.8638648	-0.07209816
0.47389796	-0.15578204	-0.86365557	-0.07246979
0.4740985	-0.15557642	-0.8635672	-0.07265354
0.47432306	-0.1555267	-0.86343443	-0.07287174
0.47459286	-0.15569994	-0.86323524	-0.073102556
0.4749071	-0.15606555	-0.86297715	-0.073330864
0.47540292	-0.15663393	-0.86257994	-0.07357819
0.47536933	-0.156773	-0.8625948	-0.07332553
0.47640532	-0.15738685	-0.86188465	-0.073637106
0.47783393	-0.15773824	-0.8610147	-0.073804416
0.4784716	-0.15778302	-0.8606594	-0.07372227
0.47915727	-0.1577859	-0.860284	-0.07364457
0.47977445	-0.15777881	-0.8599481	-0.073564045
0.48048383	-0.15774101	-0.85956866	-0.073450826
0.48126414	-0.15771087	-0.85914767	-0.073332034
0.48217684	-0.1576512	-0.8586544	-0.07324233
0.4821322	-0.1577367	-0.8586766	-0.073090546
0.48341146	-0.15772647	-0.8579559	-0.073127046
0.48407385	-0.15783419	-0.8575623	-0.07312776
0.48472518	-0.15799356	-0.85716057	-0.07317983
0.48541433	-0.15815389	-0.85673136	-0.07329241
0.4861001	-0.15828383	-0.856305	-0.07344869
0.48677185	-0.15838045	-0.8558892	-0.073637925
0.48749262	-0.15847878	-0.85544336	-0.073838145
0.48832774	-0.15863068	-0.85491914	-0.07406485
0.4891277	-0.15885863	-0.85439783	-0.07431437
0.4899843	-0.159178	-0.85382116	-0.0746137
0.49088648	-0.15957512	-0.85319936	-0.074948706
0.49175847	-0.1600147	-0.85258293	-0.07530781
0.49268898	-0.1605028	-0.85191864	-0.07570405
0.49356645	-0.16088642	-0.8513026	-0.07610253
0.4945071	-0.16117138	-0.85066533	-0.07651745
0.49531588	-0.16128393	-0.85014385	-0.076844946
0.49629667	-0.16133602	-0.84953696	-0.077118814
0.4976118	-0.16110058	-0.8487857	-0.07740736
0.4976023	-0.16110206	-0.8487912	-0.07740515
0.4990885	-0.16084246	-0.8479362	-0.07774663
0.5014889	-0.16046764	-0.84653634	-0.07832789
0.5025684	-0.16032869	-0.84589666	-0.078603804
0.5036066	-0.16020991	-0.8452745	-0.0788941
0.5044942	-0.16010925	-0.84473246	-0.0792328
0.5053128	-0.16014077	-0.84420425	-0.07958094
0.5061485	-0.16022587	-0.8436532	-0.079941146
0.5070451	-0.16033815	-0.84306014	-0.08029135
0.50796777	-0.16049325	-0.84244186	-0.080638506
0.5089805	-0.1607509	-0.84174484	-0.08101723
0.50999475	-0.16113883	-0.84101754	-0.08141909
0.5110545	-0.16169919	-0.84022117	-0.0818853
0.5120567	-0.16241553	-0.83942235	-0.08239765
0.5129358	-0.16322982	-0.8386765	-0.082913004
0.5137582	-0.16413741	-0.83794427	-0.08343195
0.5145414	-0.16508326	-0.8372236	-0.08397323
0.5151188	-0.16578983	-0.8366821	-0.08443589
0.5157359	-0.16649145	-0.8361051	-0.08500198
0.51642805	-0.16708814	-0.835496	-0.085615374
0.51704395	-0.1674561	-0.834994	-0.08607628
0.51795125	-0.16783501	-0.83430254	-0.086586185
0.5190358	-0.16815795	-0.8335179	-0.0870212
0.5203088	-0.16846089	-0.8326269	-0.08736183
0.52173626	-0.16880552	-0.8316352	-0.08762925
0.5232946	-0.16924733	-0.8305454	-0.08782095
0.52475953	-0.16972706	-0.8295099	-0.08794104
0.52613527	-0.17017753	-0.8285372	-0.0880199
0.52724093	-0.17050092	-0.8277613	-0.08807825
0.5281756	-0.17075285	-0.827102	-0.0881834
0.52910686	-0.17103587	-0.8264018	-0.08861592
0.52913356	-0.17103733	-0.8263848	-0.0886126
0.53034645	-0.1713586	-0.8254304	-0.08962981
0.53097045	-0.1715804	-0.8249012	-0.09038073
0.5314812	-0.17187786	-0.82440704	-0.09131767
0.53178394	-0.17237832	-0.8239641	-0.09260012
0.53193516	-0.17297302	-0.8235815	-0.09401625
0.53191847	-0.17369989	-0.82325685	-0.0956
0.53175014	-0.1745548	-0.8229837	-0.09731595
0.5314353	-0.17572567	-0.82267696	-0.09949748
0.5314957	-0.17574102	-0.82263774	-0.09947205
0.5311173	-0.17797746	-0.8219583	-0.10306823
0.5310658	-0.17938124	-0.821428	-0.10510706
0.5312159	-0.18085232	-0.82075953	-0.10703298
0.53157914	-0.1824499	-0.81992716	-0.10888124
0.53213394	-0.18423234	-0.81892383	-0.11070626
0.5328439	-0.18624672	-0.81774855	-0.11259222
0.53344226	-0.18788251	-0.8167785	-0.11407213
0.5340086	-0.1896327	-0.81577754	-0.11567755
0.53439337	-0.19140166	-0.814878	-0.117315814
0.53452456	-0.19343132	-0.8140425	-0.119175345
0.5345315	-0.19540913	-0.81329745	-0.1209901
0.53449976	-0.19729705	-0.812604	-0.12271339
0.53445697	-0.19933502	-0.81186074	-0.1245139
0.53449696	-0.20138618	-0.81105566	-0.12627487
0.53467196	-0.20333114	-0.8102019	-0.12788838
0.5348307	-0.20520535	-0.8093812	-0.1294182
0.5349336	-0.20696802	-0.8086242	-0.13090914
0.5349666	-0.20843458	-0.80801636	-0.13219449
0.534887	-0.20980874	-0.8075131	-0.13341272
0.53466153	-0.21123542	-0.80710435	-0.13453303
0.5344095	-0.21279894	-0.8066737	-0.13564982
0.5342165	-0.21430226	-0.8062366	-0.1366378
0.53404444	-0.21590953	-0.8057575	-0.13760251
0.53389686	-0.21755975	-0.8052551	-0.13851428
0.5337631	-0.21915297	-0.80475837	-0.13940252
0.5335931	-0.2207309	-0.80428	-0.14032146
0.53336596	-0.22220527	-0.80386084	-0.14125633
0.5331252	-0.22366884	-0.8034368	-0.14226408
0.5328668	-0.2253118	-0.8029445	-0.14341477
0.5327478	-0.22644313	-0.8025608	-0.14422104
0.5326437	-0.22784798	-0.8020565	-0.14519478
0.53253305	-0.22922173	-0.80156463	-0.1461513
0.53232586	-0.23063846	-0.80109715	-0.14723586
0.5320834	-0.23183665	-0.800721	-0.14827308
0.5318018	-0.23302348	-0.8003514	-0.14941494
0.531459	-0.2342539	-0.7999831	-0.15067692
0.53104377	-0.23560522	-0.7995949	-0.15208839
0.5306332	-0.23691207	-0.79922324	-0.15343876
0.53019166	-0.23828174	-0.7988404	-0.15483123
0.5296999	-0.23963365	-0.7984901	-0.15622862
0.52919513	-0.24102291	-0.79812825	-0.15764442
0.5287215	-0.24226253	-0.7978127	-0.15892565
0.52820396	-0.243571	-0.7974798	-0.1603118
0.5276768	-0.24491876	-0.7971307	-0.16172406
0.5271846	-0.24632293	-0.7967325	-0.1631529
0.5267333	-0.2477747	-0.79628974	-0.16456749
0.52635515	-0.24929026	-0.79576826	-0.16600455
0.5260549	-0.25086707	-0.7951853	-0.16736923
0.52607137	-0.25084594	-0.79517424	-0.16740109
0.5254394	-0.25393817	-0.79406685	-0.16996138
0.5251141	-0.2554575	-0.7935438	-0.17112863
0.52477676	-0.25684285	-0.79310477	-0.17212205
0.52435774	-0.258421	-0.79264176	-0.17316642
0.5239439	-0.2600004	-0.7921771	-0.17417857
0.52354133	-0.26156244	-0.7917113	-0.17516491
0.52320755	-0.2631022	-0.7911939	-0.17619142
0.5228726	-0.2646169	-0.7906662	-0.17728285
0.522502	-0.26606697	-0.79016876	-0.17841884
0.52194226	-0.2678245	-0.78962034	-0.17985015
0.52199274	-0.26778334	-0.78958666	-0.17991255
0.5212473	-0.27008912	-0.7888689	-0.18176663
0.5208781	-0.27146372	-0.78839105	-0.18284734
0.52048594	-0.27291048	-0.78789854	-0.1839298
0.5200171	-0.2743383	-0.7874757	-0.18494031
0.5194877	-0.27576065	-0.7871057	-0.18588553
0.5188926	-0.2772756	-0.7867474	-0.18680812
0.5184167	-0.2784907	-0.78646106	-0.18752602
0.51796633	-0.27973977	-0.78614575	-0.18823232
0.51762164	-0.28086042	-0.7858193	-0.18887378
0.5173076	-0.28211728	-0.78540075	-0.1896006
0.5171515	-0.2829664	-0.78507495	-0.19011042
0.51701933	-0.28400528	-0.78463835	-0.19072166
0.516851	-0.2851104	-0.7841897	-0.19137296
0.51657087	-0.28623235	-0.78379864	-0.19205545
0.51621497	-0.28737953	-0.78342795	-0.19281037
0.5157812	-0.28863952	-0.783032	-0.19369556
0.51535684	-0.28998762	-0.782566	-0.19469196
0.5149105	-0.2913314	-0.782095	-0.19575642
0.51440006	-0.29269764	-0.7816278	-0.19692288
0.513796	-0.29421487	-0.7811094	-0.19829132
0.51337093	-0.29528165	-0.78073615	-0.19927403
0.51273876	-0.29679814	-0.78023094	-0.2006228
0.51232386	-0.2977834	-0.7799034	-0.20149492
0.5117874	-0.29900646	-0.7795153	-0.2025459
0.5112743	-0.30022645	-0.7791111	-0.20358954
0.5106019	-0.30205637	-0.77845216	-0.20508538
0.510617	-0.30204684	-0.7784421	-0.20510001
0.51001316	-0.304314	-0.77750146	-0.2068116
0.50966376	-0.30575472	-0.7768793	-0.20788385
0.5093221	-0.3072458	-0.77622277	-0.20897175
0.50905234	-0.3085613	-0.775622	-0.20991988
0.50879717	-0.309931	-0.77498305	-0.2108785
0.5085484	-0.31133404	-0.77432466	-0.21182798
0.50829685	-0.31279546	-0.7736386	-0.21278302
0.5080051	-0.31434822	-0.7729338	-0.21375108
0.50762975	-0.3159956	-0.7722339	-0.2147409
0.50715053	-0.31799152	-0.7713978	-0.2159284
0.50716674	-0.31798324	-0.7713872	-0.21594119
0.5068425	-0.32035452	-0.7702368	-0.21729967
0.50655985	-0.3223956	-0.76923823	-0.21847391
0.50638735	-0.3238917	-0.76847655	-0.21933931
0.5062407	-0.32523713	-0.7677765	-0.22013725
0.5060481	-0.32652357	-0.7671301	-0.22092813
0.5057829	-0.32780713	-0.7665154	-0.22176659
0.50549227	-0.3291344	-0.76589763	-0.22259644
0.50520915	-0.3305492	-0.7652276	-0.22344472
0.5049299	-0.33208278	-0.7644831	-0.22434911
0.5046084	-0.33375138	-0.76367116	-0.22535938
0.50426507	-0.3354268	-0.7628573	-0.22639474
0.5042602	-0.33542314	-0.76286036	-0.22640018
0.5037023	-0.33851495	-0.7612109	-0.228582
0.50348157	-0.34004068	-0.76030225	-0.22982408
0.50313807	-0.34316805	-0.7583188	-0.23246631
0.5030239	-0.34472704	-0.7572887	-0.23376092
0.50291646	-0.34624666	-0.75628555	-0.23499048
0.50272423	-0.3478408	-0.7553003	-0.23621333
0.5024893	-0.34933212	-0.75441796	-0.23732932
0.5022142	-0.35087925	-0.7535248	-0.23846419
0.50197005	-0.35215774	-0.75278854	-0.23941727
0.50169575	-0.35352516	-0.75199604	-0.24046488
0.5014278	-0.3548655	-0.7511953	-0.2415495
0.501237	-0.35613772	-0.75037265	-0.2426278
0.5011459	-0.35740682	-0.74947715	-0.24371535
0.5011568	-0.35869586	-0.7484934	-0.24481995
0.50119257	-0.35999757	-0.74749476	-0.24588482
0.5011748	-0.36123565	-0.7465761	-0.24689437
0.5010366	-0.362518	-0.745706	-0.24792273
0.50080997	-0.36386526	-0.7448363	-0.24901918
0.5005601	-0.36530653	-0.7439054	-0.25019085
0.5003509	-0.36668822	-0.74296206	-0.2513883
0.50033635	-0.36666954	-0.7429718	-0.25141585
0.5003015	-0.36933538	-0.7408352	-0.25387627
0.50041366	-0.3705587	-0.73972297	-0.2551125
0.50048655	-0.37171018	-0.7386769	-0.25632244
0.5004279	-0.37305507	-0.7375318	-0.25777638
0.50019646	-0.37423724	-0.73664546	-0.25904346
0.49979597	-0.3757026	-0.7356369	-0.26055688
0.4993411	-0.37731463	-0.7345566	-0.2621426
0.49885792	-0.3790605	-0.73339206	-0.2637991
0.4983666	-0.3809006	-0.7321542	-0.26551047
0.49793097	-0.38271514	-0.7308899	-0.2671963
0.49714053	-0.38634565	-0.72829163	-0.2705176
0.49674708	-0.38804394	-0.7270469	-0.2721528
0.4964173	-0.3896422	-0.7258255	-0.27372655
0.49619225	-0.39109677	-0.7246498	-0.27517134
0.49603015	-0.39252833	-0.72346324	-0.27654403
0.49589396	-0.39396578	-0.7222875	-0.2778147
0.49577263	-0.39530382	-0.7212106	-0.2789261
0.49564612	-0.39650235	-0.72027135	-0.27987525
0.49546334	-0.39766705	-0.71939814	-0.28079057
0.49516255	-0.3987848	-0.7186007	-0.28177646
0.49482995	-0.39987934	-0.7178425	-0.28274027
0.49444598	-0.40107086	-0.7170108	-0.2838325
0.49410897	-0.40226194	-0.7161236	-0.2849716
0.49381763	-0.40345338	-0.71518695	-0.2861421
0.49350798	-0.4047602	-0.71414053	-0.28744128
0.49319047	-0.40603346	-0.7131187	-0.28872457
0.4927873	-0.40734816	-0.71211314	-0.29003972
0.492279	-0.40867144	-0.7111355	-0.29143664
0.49171007	-0.41002676	-0.7101758	-0.29283032
0.4912174	-0.41142887	-0.7091106	-0.2942685
0.49082133	-0.41278267	-0.708035	-0.29562032
0.49044478	-0.41421843	-0.7068707	-0.29702026
0.49006018	-0.4154772	-0.70587486	-0.29826254
0.48957646	-0.41672498	-0.7049434	-0.2995164
0.48903325	-0.41787195	-0.70414376	-0.3006842
0.48846516	-0.41900694	-0.70337236	-0.30183175
0.48793957	-0.4200374	-0.70268494	-0.3028491
0.4873431	-0.42112178	-0.7020159	-0.30385354
0.4866076	-0.4224541	-0.70121413	-0.30503172
0.48666286	-0.4223998	-0.70117444	-0.30511013
0.47879222	-0.43514776	-0.6951451	-0.31333354
0.47879222	-0.43514776	-0.6951451	-0.31333354
0.47879222	-0.43514776	-0.6951451	-0.31333354
0.47879222	-0.43514776	-0.6951451	-0.31333354
0.47879222	-0.43514776	-0.6951451	-0.31333354
0.47879222	-0.43514776	-0.6951451	-0.31333354
0.47879222	-0.43514776	-0.6951451	-0.31333354
0.47879222	-0.43514776	-0.6951451	-0.31333354
0.47879222	-0.43514776	-0.6951451	-0.31333354
0.47879222	-0.43514776	-0.6951451	-0.31333354
0.47879222	-0.43514776	-0.6951451	-0.31333354
0.47879222	-0.43514776	-0.6951451	-0.31333354
0.47879222	-0.43514776	-0.6951451	-0.31333354
0.47879222	-0.43514776	-0.6951451	-0.31333354
0.47879222	-0.43514776	-0.6951451	-0.31333354
0.47879222	-0.43514776	-0.6951451	-0.31333354
0.47879222	-0.43514776	-0.6951451	-0.31333354
0.47879222	-0.43514776	-0.6951451	-0.31333354
0.47162127	-0.44285202	-0.6932863	-0.31750545
0.47075474	-0.4434221	-0.69326293	-0.31804606
0.46987605	-0.44402093	-0.69323486	-0.31857076
0.46807006	-0.44539022	-0.693135	-0.31953368
0.468085	-0.4453593	-0.693124	-0.31957918
0.46721473	-0.4461137	-0.6930211	-0.32002306
0.46640143	-0.44689557	-0.69286346	-0.32045949
0.46555492	-0.44775948	-0.6926675	-0.32090813
0.4647244	-0.44855204	-0.69251525	-0.32133317
0.46383166	-0.44929722	-0.6924221	-0.32178247
0.46293336	-0.45000198	-0.69233805	-0.32227156
0.46206984	-0.4507197	-0.6922126	-0.3227772
0.4612688	-0.4514802	-0.6920366	-0.32323682
0.46046773	-0.45232713	-0.6918172	-0.32366446
0.45980057	-0.45308194	-0.69158924	-0.32404396
0.45910883	-0.4538282	-0.69142526	-0.32433063
0.4583203	-0.45453158	-0.6914159	-0.32448053
0.4572647	-0.4553636	-0.6915252	-0.3245703
0.45641422	-0.45596752	-0.691677	-0.32459635
0.45531672	-0.45664963	-0.6919559	-0.3245841
0.45403424	-0.4573109	-0.6923786	-0.32454824
0.4527726	-0.45782268	-0.69281554	-0.3246567
0.45181888	-0.45818877	-0.6931714	-0.3247095
0.45097962	-0.45854554	-0.6934222	-0.32483703
0.4503683	-0.4588714	-0.6935202	-0.32501572
0.4498812	-0.4592297	-0.69350016	-0.32522684
0.44930205	-0.45958504	-0.69354194	-0.32543632
0.44832897	-0.46006262	-0.6938183	-0.32551473
0.4471527	-0.4605581	-0.6942234	-0.3255683
0.4456444	-0.46115822	-0.69479644	-0.32556415
0.44405267	-0.4617626	-0.6954369	-0.32551506
0.44406295	-0.46169367	-0.695427	-0.32562023
0.44122973	-0.46273553	-0.6967018	-0.32526717
0.44022012	-0.46303007	-0.6972148	-0.32511678
0.4395154	-0.46318233	-0.69762623	-0.3249707
0.43899283	-0.4632591	-0.69797665	-0.32481515
0.43849462	-0.46334898	-0.6983249	-0.32461128
0.4378787	-0.4635416	-0.69871694	-0.324324
0.43719736	-0.46382725	-0.6990861	-0.32403928
0.43630293	-0.46429563	-0.69947815	-0.32372776
0.43507415	-0.46504828	-0.69990724	-0.3233734
0.4332047	-0.46622092	-0.700492	-0.3229284
0.4321914	-0.46683648	-0.70080554	-0.32271641
0.43126878	-0.46740755	-0.70109004	-0.32250628
0.4305081	-0.46790314	-0.7013106	-0.32232434
0.42984506	-0.46835753	-0.70148814	-0.32216272
0.42903495	-0.46883327	-0.701832	-0.32180148
0.4290754	-0.46879226	-0.70180404	-0.3218683
0.42786103	-0.46925282	-0.7025453	-0.3211959
0.42704383	-0.4694502	-0.7031348	-0.32070497
0.42609075	-0.46970895	-0.70381945	-0.32009113
0.42511377	-0.46998224	-0.7045009	-0.3194895
0.4240258	-0.47034332	-0.7052088	-0.31884164
0.42189494	-0.4713239	-0.70641494	-0.31754735
0.4210006	-0.47186846	-0.70683956	-0.31698033
0.42020947	-0.47238126	-0.7072241	-0.31640813
0.41939622	-0.47287193	-0.7076687	-0.3157593
0.41866738	-0.47318023	-0.7081544	-0.31517556
0.41775396	-0.47336206	-0.7088716	-0.31450132
0.41681018	-0.47339067	-0.7097281	-0.31377807
0.41589174	-0.47334585	-0.71063995	-0.3129997
0.4150223	-0.47329184	-0.711546	-0.3121758
0.4142077	-0.47323585	-0.7124646	-0.31124616
0.41363275	-0.47318956	-0.7131634	-0.3104797
0.41302505	-0.47317767	-0.7138734	-0.30967426
0.41235974	-0.47319096	-0.71458066	-0.30890813
0.41162863	-0.47323146	-0.7152559	-0.30825767
0.41084012	-0.47331092	-0.715879	-0.3077409
0.40997475	-0.4734392	-0.71648234	-0.30729324
0.40922508	-0.4735939	-0.7169574	-0.30694586
0.40849018	-0.47377187	-0.7174195	-0.30657023
0.4077592	-0.4739399	-0.71791494	-0.30612347
0.40704307	-0.4740486	-0.71845454	-0.3056419
0.40634716	-0.47406742	-0.7190457	-0.30514836
0.40555835	-0.47401443	-0.7197589	-0.30459806
0.40466574	-0.47392717	-0.7205464	-0.30405852
0.40363792	-0.4738433	-0.72139144	-0.30355132
0.4024399	-0.47379813	-0.7222976	-0.30305746
0.4010127	-0.4738229	-0.7233017	-0.3025151
0.3996925	-0.47389692	-0.7241898	-0.30202127
0.39861134	-0.47399884	-0.7249005	-0.30158487
0.39757803	-0.47404197	-0.7256292	-0.30112842
0.39758265	-0.47404268	-0.7256266	-0.30112746
0.3965184	-0.47393987	-0.726563	-0.30043375
0.395172	-0.47330996	-0.7282547	-0.2991019
0.39429346	-0.4727862	-0.72947633	-0.2981113
0.39367417	-0.4724272	-0.73033106	-0.29740494
0.39289525	-0.47204804	-0.73133427	-0.29657105
0.39198625	-0.47169703	-0.73241144	-0.29567242
0.39011806	-0.47105217	-0.73455155	-0.2938569
0.3893122	-0.47068188	-0.7355622	-0.29298973
0.38858837	-0.47029665	-0.73653466	-0.29212502
0.3879818	-0.46995762	-0.73738486	-0.2913306
0.38736254	-0.46964544	-0.7382321	-0.29051164
0.38664043	-0.46931577	-0.73918396	-0.28958407
0.38606003	-0.4691076	-0.7398787	-0.28892067
0.3852527	-0.4689313	-0.7407248	-0.2881155
0.38433534	-0.4688549	-0.7415646	-0.28730398
0.38335136	-0.46889466	-0.7423465	-0.28653297
0.38233325	-0.4690157	-0.74307865	-0.28579682
0.38233194	-0.4689934	-0.7430776	-0.28583792
0.38014024	-0.46933305	-0.7445817	-0.284285
0.37905377	-0.46943995	-0.7453492	-0.28354722
0.37795666	-0.46947658	-0.7461834	-0.28275606
0.3771154	-0.46937004	-0.7469583	-0.2820089
0.37652203	-0.46926215	-0.74757564	-0.281345
0.37583423	-0.46914205	-0.7483108	-0.2805092
0.3749548	-0.46912798	-0.74904954	-0.27973694
0.37377742	-0.46922207	-0.74985725	-0.2789899
0.3726739	-0.46937257	-0.7505099	-0.27845752
0.3713697	-0.46960154	-0.7512204	-0.27789745
0.368928	-0.4700868	-0.7525348	-0.2767709
0.36782998	-0.47029257	-0.7531692	-0.27615628
0.36681062	-0.47046006	-0.7537982	-0.27550995
0.3657321	-0.47060338	-0.75450397	-0.27476606
0.36483744	-0.47068542	-0.755107	-0.27415782
0.36376235	-0.47076634	-0.7558087	-0.27351272
0.36241844	-0.47085658	-0.75663954	-0.2728437
0.36125526	-0.47090068	-0.7573635	-0.27230102
0.3599907	-0.47090572	-0.7581834	-0.27168444
0.35881793	-0.47089344	-0.75898546	-0.27101707
0.3578326	-0.4708839	-0.7597036	-0.27032366
0.3569878	-0.47086465	-0.7603965	-0.2695246
0.35623905	-0.47082216	-0.7610863	-0.268641
0.35551247	-0.4707348	-0.76180255	-0.2677249
0.35475075	-0.47061357	-0.7625644	-0.26677808
0.35391614	-0.4704786	-0.7633545	-0.26586315
0.3529587	-0.47033384	-0.76420176	-0.26495662
0.3519788	-0.4701706	-0.7650488	-0.26410377
0.35096222	-0.4699868	-0.7659224	-0.26325053
0.34994918	-0.46979657	-0.7667846	-0.26242778
0.34896252	-0.46958792	-0.76764286	-0.26160425
0.34801385	-0.4694052	-0.7684559	-0.26080766
0.347136	-0.46934316	-0.7691373	-0.2600797
0.34622794	-0.4693515	-0.7697734	-0.25939232
0.34533045	-0.46939713	-0.77036023	-0.25876313
0.34419236	-0.46946463	-0.7710869	-0.25799137
0.3432364	-0.4695237	-0.77168685	-0.25736338
0.34195456	-0.46959457	-0.77248734	-0.25653753
0.34065503	-0.46963835	-0.7733131	-0.25569683
0.33933643	-0.46965155	-0.77416515	-0.25484648
0.33804926	-0.46959326	-0.7750299	-0.25403494
0.33685097	-0.4695011	-0.77587295	-0.25322196
0.33582067	-0.46938494	-0.7766416	-0.25244856
0.33486053	-0.46930414	-0.7773478	-0.25169915
0.33400175	-0.469265	-0.77796423	-0.25100756
0.332875	-0.46925035	-0.77875763	-0.25007012
0.33287138	-0.46924853	-0.7787591	-0.2500737
0.33150673	-0.46921948	-0.7797119	-0.24896939
0.3306109	-0.46917287	-0.78034186	-0.2482739
0.3296831	-0.46909237	-0.7810017	-0.24758396
0.32877523	-0.46895432	-0.78167903	-0.24691439
0.32790676	-0.4687655	-0.7823672	-0.24624726
0.32682112	-0.46849507	-0.78328305	-0.24529159
0.32679328	-0.46849313	-0.7832955	-0.24529314
0.32577696	-0.46820453	-0.78422374	-0.2442272
0.3251472	-0.46798232	-0.78486943	-0.24341719
0.32475278	-0.4676125	-0.78549016	-0.24265097
0.32471773	-0.4676072	-0.78550524	-0.24265932
0.3242661	-0.4668265	-0.7865315	-0.24143898
0.32400194	-0.4661969	-0.7872743	-0.24058767
0.32379305	-0.4654346	-0.7881041	-0.2396261
0.32370824	-0.46462542	-0.7889085	-0.23866254
0.3237043	-0.46379137	-0.78970784	-0.23764391
0.32367057	-0.46295437	-0.7905022	-0.23667903
0.3236574	-0.46203583	-0.79132515	-0.23573996
0.323724	-0.46106988	-0.7921115	-0.23489739
0.3242058	-0.458894	-0.7936591	-0.23326439
0.32443264	-0.45758402	-0.79462224	-0.23224096
0.3246078	-0.45615563	-0.7956947	-0.23113151
0.32475254	-0.45458502	-0.79686904	-0.22997382
0.32485512	-0.45294484	-0.7980978	-0.22880174
0.32490906	-0.45134854	-0.7992914	-0.22771049
0.32497513	-0.44972765	-0.80048114	-0.22664131
0.3250423	-0.44830728	-0.8015111	-0.22571674
0.32483697	-0.44832313	-0.8016015	-0.22565979
0.32523912	-0.446537	-0.80276525	-0.22448193
0.32581595	-0.44473967	-0.8038725	-0.223248
0.32612088	-0.44360986	-0.8045963	-0.22244161
0.3267257	-0.44097853	-0.8062562	-0.22076987
0.3269101	-0.43947488	-0.80722374	-0.219958
0.32712802	-0.43801275	-0.8081166	-0.21927078
0.32768264	-0.43641666	-0.8089043	-0.21872015
0.3275094	-0.4364262	-0.80897975	-0.21868154
0.3273886	-0.43643266	-0.8090323	-0.21865498
0.32901385	-0.43348998	-0.8101933	-0.21776871
0.32952687	-0.43240955	-0.81063145	-0.21751049
0.32991946	-0.43138194	-0.8111014	-0.21720369
0.33019447	-0.4302811	-0.81166357	-0.21686864
0.33035547	-0.4291117	-0.81232035	-0.21648136
0.33055145	-0.42775014	-0.81308806	-0.2159943
0.33096305	-0.4262206	-0.8139382	-0.21518427
0.33148426	-0.42469102	-0.81476206	-0.21428606
0.33244693	-0.4223135	-0.81599885	-0.21278194
0.33306816	-0.4209193	-0.81671405	-0.21182728
0.33305994	-0.42092106	-0.81671774	-0.21182247
0.33422336	-0.4185162	-0.81794727	-0.21000299
0.33492872	-0.4169264	-0.8187861	-0.20876917
0.33612257	-0.41346928	-0.8207404	-0.20603389
0.3367249	-0.41153377	-0.82185096	-0.20449291
0.33724323	-0.40994138	-0.82275224	-0.20320913
0.33788347	-0.4082965	-0.82363164	-0.20189072
0.3385416	-0.40672487	-0.82444894	-0.20062034
0.33920386	-0.4052352	-0.82521	-0.19938357
0.33991256	-0.40373072	-0.82595706	-0.19813086
0.34063306	-0.40217552	-0.82672346	-0.19685608
0.34134683	-0.40054712	-0.82753235	-0.19553658
0.34204337	-0.39883092	-0.828391	-0.19418699
0.34266874	-0.39705613	-0.8293024	-0.19282694
0.3432538	-0.39520937	-0.8302493	-0.19150077
0.34388533	-0.392987	-0.8313877	-0.18999672
0.34427336	-0.39137334	-0.83222115	-0.18897301
0.34466484	-0.38935047	-0.8332794	-0.18777098
0.3450703	-0.38720566	-0.8343821	-0.1865606
0.34563795	-0.38465792	-0.83562887	-0.185195
0.34602	-0.38289163	-0.83649355	-0.18423595
0.34650022	-0.38069496	-0.8375587	-0.18304233
0.34704912	-0.37849692	-0.8385898	-0.18183534
0.34767935	-0.3763589	-0.83955574	-0.18060838
0.34838763	-0.37428823	-0.84046465	-0.17931478
0.34934786	-0.37189752	-0.8414682	-0.1777069
0.3500777	-0.37025377	-0.8421459	-0.17648804
0.3508406	-0.36853606	-0.84286374	-0.1751369
0.35169265	-0.3665339	-0.8437141	-0.17352732
0.35244653	-0.36464453	-0.84452885	-0.17200884
0.35304055	-0.36306432	-0.84521013	-0.17078201
0.35367194	-0.36126247	-0.8459834	-0.1694626
0.35429296	-0.35936877	-0.84679174	-0.16814974
0.354889	-0.35747156	-0.8475981	-0.16686931
0.35552162	-0.3554352	-0.8484566	-0.1655045
0.3561415	-0.35336468	-0.8493269	-0.16413549
0.35665318	-0.35127866	-0.85024405	-0.16274793
0.3570348	-0.34925982	-0.8511694	-0.16141373
0.35729	-0.3473029	-0.8521032	-0.1601397
0.3574536	-0.34520623	-0.85313165	-0.15882683
0.35756698	-0.3436528	-0.8538818	-0.15790671
0.35797486	-0.34012622	-0.8554679	-0.156022
0.35827586	-0.3382734	-0.85625494	-0.15503912
0.35859698	-0.3363717	-0.8570534	-0.15401885
0.35892135	-0.3344192	-0.8578698	-0.15296645
0.35926923	-0.3325024	-0.85864794	-0.1519587
0.35962123	-0.33052588	-0.85944027	-0.15095617
0.3599389	-0.32860383	-0.8602053	-0.15003507
0.36018243	-0.32682142	-0.860911	-0.14929464
0.36032966	-0.32502043	-0.86166817	-0.14850008
0.36043715	-0.3232482	-0.8624212	-0.14773409
0.3605532	-0.32144237	-0.8631905	-0.14689605
0.3607089	-0.31967348	-0.8639289	-0.14603007
0.3609166	-0.3179109	-0.8646468	-0.1451136
0.36120167	-0.31618243	-0.86532825	-0.1441151
0.36160472	-0.314545	-0.865934	-0.1430452
0.36214536	-0.31301576	-0.86645234	-0.14188848
0.36281547	-0.31153238	-0.8669156	-0.14060567
0.36359382	-0.31004328	-0.8673514	-0.13919166
0.36443603	-0.30850115	-0.8677919	-0.13766173
0.36525	-0.3068922	-0.86827034	-0.13607481
0.3659593	-0.30522063	-0.8688006	-0.1345354
0.3665544	-0.30345744	-0.8693921	-0.13307434
0.36700788	-0.30164987	-0.8700347	-0.13172755
0.36733222	-0.29974937	-0.8707491	-0.13043538
0.36760673	-0.2977817	-0.8714964	-0.12917227
0.367887	-0.29570076	-0.8722814	-0.12784973
0.3681489	-0.29326293	-0.8732174	-0.12631166
0.36833897	-0.2911891	-0.8740132	-0.12504558
0.36855727	-0.2888535	-0.8748921	-0.12366572
0.36878937	-0.2865755	-0.87573093	-0.12232852
0.36934906	-0.28250703	-0.8771628	-0.119818695
0.36963022	-0.2806842	-0.877798	-0.11857732
0.36991745	-0.27863365	-0.8785269	-0.11711078
0.37015858	-0.27701116	-0.8790993	-0.11589625
0.37047032	-0.27502313	-0.8797791	-0.11446732
0.37085584	-0.2729442	-0.8804569	-0.112973526
0.3714233	-0.27092502	-0.88101465	-0.111613855
0.37201655	-0.26896927	-0.8815115	-0.110438414
0.37258476	-0.2670832	-0.8819787	-0.10936531
0.37309942	-0.2650805	-0.8825003	-0.108270094
0.37343565	-0.26336443	-0.8829896	-0.10730494
0.37371084	-0.2615636	-0.8835338	-0.10626744
0.3739315	-0.25979283	-0.8840875	-0.10522463
0.3741148	-0.25811496	-0.8846243	-0.104186
0.37430343	-0.2565263	-0.8851212	-0.10320623
0.3744957	-0.25496057	-0.8856077	-0.1022109
0.3747065	-0.25364694	-0.885993	-0.101364195
0.37497473	-0.25240114	-0.88633204	-0.10051454
0.37496695	-0.25242028	-0.886335	-0.1004692
0.3759287	-0.24965785	-0.88692594	-0.09854472
0.37643173	-0.24837482	-0.8871762	-0.097608976
0.37696642	-0.24679817	-0.8875128	-0.096478276
0.3774677	-0.24502927	-0.88792247	-0.0952502
0.3778423	-0.24333891	-0.88835275	-0.09407895
0.37812313	-0.24164246	-0.8888219	-0.092885025
0.37811476	-0.24166185	-0.8888248	-0.09283928
0.37836945	-0.23989968	-0.8893256	-0.09156816
0.37882343	-0.23691164	-0.8901547	-0.08938891
0.3790923	-0.23532778	-0.89058125	-0.088175654
0.3794713	-0.23368502	-0.8909784	-0.08689313
0.3799984	-0.23189546	-0.89135695	-0.08549074
0.3805614	-0.23017886	-0.8916897	-0.084144235
0.38132402	-0.22811116	-0.8920441	-0.082550965
0.38190445	-0.22651264	-0.89231694	-0.08131149
0.3825214	-0.22470632	-0.8926367	-0.07990155
0.38314492	-0.22257876	-0.89304364	-0.078306355
0.38309857	-0.22259884	-0.8930625	-0.07826106
0.38389823	-0.21974806	-0.8935934	-0.07631432
0.38430464	-0.21814464	-0.8938968	-0.07530981
0.3847323	-0.21652602	-0.89418256	-0.0743986
0.38520247	-0.21490647	-0.8944396	-0.07356869
0.38574672	-0.21331815	-0.8946474	-0.072807476
0.3863218	-0.21178555	-0.89482224	-0.072080046
0.3868641	-0.21030839	-0.8949924	-0.071380034
0.3873033	-0.20888694	-0.8951921	-0.070665024
0.38766873	-0.20747879	-0.89542127	-0.069902994
0.38802606	-0.20609058	-0.89565045	-0.0690861
0.38841555	-0.20467338	-0.89587474	-0.0681976
0.38876992	-0.20338361	-0.89607954	-0.06734025
0.38910884	-0.20195329	-0.89632565	-0.06640375
0.38937235	-0.2006834	-0.8965534	-0.06563174
0.3896558	-0.19933748	-0.89678615	-0.06486594
0.38997248	-0.1979162	-0.8970188	-0.064092845
0.3902723	-0.19663095	-0.89722157	-0.06338229
0.39062768	-0.19527084	-0.89742035	-0.06257831
0.39103386	-0.19388384	-0.89760536	-0.061694447
0.39145857	-0.19244961	-0.89779514	-0.060723744
0.39185593	-0.19096649	-0.8980066	-0.059708115
0.39227358	-0.18927623	-0.8982551	-0.05859837
0.3922476	-0.18929768	-0.89826506	-0.05855021
0.39263397	-0.1873062	-0.89858884	-0.057385013
0.39302385	-0.18548663	-0.8988679	-0.0562448
0.39337283	-0.18439391	-0.89898366	-0.055545036
0.39379573	-0.18336363	-0.89905214	-0.05484698
0.39425611	-0.18242462	-0.8990804	-0.054201987
0.3947293	-0.18155557	-0.89908546	-0.05358819
0.39520013	-0.18073738	-0.89907914	-0.052987836
0.3956442	-0.1800033	-0.8990633	-0.052437205
0.3960659	-0.1793176	-0.89904433	-0.05192641
0.39652324	-0.17856966	-0.899022	-0.051399034
0.39700451	-0.17772451	-0.8990071	-0.05086941
0.39747894	-0.1767624	-0.899019	-0.050303224
0.3979357	-0.17572884	-0.8990525	-0.049710535
0.39838955	-0.17472436	-0.8990792	-0.04913035
0.39882678	-0.17376989	-0.8991003	-0.048578784
0.3992045	-0.17289051	-0.8991299	-0.048062846
0.3995752	-0.17204194	-0.89915353	-0.047585193
0.39995295	-0.17122042	-0.8991668	-0.04712011
0.40030947	-0.1703983	-0.8991889	-0.04665005
0.40071112	-0.16949257	-0.8992101	-0.046086587
0.40117055	-0.16854274	-0.8992167	-0.04544228
0.40171534	-0.16751389	-0.89920217	-0.044716388
0.40237123	-0.16645339	-0.89914304	-0.043960508
0.4031258	-0.1653909	-0.89903665	-0.043226708
0.40397042	-0.16434927	-0.89887977	-0.04257398
0.40534848	-0.16326873	-0.8984792	-0.042086825
0.40620115	-0.16250066	-0.89824504	-0.041834116
0.4071182	-0.16169873	-0.89798534	-0.041601457
0.4076772	-0.1605994	-0.89793813	-0.04140592
0.40764442	-0.16063023	-0.8979504	-0.041339524
0.40856412	-0.1592197	-0.8977909	-0.04118272
0.40902063	-0.15860087	-0.8976866	-0.0413128
0.40947253	-0.15813601	-0.89755076	-0.041568283
0.4100031	-0.15785868	-0.89733905	-0.041960355
0.41061774	-0.15780927	-0.8970402	-0.04252288
0.41128677	-0.15797707	-0.89667207	-0.043192767
0.41211134	-0.15829104	-0.8962	-0.043975543
0.41292933	-0.15857872	-0.8957367	-0.044699386
0.41367516	-0.15869293	-0.89534104	-0.045319982
0.41434592	-0.15858242	-0.8950247	-0.045826416
0.4149444	-0.15829106	-0.8947799	-0.046193764
0.41555828	-0.15789603	-0.89454955	-0.0464886
0.41617435	-0.15747723	-0.8943251	-0.04671801
0.4168396	-0.15705718	-0.8940798	-0.04689378
0.41753095	-0.15667327	-0.8938166	-0.047045708
0.4175227	-0.15670085	-0.89381874	-0.04698654
0.4188778	-0.1562238	-0.8932594	-0.04715169
0.42015097	-0.15583542	-0.89272654	-0.04720077
0.4212365	-0.15555744	-0.8922651	-0.047169603
0.42245582	-0.15529718	-0.89173496	-0.047144797
0.42371345	-0.15503396	-0.89118457	-0.047134195
0.42491916	-0.1548006	-0.89064914	-0.04716691
0.42606705	-0.15466386	-0.89011854	-0.04727738
0.42713618	-0.1546693	-0.8895959	-0.047446594
0.4281685	-0.15480675	-0.88906366	-0.047671333
0.42817572	-0.154814	-0.88905966	-0.047655612
0.4291187	-0.15506986	-0.88853544	-0.04811905
0.4300126	-0.15540306	-0.8879981	-0.048974898
0.43056956	-0.15560684	-0.88766575	-0.04945764
0.43185413	-0.15650263	-0.8867904	-0.051105972
0.43251875	-0.15712447	-0.8863011	-0.052055236
0.43320256	-0.15784481	-0.88578033	-0.053045515
0.4339761	-0.15869819	-0.88518435	-0.054116342
0.43471333	-0.15950045	-0.88462	-0.05505737
0.4356894	-0.16052726	-0.8838795	-0.056238912
0.4363358	-0.16118985	-0.8833922	-0.05698234
0.4371013	-0.16194575	-0.88281864	-0.057855472
0.4378695	-0.16269264	-0.8822441	-0.058710862
0.43863297	-0.16346762	-0.8816654	-0.059545197
0.4393897	-0.16426629	-0.8810872	-0.06032189
0.44017446	-0.16512541	-0.88048315	-0.061069362
0.44104025	-0.16604851	-0.87982345	-0.06182373
0.441938	-0.16699009	-0.879142	-0.062565096
0.44287622	-0.16792849	-0.8784358	-0.063333765
0.44387177	-0.1688718	-0.8776937	-0.06414037
0.44489855	-0.16986457	-0.87692183	-0.06495858
0.44580796	-0.17086424	-0.8762073	-0.065739825
0.44654566	-0.17189345	-0.8755695	-0.06654229
0.4470689	-0.1730577	-0.8750031	-0.06745448
0.44750914	-0.174122	-0.87449586	-0.06836728
0.44794384	-0.17528836	-0.8739573	-0.06941982
0.44837365	-0.17646627	-0.87341005	-0.070538476
0.4488241	-0.17769255	-0.8728359	-0.07169327
0.44935563	-0.17899676	-0.87219703	-0.072883755
0.44992703	-0.18033019	-0.8715318	-0.074021734
0.45038006	-0.18155712	-0.8709534	-0.075067505
0.45075443	-0.18265414	-0.87045085	-0.075982265
0.45085928	-0.18266146	-0.8703966	-0.07596383
0.4512935	-0.18463781	-0.8696047	-0.077659495
0.45152217	-0.18555762	-0.8692236	-0.07839931
0.45178586	-0.18649472	-0.8688241	-0.07908279
0.45214263	-0.1874778	-0.86837256	-0.079676144
0.45253497	-0.18820156	-0.86798185	-0.07999838
0.45303002	-0.18891568	-0.86754614	-0.08023986
0.4535542	-0.18960313	-0.8671038	-0.08043804
0.45407015	-0.19029316	-0.8666607	-0.08067281
0.4545971	-0.1910853	-0.8661752	-0.08104672
0.4551218	-0.19196713	-0.8656567	-0.08155688
0.45564297	-0.19295731	-0.8650965	-0.08225053
0.4561502	-0.1939867	-0.8645202	-0.08307292
0.45663348	-0.19500066	-0.86395043	-0.08396712
0.45714155	-0.19598523	-0.8633633	-0.08494273
0.4575685	-0.19676551	-0.8628763	-0.08578501
0.45799223	-0.1975414	-0.86237824	-0.08674274
0.45832592	-0.1980489	-0.8620121	-0.08745975
0.45868388	-0.19853157	-0.8616267	-0.088282324
0.45898646	-0.19897506	-0.86128986	-0.08899625
0.4591717	-0.19949646	-0.8609997	-0.089676775
0.45921758	-0.19952878	-0.86097443	-0.08961414
0.4594286	-0.20081738	-0.86040133	-0.09114504
0.45959097	-0.20161852	-0.860045	-0.09191776
0.4599072	-0.2026026	-0.8595575	-0.09272872
0.4602158	-0.2035588	-0.8590794	-0.09353037
0.46059173	-0.20465282	-0.85852647	-0.09436624
0.46096012	-0.20592447	-0.85791576	-0.09534981
0.46130016	-0.20731494	-0.85728145	-0.096391246
0.46159622	-0.20879418	-0.8566422	-0.09745886
0.46184367	-0.2102868	-0.8560221	-0.09851955
0.46206897	-0.21188642	-0.8553758	-0.09964232
0.46224368	-0.2133203	-0.8548038	-0.10067635
0.46239138	-0.21476442	-0.85423404	-0.10175886
0.46251598	-0.21599594	-0.8537387	-0.10273748
0.4626104	-0.21710595	-0.8532922	-0.1036778
0.4626399	-0.21813078	-0.8529001	-0.104616925
0.46259707	-0.21905027	-0.8525717	-0.10555695
0.46250004	-0.21991141	-0.8522894	-0.10646902
0.46243763	-0.22075486	-0.85199505	-0.10734728
0.46247402	-0.22157356	-0.8516599	-0.10815918
0.46261698	-0.22237654	-0.85127664	-0.1089147
0.46285704	-0.22317778	-0.8508459	-0.10961923
0.4631273	-0.22398044	-0.85040325	-0.11027363
0.46339908	-0.22477569	-0.8499629	-0.11090724
0.4636923	-0.22550386	-0.84953326	-0.11149321
0.46407288	-0.2262149	-0.8490577	-0.11209082
0.46458128	-0.22703214	-0.84846437	-0.11282191
0.46494257	-0.22761515	-0.8480381	-0.11336376
0.46540982	-0.22833955	-0.8474948	-0.114050694
0.46574262	-0.22916192	-0.84699625	-0.11474334
0.46607596	-0.23003152	-0.84647244	-0.115512855
0.46606213	-0.23077904	-0.84617156	-0.116279796
0.46602345	-0.23151688	-0.8458687	-0.11716706
0.46611953	-0.23219292	-0.84550756	-0.11805177
0.46675715	-0.23353928	-0.84455216	-0.11970357
0.46718296	-0.2343887	-0.8439396	-0.12069841
0.4675758	-0.23520194	-0.84336334	-0.12161909
0.46788076	-0.23616756	-0.8427803	-0.122613505
0.4681114	-0.23705922	-0.84225076	-0.12364681
0.46830425	-0.23798478	-0.8417064	-0.12483935
0.46837986	-0.23858872	-0.8413704	-0.12566419
0.46844444	-0.23921189	-0.8410274	-0.12653342
0.46850222	-0.239754	-0.84073865	-0.12720959
0.46860382	-0.24026605	-0.84045744	-0.12772721
0.46878588	-0.2407198	-0.8401715	-0.12808411
0.46907854	-0.24109794	-0.83986706	-0.12829942
0.46947268	-0.24141584	-0.83952963	-0.12846774
0.46979082	-0.24164003	-0.83925563	-0.12867297
0.47007394	-0.2418126	-0.8389994	-0.12898554
0.47026283	-0.24196826	-0.8387886	-0.12937538
0.47045958	-0.24199481	-0.8385892	-0.12990229
0.47057	-0.24200818	-0.83843774	-0.13045351
0.4704952	-0.24212772	-0.8383338	-0.13116792
0.47044754	-0.24220014	-0.83824056	-0.13179936
0.47046342	-0.24221383	-0.83814335	-0.13233484
0.47052297	-0.24228643	-0.8380073	-0.13285044
0.47064075	-0.24242158	-0.8378247	-0.1333377
0.47071138	-0.24259803	-0.83766717	-0.1337568
0.47075015	-0.24276024	-0.83754784	-0.13407299
0.47076944	-0.24293189	-0.83744705	-0.13432355
0.47074303	-0.2431375	-0.8373677	-0.13453844
0.47066388	-0.24343878	-0.83727574	-0.13484201
0.47053397	-0.2437778	-0.8371972	-0.13517024
0.47043654	-0.2441123	-0.8370919	-0.13555703
0.4703841	-0.244524	-0.8369203	-0.13605632
0.47035587	-0.24501668	-0.8366946	-0.13665445
0.47036126	-0.24547048	-0.8364607	-0.13725193
0.47038925	-0.24588937	-0.8362338	-0.13778795
0.47037673	-0.24627677	-0.8360564	-0.1382145
0.4702196	-0.24654111	-0.83602166	-0.13848725
0.46989182	-0.24666435	-0.8361399	-0.13866693
0.469525	-0.24661669	-0.83633775	-0.13880067
0.46926448	-0.24637456	-0.83654374	-0.1388711
0.4691584	-0.24592076	-0.8367378	-0.13886395
0.46920532	-0.245318	-0.8368807	-0.13891089
0.46941623	-0.24483103	-0.8368706	-0.13911864
0.46983352	-0.24458107	-0.8366859	-0.13926025
0.47023734	-0.24464032	-0.8364227	-0.13937412
0.47033843	-0.24524419	-0.8361497	-0.13960962
0.47038215	-0.24618676	-0.8357664	-0.14009751
0.46996427	-0.24714258	-0.8356422	-0.14055665
0.46952555	-0.24786042	-0.83560085	-0.14100488
0.46921742	-0.24830471	-0.83557844	-0.14138126
0.46901432	-0.24853985	-0.8355797	-0.14163381
0.46892038	-0.24861579	-0.8355889	-0.14175749
0.46900257	-0.2485414	-0.8355717	-0.14171742
0.4692767	-0.24831675	-0.83552223	-0.14149477
0.46971518	-0.24799569	-0.8354416	-0.1410786
0.47009778	-0.24773392	-0.8353772	-0.1406445
0.4703619	-0.24758966	-0.83533514	-0.14026551
0.47046113	-0.24759871	-0.83532196	-0.13999508
0.47043914	-0.24771813	-0.83532333	-0.13984881
0.47040096	-0.24786918	-0.8353112	-0.13978249
0.47038797	-0.24799606	-0.8352863	-0.13974987
0.4704149	-0.24809703	-0.8352371	-0.13977398
0.47045425	-0.24811849	-0.8351995	-0.13982806
0.4705231	-0.24805836	-0.8351651	-0.13990927
0.4705902	-0.24795027	-0.8351348	-0.14005494
0.470633	-0.24787755	-0.83509904	-0.1402531
0.47062266	-0.24785577	-0.83507586	-0.140465
0.4705993	-0.2478138	-0.83507	-0.14065178
0.47056258	-0.24773753	-0.83508885	-0.14079608
0.47053927	-0.24765688	-0.8351087	-0.1408984
0.47054085	-0.24760492	-0.83510715	-0.14099443
0.47054023	-0.24762002	-0.83508825	-0.14108102
0.47054133	-0.24767725	-0.83505255	-0.14118832
0.47058862	-0.24771874	-0.83499575	-0.14129415
0.47069836	-0.24767382	-0.834941	-0.14133087
0.47081712	-0.24752298	-0.83492196	-0.14131218
0.4708479	-0.24752292	-0.83490443	-0.14131233
0.47093943	-0.24720794	-0.8349659	-0.14119615
0.47109213	-0.24690866	-0.8349883	-0.1410773
0.47130534	-0.2463669	-0.8350503	-0.14094596
0.47138432	-0.24622506	-0.8350411	-0.140984
0.47140735	-0.24626696	-0.8350035	-0.14105622
0.4713998	-0.24638608	-0.83494735	-0.14120597
0.47136268	-0.24648216	-0.83491063	-0.14137854
0.47131076	-0.24647567	-0.83493125	-0.14144202
0.4712564	-0.24642132	-0.83497185	-0.14147818
0.4711733	-0.24632517	-0.8350432	-0.14150104
0.47121015	-0.24632971	-0.8350224	-0.14149319
0.47105834	-0.2461294	-0.8351658	-0.14150101
0.47102368	-0.24610807	-0.8351938	-0.14148818
0.47098336	-0.24613206	-0.83521473	-0.14145665
0.4709409	-0.2461805	-0.83523387	-0.14140092
0.47091675	-0.24622114	-0.83524853	-0.14132503
0.4709106	-0.24626425	-0.8352605	-0.1411984
0.47088546	-0.24627008	-0.83529246	-0.14108321
0.47080666	-0.2462087	-0.8353688	-0.14100108
0.4706535	-0.24609302	-0.8354927	-0.1409808
0.47063735	-0.24609616	-0.8355018	-0.14097515
0.4705581	-0.2456807	-0.8356324	-0.14118989
0.47053823	-0.24560149	-0.83566093	-0.1412249
0.47053444	-0.24552453	-0.83567977	-0.14125998
0.470567	-0.24547946	-0.83567035	-0.14128579
0.47061932	-0.24545506	-0.83564895	-0.14128052
0.4706662	-0.24543764	-0.8356261	-0.14128965
0.4707009	-0.24544649	-0.83560663	-0.14127417
0.4707195	-0.24538894	-0.8356088	-0.1412987
0.4707111	-0.24535927	-0.83562535	-0.1412805
0.47079235	-0.24537882	-0.83557963	-0.14124635
0.47071803	-0.24527572	-0.83567584	-0.14110392
0.47073454	-0.24524674	-0.83570075	-0.14095198
0.47075248	-0.2452299	-0.83571637	-0.1408287
0.47080693	-0.245156	-0.83574444	-0.14060813
0.47087777	-0.24503012	-0.83579624	-0.14028183
0.47087044	-0.24503836	-0.8358005	-0.14026725
0.47083604	-0.2445871	-0.83601665	-0.13988073
0.47077817	-0.24423382	-0.8361883	-0.13966718
0.47070244	-0.24377683	-0.8363976	-0.1394678
0.47064933	-0.24330738	-0.8365954	-0.13927974
0.47064736	-0.24282782	-0.83677644	-0.1390353
0.47072145	-0.24227217	-0.8369537	-0.13868706
0.47083765	-0.24184626	-0.83706343	-0.13837363
0.4709399	-0.24139616	-0.83720565	-0.13795038
0.47098568	-0.24106248	-0.8373484	-0.13750969
0.4709775	-0.2409638	-0.83742225	-0.13726191
0.47089335	-0.2409586	-0.8375099	-0.13702402
0.4707943	-0.24101548	-0.83758354	-0.13681395
0.47069308	-0.24108534	-0.8376439	-0.13666958
0.4705619	-0.24109094	-0.8377348	-0.1365541
0.47047076	-0.24100187	-0.83782834	-0.13645166
0.4703717	-0.24085908	-0.8379445	-0.13633186