0.17958714	0.743706	-0.59561723	0.24472427
0.17958714	0.743706	-0.59561723	0.24472427
0.17881839	0.74427235	-0.59533495	0.24425215
0.17857957	0.7444892	-0.59516996	0.24416788
0.17845659	0.74461544	-0.5950598	0.24414131
0.17838544	0.7446666	-0.5950084	0.2441626
0.17832705	0.74466115	-0.59501547	0.24420443
0.1783026	0.74457926	-0.59512216	0.24421243
0.17832117	0.7444538	-0.59529424	0.24416171
0.17832963	0.7443445	-0.5954798	0.24403635
0.17832337	0.74429125	-0.595643	0.2438047
0.17829731	0.7443061	-0.59577245	0.24346207
0.17825414	0.744359	-0.59586775	0.24309851
0.17819646	0.7443984	-0.59593016	0.24286683
0.17811236	0.74444985	-0.5958989	0.24284767
0.17796025	0.74454904	-0.59576	0.24299586
0.17771253	0.7447108	-0.5955274	0.24325164
0.17736967	0.7449405	-0.5952262	0.24353524
0.17697458	0.7452157	-0.59491247	0.24374731
0.17652778	0.74555993	-0.59458065	0.24382822
0.1761389	0.74589616	-0.5942773	0.24382052
0.1758614	0.7461591	-0.59402466	0.24383217
0.1757526	0.7462952	-0.5938822	0.24384128
0.17576644	0.74632925	-0.5938238	0.24386914
0.17584805	0.7462916	-0.5938219	0.24393032
0.17599529	0.7461797	-0.59387785	0.24403028
0.17616133	0.7460219	-0.5939624	0.24418692
0.17630498	0.7458553	-0.5940634	0.24434647
0.17644972	0.74568874	-0.59418595	0.24445236
0.17657153	0.7456096	-0.5942739	0.24439187
0.17666744	0.74557793	-0.59433484	0.24427101
0.17669185	0.7455955	-0.5943637	0.24412954
0.17665525	0.74564475	-0.5943723	0.24398445
0.176587	0.74571913	-0.59435445	0.2438501
0.1764587	0.74582523	-0.59431726	0.24370894
0.17629804	0.7459526	-0.5942749	0.2435388
0.17617233	0.74602264	-0.5942752	0.24341449
0.17604138	0.74604625	-0.59433895	0.24328129
0.17591897	0.746025	-0.59445256	0.24315712
0.1758084	0.74596065	-0.594588	0.24310356
0.1757123	0.7458685	-0.59470814	0.2431618
0.17562243	0.7457669	-0.59479624	0.2433227
0.17551413	0.7456977	-0.5948389	0.24350877
0.17536996	0.745663	-0.5948535	0.24368316
0.17507064	0.74573433	-0.59477556	0.24387033
0.1748996	0.7458527	-0.59470856	0.24379423
0.17474304	0.74600405	-0.59464955	0.24358761
0.17464618	0.7461361	-0.5946225	0.24331816
0.17457677	0.74623287	-0.59463817	0.24303313
0.17460264	0.7462557	-0.5946558	0.24290092
0.1746807	0.7462338	-0.5946678	0.24288285
0.17477402	0.7461553	-0.5946993	0.24297968
0.17489293	0.74605733	-0.5947133	0.24316074
0.17513934	0.74598354	-0.5945739	0.24355005
0.17519747	0.74600077	-0.5944956	0.24364677
0.17518757	0.7461455	-0.59436876	0.2435203
0.17521454	0.746277	-0.59426177	0.24335873
0.17533612	0.7463503	-0.59420437	0.2431866
0.17551202	0.7463801	-0.59415376	0.2430921
0.17564642	0.746401	-0.59408873	0.24308942
0.1757143	0.74647015	-0.59395534	0.24315406
0.17570804	0.7465934	-0.59376097	0.2432551
0.17561729	0.7467771	-0.59353393	0.24331066
0.17547718	0.7469942	-0.593312	0.24328643
0.17528318	0.7472469	-0.59310895	0.2431454
0.17497231	0.7475241	-0.59294665	0.24291317
0.17497179	0.7475267	-0.59294695	0.24290483
0.17474516	0.7475908	-0.592993	0.24275795
0.17465259	0.747569	-0.5930293	0.242803
0.1745497	0.7475287	-0.59303457	0.24298853
0.17458588	0.74752253	-0.5930229	0.24300988
0.17438535	0.74752367	-0.5929637	0.24329449
0.1743447	0.7475382	-0.5929225	0.24337944
0.17437334	0.7475289	-0.592931	0.24336697
0.17445198	0.7475163	-0.59296966	0.24325486
0.17457062	0.7475052	-0.5930287	0.24305981
0.17466903	0.74752384	-0.5930805	0.24280539
0.17472817	0.7475859	-0.59309965	0.242525
0.17473586	0.7477137	-0.5930627	0.24221557
0.17464152	0.7480381	-0.5928336	0.24184248
0.17455198	0.7482922	-0.5926612	0.24154326
0.17440933	0.74863744	-0.5923908	0.24123995
0.17418592	0.7489878	-0.59208703	0.24105947
0.17398313	0.7492734	-0.5918196	0.24097495
0.17380941	0.74951214	-0.5915552	0.24100706
0.17364374	0.7497187	-0.5912885	0.24113822
0.1734501	0.7499535	-0.59099835	0.24125879
0.17314242	0.7502888	-0.59063256	0.24133348
0.17275693	0.7506839	-0.59024507	0.24132888
0.1723553	0.7510686	-0.5898707	0.24133441
0.17196785	0.75138307	-0.58954066	0.2414382
0.17157051	0.75163513	-0.5892473	0.24165227
0.17122258	0.75179076	-0.5890309	0.2419422
0.17092	0.75187707	-0.58885574	0.24231422
0.1706862	0.75192595	-0.5887046	0.24269406
0.17051621	0.75196046	-0.5885737	0.2430242
0.1703671	0.7520054	-0.588451	0.24328679
0.1702178	0.7520558	-0.5883417	0.24349949
0.17003298	0.7521847	-0.58816344	0.2436611
0.16985743	0.75235116	-0.5879635	0.24375218
0.16970006	0.752555	-0.58773243	0.24378985
0.16956721	0.75280297	-0.5874441	0.2438117
0.16948022	0.75308	-0.58711606	0.24380688
0.16941984	0.75339323	-0.586751	0.24375969
0.1693836	0.75372046	-0.58637446	0.24367969
0.1693897	0.75398403	-0.58602315	0.24370497
0.16938461	0.75424993	-0.5856663	0.24374366
0.16943604	0.754419	-0.5853402	0.24396777
0.16948734	0.754589	-0.5849534	0.244334
0.16959159	0.7547914	-0.58450377	0.24471246
0.16949423	0.7551378	-0.5840273	0.24484877
0.16932797	0.7555302	-0.5835691	0.24484532
0.16878103	0.75622654	-0.5828419	0.24480598
0.1684885	0.75655425	-0.5824773	0.2448624
0.16811481	0.75685185	-0.58209765	0.24510218
0.16770439	0.7571035	-0.58169353	0.24556507
0.16719502	0.7573748	-0.5811991	0.24624568
0.16656591	0.757721	-0.58060235	0.24701375
0.1658486	0.7581369	-0.5799724	0.24769893
0.16508825	0.7586089	-0.5793504	0.24821714
0.16427705	0.75911474	-0.57876426	0.24857588
0.1627043	0.7601293	-0.577682	0.2490267
0.16201396	0.7606171	-0.5771188	0.24929339
0.16135618	0.76107883	-0.5765399	0.24964991
0.16070858	0.76151943	-0.5759411	0.25010586
0.16012567	0.761913	-0.5753446	0.25065345
0.15960746	0.7622706	-0.5747552	0.2512476
0.15964504	0.7622735	-0.5747437	0.25124142
0.15877333	0.7629284	-0.5736964	0.25219783
0.1583958	0.7632936	-0.5732481	0.25234985
0.15801778	0.7637001	-0.5728072	0.252358
0.15770274	0.7640626	-0.5724229	0.25232965
0.15739585	0.76441956	-0.5720239	0.25234476
0.15698239	0.7648143	-0.5715218	0.2525436
0.15622422	0.76556957	-0.5705443	0.25293598
0.15576279	0.7660088	-0.5699709	0.2531834
0.15524141	0.7665735	-0.5692784	0.25335228
0.15521494	0.7665636	-0.5692858	0.2533819
0.15472244	0.76712537	-0.5686166	0.25348562
0.1544128	0.7674541	-0.5682082	0.253595
0.15408696	0.7677664	-0.5677995	0.25376305
0.15375258	0.7680685	-0.5673867	0.253975
0.15337832	0.7683756	-0.5669622	0.25422078
0.15295564	0.7687107	-0.5665276	0.2544308
0.15254824	0.7690177	-0.56612515	0.25464332
0.15221399	0.7692491	-0.56578773	0.2548942
0.1518682	0.76949406	-0.5653726	0.2552819
0.15182675	0.7695028	-0.5653864	0.2552496
0.15140903	0.76980686	-0.5648162	0.25584278
0.15109289	0.77001756	-0.5644059	0.2563002
0.15069774	0.77026296	-0.5639288	0.25684562
0.15023954	0.7705522	-0.5633958	0.25741535
0.14972566	0.7708803	-0.562836	0.25795612
0.14915855	0.7712524	-0.5622242	0.25850627
0.14859541	0.7716285	-0.5616079	0.25904718
0.14788629	0.7720936	-0.5608668	0.259672
0.14714913	0.77256685	-0.56010544	0.2603258
0.14644219	0.77301973	-0.5593836	0.26093125
0.1455535	0.7735826	-0.55851215	0.26162645
0.14461203	0.7741865	-0.5576071	0.26229173
0.14365293	0.7748237	-0.5566783	0.2629097
0.14267904	0.775469	-0.5558122	0.26336956
0.14177567	0.77608454	-0.5550019	0.26375234
0.14105494	0.7766338	-0.5541996	0.26420924
0.14061913	0.7770715	-0.5535187	0.26458132
0.14009976	0.77766395	-0.5525514	0.26513752
0.14010902	0.7776646	-0.5525485	0.2651367
0.13963686	0.7782825	-0.55153394	0.26568457
0.1393126	0.77867466	-0.5508987	0.26602352
0.13897263	0.7790594	-0.5502943	0.26632562
0.13860016	0.7794656	-0.5497029	0.2665526
0.13817559	0.7799333	-0.5490722	0.26670477
0.13771047	0.7804413	-0.54840237	0.26683742
0.13722147	0.7809746	-0.54769516	0.2669816
0.1366438	0.78156775	-0.5469107	0.2671496
0.13597782	0.78220856	-0.546056	0.2673626
0.13528009	0.78285444	-0.545182	0.26760975
0.1345897	0.7834687	-0.54432005	0.26791444
0.13392349	0.7840485	-0.5434545	0.26830894
0.13282676	0.785036	-0.54181033	0.2692899
0.13227716	0.7854918	-0.54102254	0.2698146
0.13161075	0.78598315	-0.5403046	0.27014837
0.13093427	0.78648186	-0.5395747	0.27048454
0.13015948	0.7870388	-0.53880596	0.2707705
0.12939952	0.7875732	-0.5380872	0.2710102
0.12851997	0.7882063	-0.53722763	0.27129307
0.1278003	0.7887201	-0.5365011	0.27157766
0.12706234	0.78924245	-0.5357115	0.27196473
0.12705895	0.7892399	-0.5357122	0.2719721
0.12590243	0.79012746	-0.5341268	0.2730487
0.1253999	0.79056674	-0.5333285	0.27356872
0.12489793	0.79105854	-0.532495	0.27400017
0.12438676	0.7916135	-0.53162444	0.2743204
0.123810835	0.7922721	-0.530652	0.27456197
0.12322458	0.79294854	-0.5296613	0.27478617
0.12266527	0.79358804	-0.52868515	0.2750697
0.12212494	0.79418683	-0.52772236	0.27543026
0.12160557	0.7947551	-0.52678317	0.27581882
0.12105854	0.7953402	-0.5258262	0.2761984
0.120535806	0.7959029	-0.52493113	0.276509
0.12000795	0.79647577	-0.52406096	0.27673915
0.11940524	0.797149	-0.5230695	0.27693704
0.118804835	0.79779667	-0.5221159	0.2771299
0.118278116	0.79833925	-0.5213058	0.27731782
0.1175526	0.79905075	-0.5202002	0.27765292
0.11677392	0.79973143	-0.51907605	0.2781254
0.1161741	0.8002004	-0.5182662	0.27853733
0.11546496	0.80073005	-0.517345	0.2790224
0.11478027	0.80124027	-0.5164908	0.2794224
0.11416563	0.8017194	-0.5157229	0.2797178
0.113589786	0.802208	-0.51498246	0.27991587
0.11302456	0.8027254	-0.5142255	0.2800529
0.1124794	0.8032429	-0.51347524	0.28016502
0.11191414	0.8038002	-0.51265657	0.28029254
0.11108338	0.80456865	-0.5114561	0.28061116
0.11108483	0.80456364	-0.51145464	0.2806275
0.110062875	0.80547696	-0.51003104	0.28100094
0.10941416	0.8060555	-0.5091515	0.28119028
0.108751185	0.8066597	-0.50830734	0.28124186
0.10819211	0.8072641	-0.5075007	0.28118032
0.107726455	0.807825	-0.50676584	0.28107315
0.10727092	0.8084071	-0.5060003	0.28095335
0.106876396	0.8089077	-0.5053268	0.28087458
0.106477916	0.8094021	-0.50462127	0.28087038
0.10608061	0.80985886	-0.50393087	0.28094324
0.10567375	0.8102961	-0.503252	0.28105283
0.10524412	0.81074435	-0.50253385	0.2812063
0.104809865	0.8111758	-0.50183064	0.28138018
0.10432363	0.81163377	-0.50106335	0.2816075
0.1037941	0.81208265	-0.50028294	0.28189635
0.103254385	0.81249917	-0.4995117	0.28226185
0.10255988	0.8129951	-0.49855193	0.2827835
0.101854995	0.81347084	-0.49764708	0.28326368
0.10103324	0.8140132	-0.496646	0.28375605
0.10022032	0.8145348	-0.49570203	0.2841984
0.09937823	0.8150748	-0.49473822	0.28462476
0.09846975	0.8156675	-0.4937131	0.28502202
0.09753298	0.8162876	-0.4926652	0.28538227
0.09663847	0.8168534	-0.49168923	0.28575045
0.095762536	0.81742203	-0.49071392	0.2860957
0.09498499	0.8179414	-0.48972723	0.28656042
0.094382904	0.81837034	-0.48881328	0.28709483
0.09346942	0.81915665	-0.48706585	0.28811923
0.09329372	0.8195036	-0.48630542	0.2884741
0.09313213	0.81981164	-0.48558044	0.28887182
0.09306805	0.8200628	-0.4849248	0.28928056
0.09305999	0.82027286	-0.48433867	0.28966957
0.09307671	0.82049507	-0.48372978	0.290052
0.093065396	0.8206676	-0.48323935	0.29038468
0.093026884	0.8208444	-0.48273394	0.29073787
0.092941545	0.8210256	-0.48224014	0.29107264
0.092819154	0.8212039	-0.48178804	0.29135752
0.09270063	0.8213646	-0.48134062	0.29168165
0.09261623	0.8214624	-0.48092598	0.2921165
0.09228812	0.82145935	-0.48057482	0.29280618
0.09190236	0.82155395	-0.47963706	0.2941962
0.091541395	0.82163066	-0.47909954	0.29496944
0.09121921	0.821736	-0.478608	0.29557326
0.090922	0.8218709	-0.47813532	0.29605415
0.0906322	0.82206696	-0.47761223	0.29644313
0.09042465	0.8221916	-0.47730532	0.29665467
0.0902646	0.8222865	-0.4769891	0.2969489
0.09015285	0.82231885	-0.47664744	0.29744148
0.09000858	0.8222717	-0.47668484	0.29755574
0.0899049	0.8222108	-0.4761692	0.29857945
0.08976393	0.8221892	-0.47585374	0.29918337
0.08961673	0.8222174	-0.47548166	0.29974112
0.08946574	0.82228	-0.47515005	0.30013996
0.089335434	0.8223763	-0.4748291	0.3004226
0.08924781	0.822479	-0.47452673	0.30064535
0.089190215	0.82256377	-0.4742345	0.3008915
0.08912457	0.8225537	-0.47403505	0.30125242
0.089043446	0.8224525	-0.47372174	0.30204436
0.0889776	0.822462	-0.47374654	0.30199927
0.0889788	0.8222326	-0.4732111	0.30345958
0.08902598	0.822104	-0.47293186	0.30422872
0.089176714	0.8219704	-0.47267783	0.30493933
0.089389	0.8218534	-0.4724594	0.3055301
0.08962041	0.82178175	-0.47225285	0.30597425
0.08983115	0.8217531	-0.47206086	0.30628544
0.09001439	0.8217415	-0.4718861	0.30653208
0.09019002	0.82170033	-0.47175714	0.30678946
0.09035235	0.8216172	-0.47170115	0.30704996
0.09052964	0.8214692	-0.47171125	0.30737835
0.09065269	0.82128185	-0.47178024	0.30773634
0.090814084	0.8210255	-0.47187454	0.30822787
0.09104186	0.8207526	-0.47191387	0.30882648
0.09129492	0.8204682	-0.47193685	0.30947208
0.09157937	0.82019067	-0.47192642	0.31013882
0.091887	0.8199535	-0.47186694	0.31076452
0.09220664	0.819775	-0.4717902	0.31125715
0.0925592	0.8196621	-0.47169718	0.31159085
0.092978664	0.81959075	-0.47160277	0.31179616
0.09349574	0.81950915	-0.4715462	0.31194183
0.094130054	0.81937075	-0.47156936	0.3120792
0.09479343	0.8191887	-0.47167048	0.3122036
0.09548922	0.8189922	-0.47177923	0.31234258
0.09609542	0.8188134	-0.47187245	0.3124849
0.096629694	0.8186972	-0.47189212	0.31259462
0.097034454	0.81865644	-0.47179022	0.3127299
0.09734848	0.8186122	-0.4717172	0.3128583
0.09753384	0.8185819	-0.4716143	0.31303513
0.0976654	0.8185456	-0.47148365	0.31328538
0.09772023	0.8184997	-0.47137246	0.31355554
0.09782072	0.8184126	-0.47128037	0.31388962
0.09798963	0.81824094	-0.47124726	0.31433424
0.09816504	0.81800854	-0.4712733	0.3148449
0.098361075	0.81772065	-0.47135505	0.31540868
0.09860852	0.81735903	-0.47148886	0.31606776
0.09891911	0.8169301	-0.47165015	0.31683818
0.099249415	0.81645393	-0.47184092	0.31767687
0.099589676	0.81599927	-0.47201726	0.31847587
0.099947385	0.81556886	-0.4721855	0.31921592
0.10032155	0.81519884	-0.4723477	0.31980354
0.100775875	0.81484777	-0.47252592	0.3202915
0.101276755	0.8145408	-0.47270447	0.32065067
0.101855926	0.8142647	-0.47288594	0.32090086
0.102480605	0.8139988	-0.4730725	0.32110158
0.103122175	0.8137145	-0.47327062	0.32132456
0.103722855	0.81337214	-0.47351488	0.32163802
0.10427342	0.8130441	-0.47374558	0.3219497
0.10481641	0.812692	-0.47400653	0.32227826
0.10534894	0.8123398	-0.47429007	0.32257503
0.105874315	0.8120082	-0.4745928	0.32279268
0.10644869	0.81166494	-0.47494996	0.32294157
0.10705586	0.8113084	-0.4753491	0.32304952
0.107674144	0.8108965	-0.4758303	0.3231699
0.10828195	0.81046695	-0.47634098	0.32329193
0.10892278	0.8099811	-0.47694042	0.32341024
0.10960453	0.80944747	-0.47752044	0.3236602
0.11028975	0.8088848	-0.47805744	0.3240412
0.110926814	0.8083331	-0.47852364	0.32451195
0.111580044	0.80774254	-0.4789893	0.32507122
0.11225096	0.8070859	-0.47951522	0.32569495
0.11275579	0.8065341	-0.47997934	0.32620367
0.11326305	0.8059547	-0.48050177	0.32669047
0.11375104	0.8054329	-0.4810296	0.32703093
0.11422728	0.8049622	-0.48157156	0.32722607
0.114733204	0.8045102	-0.48210567	0.3273743
0.11536708	0.8039787	-0.48270148	0.32757938
0.11664092	0.8029383	-0.48369613	0.32821214
0.11739755	0.8022794	-0.48425388	0.32873058
0.11819261	0.8015357	-0.48488447	0.3293299
0.1190257	0.80074704	-0.48558486	0.32991573
0.120046586	0.7998154	-0.4864683	0.33050358
0.121050924	0.7989507	-0.4873507	0.33092853
0.12211636	0.7981037	-0.48830026	0.3311812
0.123161756	0.7973534	-0.48921606	0.33124974
0.12438979	0.7967005	-0.49005985	0.33111483
0.124396354	0.7966972	-0.4900567	0.33112493
0.12584437	0.79589975	-0.49108958	0.3309648
0.126643	0.7954302	-0.49165297	0.3309526
0.12746437	0.79484946	-0.4922473	0.33114928
0.12816156	0.7943189	-0.4927739	0.33136985
0.12898971	0.7935691	-0.4933489	0.33198902
0.12981123	0.7927766	-0.4939154	0.33271915
0.13060132	0.7919892	-0.49448755	0.33343434
0.13130678	0.79128623	-0.49505407	0.33398524
0.13195916	0.79064965	-0.4956638	0.3343315
0.13250558	0.79010814	-0.49625605	0.33451664
0.13297081	0.7895797	-0.49685243	0.33469445
0.1333849	0.7890086	-0.49746424	0.3349675
0.13381925	0.7883499	-0.49810562	0.33539167
0.13422652	0.7877496	-0.49860173	0.33590198
0.1347101	0.7870845	-0.4990725	0.3365679
0.13526142	0.78638405	-0.49952924	0.33730564
0.13582738	0.7857296	-0.49995825	0.33796692
0.1363913	0.78513426	-0.50038934	0.33848485
0.1369704	0.78455114	-0.5008888	0.33886445
0.13739724	0.7841524	-0.5012907	0.33902043
0.13782565	0.7837689	-0.50174606	0.33905977
0.1382269	0.7834147	-0.50220805	0.33903086
0.13865685	0.78302467	-0.5026838	0.33905137
0.13919577	0.7825218	-0.5032259	0.3391873
0.13982055	0.78192383	-0.50380707	0.33944622
0.14060347	0.78115296	-0.50446945	0.33991376
0.14137235	0.78040504	-0.5051105	0.34036073
0.14216095	0.77965564	-0.50574803	0.3408027
0.14297341	0.7789486	-0.5063616	0.34116822
0.14383054	0.7782741	-0.5069819	0.34142578
0.14466377	0.77767974	-0.50757545	0.3415462
0.14571117	0.7770008	-0.50834244	0.3415058
0.14654967	0.77645254	-0.50898784	0.34143215
0.14737763	0.77588916	-0.50965565	0.34136036
0.14825879	0.77525336	-0.5104001	0.34131142
0.14912136	0.7745742	-0.51116055	0.3413393
0.1499432	0.77387923	-0.5119018	0.3414451
0.15069187	0.77321374	-0.5125671	0.3416247
0.15154599	0.772456	-0.51327235	0.34190196
0.15285029	0.77140296	-0.5143017	0.34215227
0.15357535	0.77087826	-0.51491314	0.3420904
0.15435746	0.7703599	-0.51560473	0.3418644
0.1551229	0.7698797	-0.5162828	0.3415764
0.15584698	0.76942074	-0.5169224	0.34131327
0.1566061	0.7689266	-0.5175748	0.34109053
0.15726392	0.7685077	-0.5181015	0.3409322
0.1579062	0.76810384	-0.5185861	0.34080884
0.15850103	0.767716	-0.51904076	0.34071442
0.15909453	0.76729697	-0.5195208	0.34065002
0.1596339	0.766873	-0.52000296	0.34061664
0.16025107	0.7663496	-0.52062434	0.34055576
0.16096163	0.76574063	-0.5213734	0.34044456
0.161704	0.7651165	-0.522159	0.34029204
0.16172037	0.76511467	-0.52215195	0.34029886
0.1632895	0.76386094	-0.52383846	0.33977377
0.16407026	0.7632573	-0.5246544	0.3394954
0.16483457	0.7626432	-0.5254288	0.33930758
0.16564366	0.7619148	-0.5261938	0.33936444
0.1662972	0.7613317	-0.5268033	0.33940786
0.1669752	0.76067674	-0.52746683	0.3395131
0.16765963	0.7599481	-0.5282353	0.33961248
0.16838591	0.75925696	-0.52908134	0.33948198
0.16909888	0.75865006	-0.52990425	0.33920103
0.16913158	0.7586458	-0.52989006	0.33921614
0.17045976	0.75768584	-0.5313807	0.33836403
0.17102948	0.75727624	-0.5319574	0.3380872
0.17164637	0.7567847	-0.5325667	0.33791614
0.17233402	0.75617564	-0.5332495	0.3378526
0.17380874	0.7547651	-0.53480184	0.33779785
0.1746999	0.7539374	-0.5357805	0.3376352
0.17538922	0.75332624	-0.536578	0.33737558
0.17619032	0.75263846	-0.537556	0.33693612
0.1769582	0.7519884	-0.53851956	0.33644602
0.17776038	0.7512917	-0.53958875	0.33586636
0.17853142	0.75060093	-0.5406262	0.3353331
0.17932957	0.74984443	-0.54170495	0.33485833
0.18014717	0.74903524	-0.54280704	0.33444563
0.18098742	0.7481781	-0.5439333	0.33408034
0.18180479	0.74732256	-0.54500717	0.33380127
0.18259193	0.74646777	-0.54604214	0.33359265
0.18339573	0.74551606	-0.5472271	0.33333814
0.18398175	0.74483263	-0.54806	0.33317477
0.18458006	0.74407816	-0.5490328	0.33292776
0.18511184	0.74335235	-0.5500348	0.33259976
0.18556634	0.7427034	-0.5509622	0.33226132
0.18602532	0.74204373	-0.55192065	0.3318875
0.18655235	0.74131584	-0.55298793	0.3314415
0.1869922	0.74070734	-0.55394053	0.33096293
0.18740623	0.74013144	-0.55485505	0.33048505
0.18834595	0.73878855	-0.5569577	0.32941678
0.18836606	0.73878443	-0.5569489	0.3294294
0.18882455	0.73815024	-0.55781645	0.3291205
0.18935098	0.7374092	-0.55874527	0.32890362
0.18992296	0.7365814	-0.5597126	0.32878426
0.19041914	0.7357882	-0.5606075	0.3287484
0.19085546	0.7350211	-0.5614679	0.32874307
0.19129199	0.73422104	-0.56238693	0.32870647
0.19171643	0.7334399	-0.56334627	0.3285599
0.19214746	0.7327065	-0.5643169	0.32827872
0.19261238	0.7320198	-0.56528753	0.32786813
0.19313742	0.7313818	-0.5662451	0.32733053
0.19375621	0.7307729	-0.56718683	0.32669348
0.19441299	0.73021567	-0.568037	0.32607174
0.19515385	0.7296124	-0.56891155	0.32545426
0.19592974	0.7289583	-0.5698089	0.32488346
0.1966735	0.7282789	-0.5706945	0.32440308
0.19734024	0.7276266	-0.5715558	0.3239449
0.1979048	0.7270719	-0.5723396	0.32346207
0.19836193	0.7266271	-0.57309705	0.3228397
0.19871695	0.72629017	-0.5738297	0.32207707
0.1990331	0.7259789	-0.5746236	0.32116705
0.1993576	0.72564054	-0.57545483	0.32024077
0.19992861	0.72497725	-0.57653886	0.31943625
0.20048413	0.724302	-0.5774393	0.31899333
0.20111708	0.723508	-0.578361	0.31872672
0.20177865	0.72263473	-0.5793045	0.31857613
0.20229454	0.72177625	-0.58024347	0.3184864
0.20262219	0.72118235	-0.5809809	0.31827918
0.20290709	0.7206657	-0.58173704	0.31788647
0.20320946	0.720178	-0.5825125	0.31737816
0.20359828	0.7196446	-0.5833491	0.31680173
0.20402369	0.7191023	-0.58417183	0.3162427
0.20405728	0.71909934	-0.5841578	0.3162538
0.20495884	0.7178798	-0.5859592	0.31510696
0.20545965	0.7171877	-0.5868846	0.3146341
0.20599113	0.7164506	-0.5878128	0.3142333
0.20653091	0.71568197	-0.5887701	0.31383798
0.2070644	0.71490127	-0.5897837	0.3133621
0.20759153	0.71412784	-0.5908313	0.31280288
0.20822777	0.71321315	-0.59208006	0.3121048
0.20885523	0.71233296	-0.59327793	0.31142014
0.20943531	0.71153533	-0.5943561	0.3107977
0.21006036	0.71065956	-0.5955438	0.31010538
0.2106825	0.7097734	-0.5967734	0.30934787
0.21130586	0.7088964	-0.5980331	0.30850002
0.2119039	0.7080762	-0.59924394	0.30762258
0.2125155	0.70724696	-0.6004867	0.30668327
0.21309595	0.7064546	-0.6016492	0.30582714
0.21372484	0.7056089	-0.60281456	0.30504495
0.2143269	0.7047509	-0.6039463	0.30436662
0.2148681	0.70389533	-0.6050408	0.30379063
0.21532606	0.703067	-0.60609347	0.3032857
0.21569887	0.7022513	-0.6071706	0.30275568
0.216038	0.7014465	-0.6082534	0.3022057
0.21636295	0.70065904	-0.60931545	0.30166012
0.21672201	0.69981873	-0.61042774	0.30110377
0.21712248	0.69893306	-0.61156166	0.300571
0.21755457	0.6979766	-0.61275214	0.30005592
0.21797478	0.69701433	-0.6139368	0.2995661
0.2184005	0.6960388	-0.61511356	0.2991098
0.2187791	0.6951429	-0.61618197	0.29871717
0.21912228	0.6942815	-0.6172394	0.2982853
0.2194199	0.69348013	-0.6182841	0.29776677
0.21967462	0.6927179	-0.61935645	0.29712373
0.21985532	0.69210136	-0.62029374	0.2964712
0.22017722	0.6908477	-0.622299	0.29494995
0.22043507	0.6901588	-0.62330997	0.29423478
0.22076266	0.6894168	-0.6243037	0.29362106
0.22115834	0.6885856	-0.6253457	0.29305577
0.22158857	0.6877058	-0.62644213	0.29245415
0.22197832	0.686905	-0.6274805	0.2918138
0.22240098	0.6859962	-0.62874895	0.29089844
0.22268444	0.6853331	-0.62973857	0.29010266
0.22301237	0.6845384	-0.63092947	0.2891378
0.22339533	0.6836838	-0.6321451	0.28820735
0.22391309	0.6826409	-0.63352114	0.287255
0.22442847	0.6816801	-0.6346921	0.28654885
0.22504894	0.680551	-0.63599885	0.28584775
0.22583242	0.67918485	-0.63753206	0.28506234
0.22636293	0.6783176	-0.63849825	0.28454372
0.22683567	0.67747873	-0.6395602	0.28377974
0.22720909	0.6766667	-0.64065117	0.28295657
0.22754031	0.6758979	-0.64171344	0.2821196
0.22786723	0.6750913	-0.6427967	0.28131956
0.22821492	0.6742341	-0.6438709	0.2806363
0.22860947	0.6732425	-0.64501584	0.2800659
0.2289926	0.6722302	-0.6461147	0.27965114
0.22938636	0.67118645	-0.6472225	0.27927363
0.2297691	0.67016953	-0.6483114	0.27887526
0.2300885	0.6692557	-0.6493373	0.27841923
0.23030643	0.66850334	-0.6502555	0.277903
0.2305068	0.66725504	-0.6519831	0.2766864
0.23053066	0.66724867	-0.65197337	0.27670506
0.23062767	0.66664314	-0.6527814	0.27617785
0.23073733	0.6659736	-0.65362614	0.27570328
0.23084345	0.6652484	-0.65450525	0.27527943
0.23093006	0.664509	-0.6553912	0.27488446
0.23098442	0.6637659	-0.6563122	0.2744366
0.23099777	0.6630802	-0.6572267	0.27389386
0.23096181	0.66244805	-0.65815794	0.2732168
0.23089758	0.6618746	-0.6590799	0.27243713
0.23082414	0.66132104	-0.6600408	0.27151576
0.23090218	0.66070616	-0.6609762	0.27066982
0.23092932	0.6606936	-0.66096485	0.27070498
0.23118965	0.6597122	-0.66231495	0.26957387
0.23153013	0.6586749	-0.6636305	0.26858097
0.23161101	0.65824914	-0.6643094	0.26787603
0.2316896	0.65789855	-0.66487426	0.26726723
0.23176283	0.6575115	-0.6655913	0.2663698
0.23189227	0.65706515	-0.6663904	0.26535845
0.23204795	0.6565669	-0.6672097	0.26439536
0.23224786	0.6559025	-0.6682351	0.263277
0.23239394	0.6553932	-0.6689634	0.2625661
0.23249817	0.6548202	-0.6697702	0.2618455
0.23251553	0.65424436	-0.67061174	0.2611145
0.23247093	0.6538543	-0.67122614	0.26055196
0.23233023	0.6534965	-0.6718913	0.25985965
0.23210098	0.6531607	-0.67261535	0.2590345
0.23186713	0.65286416	-0.6732824	0.25825736
0.23159453	0.65248877	-0.67407197	0.2573896
0.23136023	0.6520565	-0.67486596	0.2566139
0.23119047	0.65150887	-0.6757097	0.2559369
0.23107375	0.6508908	-0.6765328	0.2554398
0.23097865	0.6502175	-0.6773528	0.25506738
0.23090939	0.6495306	-0.6781427	0.25478092
0.23087643	0.6488507	-0.6789087	0.2545034
0.23087212	0.6481371	-0.6797324	0.25412676
0.23089042	0.6475745	-0.6804307	0.25367516
0.23089415	0.64702916	-0.6811942	0.2530134
0.23087168	0.6465289	-0.6819701	0.2522212
0.2308446	0.6460497	-0.6827272	0.2514244
0.23083378	0.6455138	-0.68353474	0.2506154
0.23087087	0.6448966	-0.6843848	0.24984896
0.23095198	0.64419293	-0.68528557	0.2491192
0.23110282	0.64338845	-0.6862627	0.24836719
0.23131719	0.64245737	-0.6873334	0.24761604
0.23164342	0.6414223	-0.68848693	0.24678868
0.23204584	0.64012206	-0.68992287	0.2457742
0.23205376	0.6401231	-0.6899201	0.24577184
0.23239367	0.6388206	-0.69135207	0.24481371
0.23270753	0.63711584	-0.6932787	0.24350637
0.23272379	0.6371167	-0.69327295	0.24350503
0.23275082	0.6356735	-0.6950842	0.24208298
0.23280308	0.6347925	-0.69616634	0.24123363
0.23296517	0.63382703	-0.697269	0.24042995
0.23327133	0.6327719	-0.6983686	0.23971972
0.23369075	0.63162726	-0.6994722	0.23911172
0.2341241	0.6304534	-0.70056057	0.23859873
0.23447855	0.6293074	-0.70162785	0.23813938
0.23475313	0.62817717	-0.7027094	0.23766354
0.23497586	0.62714285	-0.70371425	0.23720147
0.23520735	0.6260083	-0.7048292	0.23665808
0.23540835	0.6251272	-0.7056888	0.23622523
0.23568906	0.624112	-0.70665985	0.23572609
0.23597844	0.62312335	-0.7076039	0.2352198
0.23624864	0.6221788	-0.7085186	0.2346944
0.23651697	0.6212629	-0.7094014	0.2341832
0.23653443	0.6212637	-0.7093953	0.23418216
0.23690368	0.6194971	-0.71118635	0.23305358
0.23702234	0.6186514	-0.7121032	0.23237911
0.23707728	0.6177041	-0.7131984	0.23148258
0.23710798	0.61686647	-0.71419764	0.23060235
0.23715259	0.61592335	-0.7153252	0.22958004
0.23722482	0.61495906	-0.7164689	0.22852184
0.23733859	0.613979	-0.7175868	0.22752899
0.23742455	0.6130414	-0.71864283	0.22663274
0.23748033	0.61211514	-0.719677	0.22579494
0.23750336	0.6111951	-0.7207026	0.22499005
0.23753953	0.6102578	-0.721731	0.22419804
0.23762283	0.6093571	-0.7227002	0.22343637
0.23776492	0.608374	-0.72374034	0.22259578
0.23791267	0.6073878	-0.724785	0.2217307
0.23802799	0.6064382	-0.7258053	0.22086664
0.23810865	0.60558236	-0.72672176	0.22011316
0.23812194	0.60475045	-0.7276284	0.21938972
0.23806097	0.60401344	-0.72845346	0.2187474
0.23792039	0.6033587	-0.7292183	0.2181579
0.23770557	0.60276365	-0.72996145	0.21755101
0.23749492	0.602237	-0.73065376	0.21691467
0.23729095	0.60173243	-0.7313603	0.2161556
0.23708199	0.60122216	-0.73211306	0.21525459
0.23686658	0.60071707	-0.7328824	0.21428213
0.23662893	0.60020185	-0.7336668	0.21330157
0.23638731	0.5996983	-0.73441046	0.2124247
0.23608817	0.5991136	-0.7352448	0.21151954
0.23578502	0.5987168	-0.73585004	0.21087556
0.23533832	0.5983854	-0.73646563	0.21016496
0.23482746	0.59816426	-0.7370076	0.20946446
0.23435134	0.59803987	-0.7374386	0.2088352
0.23392214	0.5979553	-0.7378177	0.20821892
0.23355378	0.5979487	-0.7381241	0.2075643
0.23302133	0.598019	-0.7384656	0.20674366
0.23262887	0.59810954	-0.7386678	0.20620088
0.23218904	0.5982512	-0.7388426	0.20565829
0.23162706	0.5984638	-0.7390324	0.20499097
0.23108177	0.5986919	-0.7392142	0.20428322
0.23058125	0.5989019	-0.73941153	0.20351762
0.23016794	0.5990394	-0.7396409	0.20274585
0.22982174	0.59909487	-0.7399247	0.20193757
0.22957642	0.5990735	-0.7401989	0.20127401
0.22933087	0.599013	-0.7405007	0.20062293
0.22910914	0.5989579	-0.74082154	0.19985504
0.2292461	0.5989661	-0.7407781	0.19983427
0.22873421	0.5989722	-0.74126357	0.1985987
0.2284902	0.5989842	-0.74153775	0.19781832
0.22797841	0.59901375	-0.74214554	0.19603208
0.22779039	0.5990248	-0.7424659	0.19500081
0.22762999	0.5989985	-0.74280655	0.19396865
0.22751619	0.598911	-0.7431759	0.19295539
0.22745192	0.59875894	-0.74356985	0.19198252
0.2274213	0.5985837	-0.7439224	0.19119781
0.2273588	0.59838307	-0.7442723	0.19053741
0.22722976	0.5981585	-0.74462175	0.19003056
0.22701441	0.5979188	-0.7449934	0.1895849
0.22668976	0.59766626	-0.74541026	0.18913065
0.22635418	0.5974197	-0.7458193	0.1886984
0.22594813	0.59708464	-0.7463442	0.18816935
0.22566722	0.5967077	-0.7468486	0.18770033
0.22543572	0.5962847	-0.747379	0.18721096
0.22520255	0.5958465	-0.74792176	0.18671887
0.22492675	0.5954485	-0.74844027	0.18624245
0.22441256	0.5951744	-0.74894357	0.18571486
0.22382776	0.59500396	-0.7493843	0.18518807
0.22320625	0.594884	-0.749797	0.18465225
0.222591	0.5947823	-0.7502051	0.18406448
0.22202487	0.59466934	-0.75061893	0.1834249
0.22150275	0.5944894	-0.7510843	0.18273291
0.22111978	0.59421337	-0.75160223	0.18196365
0.2208745	0.5938068	-0.75219864	0.18112203
0.22075012	0.5933511	-0.7527819	0.18034251
0.22065711	0.59290767	-0.75334436	0.17956422
0.2205148	0.5925482	-0.7538608	0.17875677
0.22031038	0.59228003	-0.7543223	0.17794871
0.21978226	0.5918324	-0.75524324	0.17617549
0.21950816	0.59161913	-0.75570405	0.17525569
0.2192445	0.5914276	-0.75612956	0.17439409
0.21896756	0.5912596	-0.7565215	0.1736105
0.21861309	0.59112823	-0.7568994	0.17285554
0.21811764	0.5910866	-0.757239	0.1721353
0.21752793	0.59124696	-0.7574377	0.17145538
0.2167101	0.59152716	-0.75762945	0.17067507
0.21593705	0.5917852	-0.7577991	0.17000659
0.2149855	0.59214354	-0.7579683	0.16920838
0.21409191	0.5924789	-0.7581158	0.16850463
0.21315292	0.5927835	-0.75829315	0.1678241
0.21220888	0.5930552	-0.7584945	0.16715033
0.21129665	0.59329665	-0.7587107	0.16646637
0.21043113	0.5935696	-0.7588894	0.16577348
0.20961949	0.59387976	-0.75903326	0.16503082
0.20875968	0.5942487	-0.7591782	0.16412324
0.20791253	0.5946227	-0.75933444	0.16311815
0.20725656	0.5948879	-0.7594909	0.1622549
0.20603679	0.5952668	-0.75986457	0.16066138
0.2054321	0.5954647	-0.760024	0.1599475
0.20481107	0.59570265	-0.76015663	0.15922582
0.20417152	0.5959622	-0.7602891	0.15844111
0.20359449	0.59620196	-0.7604225	0.15763944
0.20305805	0.5964557	-0.7605476	0.15676579
0.20254491	0.59674716	-0.76064885	0.15582587
0.20210873	0.59703624	-0.760711	0.15497926
0.2016725	0.5973473	-0.76074445	0.15418299
0.20125389	0.5976699	-0.7607434	0.15348363
0.20082593	0.59798694	-0.7607199	0.15292417
0.20028953	0.59833854	-0.76068145	0.15244275
0.19960186	0.598744	-0.7606392	0.15196317
0.19873588	0.59923863	-0.7605967	0.15135983
0.19778974	0.5997785	-0.76056296	0.15062901
0.19673635	0.6003886	-0.7605377	0.149703
0.19565305	0.6011418	-0.76042897	0.14864852
0.19461155	0.60185623	-0.7603225	0.14766583
0.19360663	0.60259557	-0.76016057	0.14680266
0.19271179	0.6033509	-0.7598567	0.14645034
0.19204378	0.6039461	-0.7595903	0.14625587
0.1911453	0.60463846	-0.75925016	0.14633901
0.19011709	0.6053886	-0.7589023	0.14638187
0.18891501	0.6062288	-0.75855833	0.14624341
0.18768264	0.6070877	-0.7582389	0.14592323
0.18645352	0.60793674	-0.75795114	0.14545865
0.1853382	0.60868764	-0.75771457	0.14497522
0.18435799	0.60936034	-0.7574902	0.1445708
0.1835225	0.60998404	-0.75724053	0.14431126
0.18277752	0.61059046	-0.75695467	0.14419204
0.18209518	0.6111943	-0.7566411	0.1441435
0.18139791	0.61185247	-0.7563035	0.1440017
0.18069895	0.6125608	-0.7559586	0.14367948
0.17989415	0.61335766	-0.7556099	0.14312297
0.17902021	0.61423415	-0.75524634	0.14237714
0.17825082	0.6150474	-0.7549103	0.14161165
0.17752984	0.61584455	-0.7545769	0.1408277
0.17693166	0.6165722	-0.75424486	0.14017372
0.17643584	0.6172277	-0.753914	0.13969319
0.17592178	0.6178305	-0.75359607	0.13939184
0.1754215	0.6184114	-0.75326055	0.13926016
0.17490466	0.6190277	-0.75287676	0.13924712
0.17436367	0.6196543	-0.75248593	0.13925149
0.17376168	0.6203436	-0.75206345	0.13921654
0.17314534	0.62110966	-0.75158864	0.13913366
0.17261736	0.62177455	-0.7511764	0.13904592
0.1721341	0.62243927	-0.750723	0.13911995
0.17167014	0.62309986	-0.7502436	0.13932198
0.17115481	0.62380856	-0.7497164	0.13962197
0.17058773	0.62457347	-0.74914634	0.1399558
0.17002052	0.6254296	-0.74850285	0.14026536
0.1694336	0.6263843	-0.74780476	0.14043896
0.1688162	0.62740856	-0.7470916	0.14040564
0.16819064	0.62849045	-0.746369	0.14016074
0.16763692	0.6294656	-0.74574167	0.13978726
0.16705187	0.63059276	-0.74501467	0.13928266
0.16677706	0.6312032	-0.7446107	0.13900691
0.16676264	0.6312077	-0.7446139	0.13898651
0.16625541	0.6321678	-0.7439292	0.1388971
0.1658353	0.6327636	-0.74350613	0.13895147
0.16531503	0.63343185	-0.74303216	0.1390621
0.1646911	0.6341949	-0.7424994	0.13917057
0.16397062	0.63504	-0.7419253	0.13922928
0.16325092	0.635864	-0.7413784	0.139227
0.16260892	0.6365864	-0.74090475	0.13919885
0.16205496	0.63721526	-0.7404831	0.13921109
0.16159286	0.63773197	-0.7401257	0.13928315
0.16120099	0.6381453	-0.7398331	0.13939838
0.1607717	0.6385682	-0.73952883	0.13957167
0.16021013	0.63921314	-0.7390498	0.13980228
0.15975629	0.63968104	-0.7387034	0.1400121
0.15915836	0.64032114	-0.7382199	0.14031741
0.1584665	0.64106864	-0.73765796	0.14064218
0.15778202	0.6418033	-0.73710644	0.14095204
0.15707189	0.64250416	-0.73658013	0.14130346
0.15636031	0.6432101	-0.73604304	0.14167905
0.155636	0.6439736	-0.7354554	0.1420595
0.15480137	0.6449207	-0.7347368	0.14239281
0.15480083	0.6449211	-0.7347369	0.14239074
0.15359448	0.6463335	-0.7337281	0.14249505
0.15295652	0.64707494	-0.7331996	0.14253704
0.1523916	0.64775044	-0.73269844	0.14265054
0.15183508	0.6483609	-0.73223144	0.14286846
0.15126163	0.6489539	-0.73175836	0.143208
0.15070781	0.6495224	-0.73127794	0.14366747
0.1501244	0.65011597	-0.7307627	0.14421444
0.14942938	0.6508368	-0.7301398	0.14483866
0.14864118	0.6516771	-0.72942555	0.1454692
0.14774	0.6526338	-0.7286316	0.1460754
0.14682192	0.65366966	-0.72777504	0.14663856
0.14588319	0.65470874	-0.7269151	0.14720413
0.14487845	0.65583843	-0.7259698	0.14783125
0.14402705	0.6568	-0.7251532	0.14840116
0.14226507	0.65881914	-0.7233793	0.14980133
0.14139493	0.6598069	-0.72250116	0.15051383
0.14057265	0.6607906	-0.7216162	0.15121269
0.13981059	0.6617597	-0.7207448	0.15183567
0.13980202	0.6617642	-0.720747	0.15181363
0.13876046	0.66320634	-0.7194221	0.15275732
0.13771187	0.66477495	-0.71786225	0.15421906
0.13730896	0.6653816	-0.7172389	0.15486148
0.13684471	0.666067	-0.7165347	0.15558384
0.13582443	0.66757876	-0.7150283	0.15692355
0.13582343	0.66758364	-0.71502906	0.15690024
0.13531387	0.66838515	-0.71426594	0.15740298
0.13478176	0.6692949	-0.7134156	0.15784925
0.1342658	0.6702928	-0.71247804	0.15828884
0.13383459	0.6712199	-0.71159357	0.15870376
0.13339706	0.6721739	-0.7106744	0.15915233
0.13240139	0.6740872	-0.7088402	0.16006868
0.1317711	0.6750596	-0.7079516	0.16042256
0.13114448	0.6759608	-0.70716035	0.16063164
0.13057217	0.67678213	-0.70645815	0.16072896
0.13001548	0.6779286	-0.7054591	0.16073707
0.12993772	0.6784346	-0.70496356	0.16083874
0.12982863	0.678998	-0.70438707	0.16107486
0.12957443	0.6801443	-0.7031937	0.16165677
0.12929446	0.68085325	-0.70244706	0.16214211
0.1289112	0.681578	-0.70170444	0.16261709
0.12838568	0.6824401	-0.7008522	0.16309188
0.12782657	0.68328077	-0.70005524	0.16343327
0.12714612	0.6842678	-0.69915044	0.16370715
0.12656832	0.68511426	-0.69837946	0.16390547
0.12600417	0.68595344	-0.6976026	0.16413839
0.12538019	0.68688816	-0.69671375	0.16448231
0.124674164	0.68787825	-0.6957285	0.16505119
0.12399068	0.68883187	-0.6947761	0.16559985
0.123266384	0.68977	-0.6938054	0.16630374
0.12250391	0.69067866	-0.6928484	0.1670839
0.121737726	0.69154143	-0.6919595	0.16775759
0.1209197	0.69245636	-0.6910567	0.16829543
0.12010042	0.69338095	-0.6901852	0.16865113
0.1192379	0.694362	-0.68929267	0.1688771
0.11841503	0.6953286	-0.68841743	0.16904882
0.11765096	0.69627994	-0.6875342	0.16926089
0.11696787	0.6971719	-0.6866716	0.16956395
0.11641055	0.6979526	-0.68587035	0.16997832
0.11593719	0.6986636	-0.6850916	0.17052054
0.115377314	0.6994784	-0.68417263	0.171248
0.11538753	0.6994859	-0.68417186	0.17121384
0.114342466	0.7008403	-0.68272036	0.17216739
0.113657914	0.7017091	-0.6818332	0.17259711
0.112895444	0.7026469	-0.6808989	0.17297001
0.11210287	0.7035962	-0.67995214	0.17335089
0.11121665	0.70464545	-0.6788783	0.17386746
0.11045032	0.7055504	-0.67792654	0.1743992
0.109669305	0.7064667	-0.6769448	0.17499486
0.10890018	0.707406	-0.6759133	0.17566696
0.10818575	0.7083398	-0.6748565	0.17640692
0.107594386	0.7091939	-0.6738657	0.17712335
0.10708511	0.71002287	-0.67288613	0.17783335
0.10650104	0.7109649	-0.67177474	0.17862013
0.10582982	0.71194094	-0.67065734	0.17932883
0.10517839	0.71281254	-0.66965866	0.17998126
0.10446886	0.7136712	-0.6686692	0.1806691
0.103749044	0.7145046	-0.6677088	0.18134035
0.103106424	0.7153035	-0.66679174	0.1819312
0.1025486	0.716039	-0.6659369	0.182483
0.102063276	0.71674776	-0.6650904	0.18305916
0.101596646	0.7174859	-0.664184	0.18371698
0.10115865	0.7182103	-0.66326493	0.18444665
0.100758255	0.7188279	-0.66248083	0.185077
0.100168854	0.71963775	-0.661492	0.18578511
0.09943539	0.72052974	-0.6604614	0.18638763
0.09853114	0.7215665	-0.65931416	0.1869177
0.097522385	0.72272605	-0.65806186	0.18737942
0.0965563	0.7238909	-0.6568071	0.18778528
0.09565784	0.72503936	-0.65555954	0.18817328
0.094856456	0.72617316	-0.6543035	0.18857813
0.094219714	0.727199	-0.65313345	0.18900019
0.09377082	0.7280468	-0.6521236	0.18944623
0.09339786	0.72886086	-0.6511066	0.18999718
0.093086585	0.7296241	-0.6501299	0.19056436
0.09266325	0.7305202	-0.6490578	0.19099167
0.09224681	0.7313987	-0.64800274	0.19141316
0.091751195	0.73240054	-0.64683825	0.19175868
0.091286436	0.7333893	-0.6456973	0.19204701
0.090871416	0.73439336	-0.64452153	0.19235592
0.09049496	0.73532027	-0.6434051	0.19272964
0.09016676	0.73617125	-0.6423546	0.19313847
0.08966981	0.73716986	-0.64107394	0.19381468
0.08926843	0.7378912	-0.64014906	0.19431183
0.08878228	0.7387158	-0.6391082	0.19482644
0.08818003	0.7397208	-0.63787365	0.19533221
0.08762147	0.74066585	-0.63673264	0.19572473
0.08704306	0.74166447	-0.6355279	0.19611643
0.08652865	0.74257916	-0.6344005	0.19653259
0.08564583	0.74411833	-0.63237184	0.19763237
0.08523477	0.7447737	-0.63145393	0.19827533
0.08478313	0.74543685	-0.6305035	0.1990004
0.08432596	0.7461198	-0.62951577	0.19976068
0.083894394	0.746804	-0.62853956	0.20045857
0.08341388	0.7476215	-0.6274015	0.20117573
0.08293089	0.7484933	-0.62622154	0.20180887
0.08251622	0.74925774	-0.62521183	0.20227231
0.0820695	0.75009924	-0.6241053	0.20275228
0.08165254	0.75090426	-0.62304586	0.20319875
0.08125913	0.7516724	-0.62202275	0.20365015
0.08082998	0.7524475	-0.62097573	0.20415312
0.08037409	0.75324965	-0.61987776	0.20471121
0.07983234	0.7542008	-0.6185495	0.20543699
0.079438955	0.7548734	-0.6176055	0.20595884
0.07896585	0.75569487	-0.616459	0.20656268
0.07896057	0.7556962	-0.6164607	0.2065549
0.078212954	0.7573493	-0.61418986	0.2075464
0.07790205	0.75815445	-0.61308616	0.20798682
0.077626206	0.7589557	-0.6119816	0.20842038
0.07733525	0.75980324	-0.61081606	0.2088591
0.07696346	0.7607179	-0.60955435	0.20935215
0.0763654	0.7617213	-0.6081199	0.21009357
0.07574837	0.76274604	-0.60663915	0.21087852
0.07508664	0.76385754	-0.60503083	0.21171089
0.07446513	0.7649252	-0.60350275	0.21243563
0.07328817	0.7670267	-0.6005762	0.21355811
0.07275051	0.7680219	-0.5992145	0.21399057
0.07226107	0.76898915	-0.5978624	0.21446389
0.07181381	0.7699191	-0.5965201	0.2150142
0.071390375	0.7708452	-0.5951441	0.21564923
0.07099199	0.77177197	-0.5937203	0.21638957
0.07064828	0.7726863	-0.5922879	0.21716323
0.07035504	0.773619	-0.59083	0.21790747
0.070142396	0.77446955	-0.5895154	0.21851459
0.0699645	0.77547884	-0.58797485	0.21914189
0.06987202	0.77621025	-0.5868828	0.21950887
0.06981481	0.7770241	-0.5856479	0.21994552
0.06975933	0.7778016	-0.584465	0.22036105
0.06968883	0.7785615	-0.58328915	0.2208152
0.069602944	0.7793044	-0.5821095	0.22133408
0.06946276	0.78015274	-0.5807391	0.22198851
0.06931807	0.7807615	-0.57974845	0.22248194
0.069119394	0.78147745	-0.5785859	0.223056
0.06889417	0.7822097	-0.5774137	0.22359614
0.068669446	0.7829326	-0.576266	0.2240955
0.06848377	0.7836212	-0.5751595	0.22458734
0.06837938	0.7842356	-0.5741344	0.22509651
0.068364576	0.7847677	-0.57318467	0.22566654
0.068405	0.7852381	-0.57225275	0.22638187
0.06842873	0.7856603	-0.5714161	0.22702228
0.068420686	0.78609484	-0.570575	0.22763482
0.06832566	0.786596	-0.5696377	0.22827889
0.06813018	0.7870895	-0.56874377	0.22886458
0.06748747	0.78820324	-0.5667322	0.23020828
0.067439765	0.7881963	-0.56674224	0.2302208
0.067021705	0.78873205	-0.5657223	0.23101535
0.066581905	0.78923285	-0.56472236	0.2318773
0.06614834	0.7897049	-0.5637223	0.23282556
0.06576522	0.7901362	-0.56275094	0.2338183
0.065406755	0.790539	-0.56182545	0.234781
0.06502579	0.79097396	-0.5608524	0.2357465
0.06467374	0.7913758	-0.56000507	0.23650824
0.0643749	0.79174966	-0.55925214	0.23711905
0.06411207	0.7921202	-0.55850714	0.23770775
0.06389695	0.79247177	-0.5577674	0.23833026
0.06373661	0.7927922	-0.557039	0.23900975
0.06363237	0.79310435	-0.55626756	0.23979773
0.06356365	0.7934082	-0.55547535	0.24064553
0.063477285	0.793749	-0.5546112	0.24153583
0.06332667	0.7941604	-0.55366594	0.24239029
0.06310552	0.79463875	-0.55267584	0.24313852
0.06279411	0.795236	-0.55166334	0.24356566
0.062492862	0.7958133	-0.55068254	0.2439765
0.06217918	0.7964289	-0.5496658	0.2443407
0.061927594	0.79694504	-0.5487469	0.24478659
0.061661277	0.79741925	-0.54788965	0.24522936
0.061402988	0.79784197	-0.54699016	0.24592605
0.061121013	0.7982317	-0.54612523	0.24665317
0.06082109	0.7986043	-0.5452645	0.24742411
0.06051042	0.7989837	-0.54438466	0.2482116
0.06023444	0.7993279	-0.5436027	0.24888328
0.059965204	0.7996834	-0.5427806	0.24959937
0.059727743	0.8000059	-0.5419796	0.25036198
0.05952805	0.8002914	-0.54119354	0.25119618
0.059309464	0.8006098	-0.54019153	0.2523876
0.059296597	0.8006115	-0.5401959	0.25237617
0.05917774	0.800916	-0.5389087	0.25418288
0.05914928	0.80109125	-0.53813803	0.25526795
0.05911052	0.80130374	-0.53730166	0.25636956
0.05905761	0.801557	-0.5364377	0.25739694
0.05894735	0.8018949	-0.5354253	0.25847554
0.05881094	0.8022042	-0.53459054	0.25927347
0.058728762	0.8025363	-0.53368723	0.2601236
0.058697585	0.80285615	-0.5328183	0.26092428
0.058766957	0.803147	-0.5320143	0.2616528
0.058987867	0.8033613	-0.53132004	0.2623552
0.059359506	0.80347556	-0.5307682	0.26303738
0.06063898	0.8033759	-0.5300148	0.26456437
0.061353605	0.8032219	-0.5298001	0.26529643
0.062139113	0.8030319	-0.5296482	0.2659912
0.06299338	0.80280864	-0.5296109	0.26653814
0.063836105	0.80255955	-0.5296885	0.26693296
0.06502177	0.8022573	-0.52988726	0.26716104
0.06599968	0.80200344	-0.5300584	0.26734403
0.067135215	0.8017092	-0.53025174	0.26755998
0.068240315	0.80140436	-0.5304313	0.267838
0.06931975	0.8010826	-0.5305886	0.26821122
0.07031515	0.80074924	-0.5307251	0.26867726
0.071160205	0.80041146	-0.53084546	0.26922262
0.07193609	0.8000327	-0.53097844	0.26987913
0.07259007	0.799616	-0.5311431	0.2706141
0.073167115	0.7991373	-0.5313617	0.27144212
0.07361486	0.7986753	-0.5316067	0.2722004
0.07403686	0.79820794	-0.5318829	0.27291593
0.07440643	0.7977821	-0.53213865	0.2735613
0.07478514	0.7973457	-0.5323998	0.27422208
0.075141035	0.7969187	-0.53266066	0.27485853
0.07550363	0.79648197	-0.5329175	0.27552587
0.07584	0.7960693	-0.5331394	0.27619636
0.07616592	0.79567224	-0.5333206	0.2769001
0.07642858	0.7953748	-0.5334288	0.27747354
0.076722674	0.795104	-0.5335091	0.278013
0.07688261	0.794855	-0.533525	0.27865
0.07704892	0.7947129	-0.53341126	0.27922624
0.07719778	0.79458994	-0.5333108	0.2797268
0.07737278	0.79446805	-0.533228	0.28018215
0.07756141	0.7943349	-0.53318405	0.28059074
0.07773322	0.79418844	-0.53316766	0.2809885
0.07782887	0.7940596	-0.53317815	0.2813064
0.07796763	0.7938386	-0.5333018	0.28165686
0.07812875	0.7935558	-0.5334625	0.28210446
0.0783739	0.79322064	-0.5336446	0.28263423
0.07874061	0.79283214	-0.53384155	0.28324997
0.07915666	0.79247594	-0.53400195	0.28382728
0.0795958	0.79216236	-0.53412646	0.28434548
0.08005034	0.7918859	-0.5342324	0.28478843
0.08054954	0.791623	-0.53433317	0.28518954
0.08170915	0.79111564	-0.5345759	0.28581172
0.08228626	0.790922	-0.5347219	0.28590897
0.08298448	0.7906976	-0.5348952	0.28600356
0.083677255	0.7904446	-0.53509825	0.28612128
0.08447081	0.7901282	-0.5353681	0.28625727
0.085237056	0.7897978	-0.535666	0.28638488
0.08606229	0.7894118	-0.5360355	0.2865105
0.08684109	0.78904206	-0.53640354	0.28660503
0.0875285	0.7887313	-0.5367331	0.28663477
0.08817255	0.7884557	-0.5370485	0.28660423
0.08885122	0.7881535	-0.53741544	0.28653854
0.089516476	0.7878114	-0.53783596	0.286483
0.090269305	0.7873747	-0.5383642	0.28645515
0.091024846	0.7868985	-0.5389309	0.2864589
0.09183983	0.78634006	-0.53958356	0.286504
0.09251576	0.7858413	-0.54009694	0.28668728
0.09306228	0.7854563	-0.5404648	0.2868722
0.09362393	0.7850781	-0.5407658	0.2871574
0.09415313	0.7847086	-0.5410084	0.28753698
0.09425633	0.7846396	-0.54101443	0.28768024
0.09431104	0.7845886	-0.5410546	0.28772596
0.094439015	0.78449124	-0.5411796	0.28771442
0.09467769	0.7843174	-0.5413903	0.28771338
0.09500802	0.7840949	-0.54162467	0.28776968
0.09534642	0.783873	-0.5418135	0.28790668
0.09566803	0.7836783	-0.54195535	0.28806332
0.09594016	0.78352714	-0.5420616	0.2881838
0.0961559	0.783427	-0.5421378	0.28824076
0.09632797	0.78333795	-0.5422322	0.28824788
0.096489206	0.7832316	-0.54236495	0.2882329
0.096684135	0.78307295	-0.54256976	0.28821373
0.096935704	0.78283554	-0.54287183	0.28820524
0.09728859	0.7824945	-0.54328305	0.28823772
0.09769557	0.7821174	-0.5437031	0.28833112
0.09818334	0.78169906	-0.5441265	0.2885016
0.09855994	0.78144234	-0.5443651	0.28861815
0.09896806	0.7812505	-0.54454744	0.2886542
0.09930017	0.78119105	-0.5446335	0.28853828
0.099583626	0.781228	-0.544654	0.28830186
0.099746875	0.78134894	-0.5446188	0.28798386
0.099786274	0.78154904	-0.54451627	0.2876208
0.0997602	0.7817689	-0.5443749	0.28729987
0.09971341	0.78197676	-0.5442044	0.2870733
0.09965641	0.7821458	-0.5440241	0.2869745
0.0995847	0.78221107	-0.54391575	0.2870273
0.09953504	0.78226286	-0.5438265	0.28707203
0.09942728	0.78233045	-0.5437402	0.2870889
0.09902963	0.7825382	-0.543562	0.2869972
0.09884186	0.78260714	-0.54353946	0.28691658
0.09874032	0.78261715	-0.54356325	0.2868797
0.09870958	0.78258115	-0.5436082	0.28690293
0.09872363	0.78254986	-0.54363513	0.28693256
0.09877043	0.7825667	-0.54362637	0.28688723
0.09885283	0.78260654	-0.5435786	0.2868405
0.09895972	0.7826712	-0.5435073	0.28676254
0.099220194	0.78275687	-0.54340214	0.28663775
0.09921473	0.7828021	-0.5434166	0.28648856
0.09971258	0.7828291	-0.54347205	0.2861366
0.10008652	0.7828469	-0.543525	0.28585646
0.10045937	0.7828645	-0.5435729	0.28558645
0.10081593	0.7828677	-0.5436219	0.2853584
0.10117668	0.78286576	-0.54367536	0.2851345
0.10151658	0.7828834	-0.54374397	0.28483418
0.101855755	0.7829364	-0.5438159	0.2844296
0.102173604	0.783001	-0.5438733	0.28402808
0.10255091	0.7830384	-0.5439358	0.28366914
0.102918655	0.7830391	-0.54399085	0.28342852
0.10327215	0.78299546	-0.5440453	0.28331584
0.103629105	0.7828745	-0.5441516	0.28331566
0.10404637	0.78264767	-0.5443297	0.28344703
0.10456745	0.7822984	-0.54462045	0.283661
0.10518801	0.78186345	-0.54504377	0.28381753
0.10581816	0.78142536	-0.5455748	0.2837696
0.10639633	0.78107166	-0.5460946	0.2835269
0.1068326	0.78075945	-0.5466176	0.2832151
0.107182264	0.7805396	-0.54701227	0.28292686
0.10746079	0.7803243	-0.5473333	0.28279406
0.10748776	0.7801598	-0.5475191	0.28287822
0.10742466	0.7800465	-0.5476003	0.2830574
0.10730497	0.77998424	-0.5475821	0.28330922
0.10718707	0.77996355	-0.54749584	0.28357756
0.10708717	0.7799857	-0.5473833	0.28377116
0.107031934	0.7800343	-0.54727936	0.2838591
0.10701948	0.78007305	-0.5472188	0.28387424
0.1070304	0.7801003	-0.54719895	0.28383362
0.10707017	0.7800915	-0.54723144	0.2837797
0.107142605	0.78002584	-0.54731333	0.283775
0.10725723	0.7799094	-0.547428	0.28383073
0.10743132	0.77977484	-0.54752785	0.28394186
0.10766131	0.7796327	-0.5476172	0.28407282
0.107916445	0.7795091	-0.54768425	0.28418595
0.10818952	0.77941823	-0.5477395	0.28422445
0.10844585	0.7793828	-0.5477876	0.28413132
0.10867211	0.77943546	-0.5477744	0.28392604
0.108844385	0.77950466	-0.54778147	0.28365648
0.10899451	0.77959	-0.5477975	0.283333
0.10911879	0.7796667	-0.547838	0.2829959
0.109257095	0.77971447	-0.54790866	0.2826736
0.10941851	0.7797029	-0.5480185	0.28243005
0.10963518	0.77960867	-0.54818755	0.2822782
0.109858304	0.77950984	-0.5483685	0.2821127
0.11007897	0.77941674	-0.5485293	0.28197137
0.11017863	0.77939636	-0.54866517	0.28172466
0.11016546	0.77939814	-0.5486699	0.28171515
0.11009272	0.7794549	-0.54866076	0.28160477
0.10996989	0.779497	-0.54862714	0.28160158
0.109806195	0.77952677	-0.54858387	0.2816675
0.1096378	0.7795542	-0.54853415	0.28175405
0.10935642	0.7795198	-0.54844654	0.2821288
0.109324425	0.77952516	-0.5484583	0.28210306
0.10920154	0.77947795	-0.548433	0.28233042
0.10908774	0.7794544	-0.548373	0.28255594
0.10899163	0.7794801	-0.5482709	0.2827202
0.108938925	0.7795618	-0.5481014	0.28284383
0.108896196	0.7797002	-0.5478787	0.2829101
0.10880672	0.7798906	-0.54763156	0.28289843
0.10870313	0.78009194	-0.5474008	0.28282985
0.10860465	0.780258	-0.5472221	0.2827555
0.10850141	0.78037685	-0.54708695	0.2827283
0.10841648	0.78043914	-0.5469861	0.28278416
0.108386606	0.78044367	-0.546997	0.28276193
0.10837016	0.7803588	-0.5469698	0.28305492
0.1083558	0.7803041	-0.5469305	0.28328714
0.108293556	0.780339	-0.546823	0.2834222
0.10829699	0.78033715	-0.5468214	0.2834294
0.1081908	0.7804489	-0.54666936	0.28345525
0.1080802	0.7806023	-0.54648906	0.28342307
0.10807955	0.7807248	-0.5463144	0.2834224
0.10807996	0.78086865	-0.5461143	0.28341132
0.10813318	0.78096	-0.54598945	0.28338033
0.108243845	0.7809968	-0.5459391	0.28333372
0.10840847	0.7810117	-0.54593956	0.2832285
0.108510904	0.7810463	-0.5459434	0.2830865
0.10855762	0.78110445	-0.54593873	0.282917
0.10858608	0.78117317	-0.54592526	0.28274244
0.10862554	0.7812436	-0.54591125	0.28255972
0.10870239	0.7813335	-0.5458824	0.28233704