0.19131976	0.76642317	-0.33288622	0.51495546
0.19136041	0.76645446	-0.332718	0.51500255
0.19136597	0.7664567	-0.33271447	0.5149994
0.1910888	0.76644695	-0.33193773	0.5156178
0.1910888	0.76644695	-0.33193773	0.5156178
0.19116378	0.76642877	-0.33188733	0.51564944
0.19123839	0.7663965	-0.33191758	0.5156502
0.19136597	0.76634043	-0.3320369	0.5156093
0.19154581	0.76630074	-0.33221415	0.51548743
0.1917593	0.76632386	-0.33239287	0.5152583
0.1918563	0.76635414	-0.3324356	0.5151496
0.19190015	0.7664111	-0.3324356	0.51504856
0.19187638	0.766481	-0.3323818	0.5149881
0.19178616	0.76655644	-0.332232	0.51500607
0.19178003	0.7665891	-0.33223775	0.51495594
0.19166365	0.76659983	-0.33215255	0.5150383
0.19166459	0.7666567	-0.3321549	0.5149518
0.19166788	0.76671004	-0.33215556	0.51487076
0.19151147	0.76681244	-0.33213043	0.5147925
0.19148125	0.7668822	-0.3320913	0.51472515
0.19143122	0.76694554	-0.33197716	0.5147232
0.1914062	0.7669727	-0.33185518	0.51477057
0.19137965	0.766944	-0.3317696	0.51487845
0.19135624	0.7669093	-0.33168605	0.51499265
0.19132763	0.76686794	-0.33162	0.51510745
0.1913325	0.7668784	-0.33161733	0.5150915
0.19123916	0.76677483	-0.33152267	0.5153415
0.1911913	0.7667348	-0.331475	0.5154493
0.1911621	0.7667235	-0.3314248	0.5155092
0.19120608	0.76671743	-0.33143207	0.5154972
0.19128859	0.76673704	-0.33146292	0.5154179
0.19138697	0.7667758	-0.3315135	0.515291
0.19147223	0.7668117	-0.3315639	0.51517344
0.19152904	0.7668242	-0.33160266	0.5151089
0.19151181	0.76682293	-0.3316147	0.51510924
0.19140024	0.7668361	-0.33157226	0.5151584
0.19120492	0.76686114	-0.33146465	0.51526296
0.19097126	0.7668956	-0.33133197	0.5153835
0.19073299	0.7669439	-0.33121473	0.51547533
0.19051296	0.7669999	-0.331125	0.515531
0.1902942	0.7670599	-0.33105913	0.51556486
0.19017938	0.7670942	-0.3310357	0.5155713
0.19016653	0.7672479	-0.3309401	0.51540864
0.19016634	0.7672756	-0.33094174	0.51536644
0.19016305	0.7673099	-0.33094573	0.515314
0.19020562	0.76758283	-0.33065507	0.51507825
0.19012094	0.7675817	-0.33058625	0.51515543
0.19011937	0.7675931	-0.3305879	0.51513803
0.19001158	0.76763046	-0.3305256	0.5151621
0.18992981	0.76766145	-0.33047238	0.51518023
0.18987189	0.76771814	-0.3304574	0.51512665
0.1898118	0.7678022	-0.33039197	0.5150654
0.18967304	0.76785344	-0.33014598	0.5151981
0.18968226	0.76786935	-0.33014074	0.5151741
0.1896246	0.7678159	-0.33002222	0.515351
0.18957943	0.7677314	-0.3299317	0.51555145
0.18956517	0.7676476	-0.32989815	0.515703
0.18958342	0.76758575	-0.32990178	0.5157859
0.18961912	0.767557	-0.32992867	0.51579833
0.18966378	0.76756066	-0.32996422	0.5157537
0.18970846	0.7675756	-0.32998517	0.51570183
0.18972187	0.7676037	-0.32997504	0.5156616
0.18967925	0.7676272	-0.32991317	0.51568186
0.18959574	0.7676217	-0.3298047	0.51579016
0.18950436	0.7675643	-0.32967696	0.5159906
0.18952525	0.76755357	-0.32966262	0.516008
0.18931182	0.76745874	-0.32951096	0.5163243
0.18920039	0.7674585	-0.32942444	0.5164207
0.18908931	0.7674373	-0.329331	0.51655227
0.1889133	0.7674773	-0.32917243	0.5166584
0.18865877	0.7675952	-0.32891113	0.5167428
0.18834005	0.7677665	-0.32857966	0.5168154
0.18801637	0.7679597	-0.32822004	0.51687455
0.18769546	0.76816475	-0.32785428	0.5169187
0.18744844	0.76834035	-0.3275549	0.5169371
0.18727836	0.7684741	-0.32733214	0.5169412
0.1871215	0.76859003	-0.32714337	0.51694494
0.18696405	0.7686856	-0.3269772	0.5169651
0.18677841	0.7687908	-0.32680437	0.51698506
0.18656506	0.7689261	-0.3265936	0.5169941
0.1863083	0.76911587	-0.32628283	0.51700056
0.18606271	0.76932365	-0.32595176	0.5169887
0.18562064	0.76963496	-0.3252437	0.5171303
0.18562886	0.7696542	-0.32523933	0.5171012
0.18543068	0.7698018	-0.3248938	0.51716983
0.18522368	0.7699436	-0.32457623	0.5172324
0.18501721	0.7700585	-0.3243277	0.517291
0.18482815	0.7701267	-0.324155	0.51736546
0.18464832	0.7701135	-0.32391515	0.5175995
0.18461122	0.770145	-0.32394135	0.5175496
0.18455887	0.7701447	-0.32377905	0.5176703
0.18450993	0.77014095	-0.3235836	0.5178153
0.18445961	0.77012515	-0.3233663	0.5179924
0.18440285	0.7701052	-0.3231898	0.51815265
0.18431276	0.77010393	-0.32300994	0.5182985
0.18417335	0.770141	-0.32279354	0.5184279
0.18417335	0.770141	-0.32279354	0.5184279
0.18377095	0.77037907	-0.3220072	0.5187059
0.18345262	0.77062345	-0.32134494	0.5188662
0.1832185	0.7707892	-0.32090905	0.5189723
0.1829218	0.7709423	-0.32040626	0.51916033
0.18260126	0.77103585	-0.31992024	0.5194338
0.18224457	0.771123	-0.31942394	0.5197353
0.18184759	0.7712094	-0.31891665	0.52005726
0.18142954	0.771296	-0.3184435	0.5203649
0.18096305	0.77141595	-0.31796554	0.52064174
0.18043981	0.77157027	-0.31746194	0.5209019
0.17988962	0.7717208	-0.31695268	0.5211793
0.1793149	0.77184236	-0.31638163	0.52154404
0.17871451	0.771961	-0.3158016	0.52192605
0.17810696	0.772087	-0.31524882	0.5222814
0.17749582	0.7722143	-0.31471485	0.52262306
0.17691953	0.7723482	-0.31421578	0.5229207
0.17638938	0.7724998	-0.31374475	0.52315897
0.17589912	0.77266914	-0.3133011	0.52333975
0.17543074	0.77285403	-0.31284687	0.5234957
0.1749687	0.77302516	-0.31236616	0.5236847
0.17452931	0.77315795	-0.3118906	0.5239184
0.17412464	0.77324384	-0.3114239	0.5242041
0.17372565	0.7733218	-0.3109268	0.5245163
0.17335376	0.773449	-0.3104447	0.52473724
0.17297937	0.7736465	-0.309931	0.52487355
0.17263208	0.773847	-0.30938995	0.5250113
0.17220598	0.77409726	-0.30880022	0.5251294
0.17187355	0.77428156	-0.3083182	0.52525
0.17142437	0.7745093	-0.30776352	0.5253863
0.17089358	0.7747857	-0.30721435	0.52547306
0.17028888	0.77510214	-0.30666357	0.52552426
0.16968015	0.77539986	-0.30610678	0.5256067
0.16969007	0.77535534	-0.30609736	0.52567464
0.16847652	0.7758366	-0.3049433	0.52602553
0.16800591	0.7759644	-0.3044715	0.52626085
0.16731581	0.7761464	-0.30384672	0.52657336
0.16678558	0.77628404	-0.30335844	0.52682
0.16614237	0.7765005	-0.30282003	0.52701384
0.1654886	0.77672964	-0.3022925	0.527185
0.16489838	0.77692646	-0.30176964	0.5273793
0.16388926	0.7771462	-0.3007538	0.52795
0.16387312	0.7771612	-0.30076557	0.52792627
0.16315241	0.777292	-0.3000668	0.52835435
0.16270208	0.77734905	-0.29969516	0.52862024
0.16230944	0.7773813	-0.29941207	0.528854
0.16190179	0.77737576	-0.29914832	0.52913624
0.16151282	0.7773455	-0.29892397	0.5294262
0.1611511	0.7773252	-0.2987162	0.5296834
0.16084857	0.7773353	-0.29848593	0.5298903
0.16059731	0.7773485	-0.2982125	0.5301012
0.16036755	0.77734685	-0.2978817	0.5303591
0.16018601	0.7773374	-0.2976285	0.53056985
0.15999475	0.77733153	-0.29735357	0.53079015
0.15979515	0.7773513	-0.29706556	0.5309827
0.15947309	0.7774193	-0.29666236	0.53120524
0.15945289	0.7773935	-0.29667398	0.5312426
0.15900722	0.77759457	-0.2960035	0.5314559
0.15873948	0.77771205	-0.29558986	0.5315942
0.1584537	0.77785087	-0.29515457	0.5317183
0.15811007	0.7780113	-0.2946576	0.5318615
0.1576843	0.77817297	-0.29413402	0.53204113
0.15716898	0.7783295	-0.29359698	0.53226125
0.15663749	0.77845925	-0.29310945	0.53249675
0.15602303	0.7786023	-0.2926143	0.53274024
0.15540789	0.778763	-0.2921447	0.532943
0.15478328	0.778947	-0.2916495	0.53312695
0.15422855	0.77913094	-0.29118553	0.53327256
0.15365854	0.7792996	-0.29062805	0.5334947
0.15304908	0.77946687	-0.290009	0.5337623
0.15249635	0.7795801	-0.28947103	0.5340472
0.1524741	0.7795837	-0.2894862	0.53403986
0.1518742	0.7796729	-0.28890213	0.53439677
0.1504544	0.7798821	-0.28755817	0.5352175
0.14969511	0.78003615	-0.28687617	0.53557175
0.1489496	0.7802425	-0.2861836	0.53584945
0.14820816	0.780489	-0.28548798	0.536067
0.1474814	0.7807596	-0.2848026	0.5362382
0.14677285	0.78101885	-0.28410128	0.5364271
0.1459348	0.78132915	-0.28326452	0.5366462
0.1459625	0.7813361	-0.2832465	0.536638
0.14497937	0.7817498	-0.28225216	0.5368258
0.14444804	0.78201103	-0.2817163	0.5368701
0.14391038	0.78227544	-0.28117955	0.53691065
0.14345025	0.7824889	-0.2807446	0.53695035
0.1430279	0.782645	-0.28035888	0.5370371
0.14249827	0.7827806	-0.27993587	0.5372009
0.14195839	0.7829009	-0.27949855	0.5373961
0.1414593	0.7829752	-0.27901536	0.53767043
0.14088975	0.783057	-0.27841783	0.5380106
0.14039254	0.78313035	-0.27790567	0.5382984
0.1397628	0.78323776	-0.2772583	0.5386399
0.1387558	0.7833794	-0.27635124	0.53916013
0.13749051	0.7834708	-0.27538761	0.53984416
0.1366103	0.78352094	-0.2747574	0.5403155
0.13593315	0.783587	-0.2742781	0.5406342
0.13524681	0.78373456	-0.2737467	0.5408615
0.1346769	0.7839397	-0.2732267	0.54096943
0.13414352	0.78417796	-0.27263588	0.5410547
0.13370392	0.78437865	-0.2720456	0.54116964
0.13324003	0.7845513	-0.27134722	0.5413844
0.1327571	0.7847007	-0.27063185	0.54164445
0.13224429	0.784855	-0.2699397	0.54189175
0.13162284	0.78504866	-0.2692014	0.5421297
0.13092871	0.78526855	-0.26847005	0.5423421
0.13033052	0.78544796	-0.2678823	0.5425169
0.12967707	0.78566223	-0.26725397	0.5426731
0.12898824	0.785894	-0.2665994	0.54282355
0.12838165	0.7860781	-0.26598176	0.5430038
0.12769483	0.7862568	-0.2652699	0.54325515
0.12616922	0.78672934	-0.26356286	0.54375833
0.12531415	0.78697336	-0.2626357	0.5440513
0.12443931	0.7872468	-0.2617229	0.5442964
0.123440444	0.78761935	-0.2607645	0.5444448
0.122744836	0.7878658	-0.26011503	0.54455596
0.122071795	0.7881057	-0.2594865	0.5446601
0.121381335	0.7883237	-0.25890797	0.54477423
0.120763645	0.78850645	-0.25843388	0.5448721
0.12012294	0.78869736	-0.2579432	0.5449699
0.119517624	0.7888785	-0.25750625	0.5450475
0.11891429	0.78906965	-0.25705278	0.5451168
0.11834802	0.7892498	-0.25657275	0.54520553
0.11746569	0.7895111	-0.2555627	0.5454921
0.117015496	0.7896338	-0.2550485	0.54565203
0.116503224	0.78974366	-0.25450993	0.54585403
0.11587165	0.78986114	-0.2539359	0.54608583
0.115020625	0.7900201	-0.25323787	0.5463598
0.11436419	0.79014033	-0.25278172	0.5465349
0.11350601	0.79034704	-0.25222018	0.54667455
0.11265075	0.79055446	-0.25167936	0.5468007
0.11178778	0.790728	-0.25114027	0.54697466
0.11089272	0.7908716	-0.2505572	0.5472167
0.10995058	0.79101765	-0.24987371	0.5475082
0.10898717	0.7911958	-0.24912454	0.5477846
0.10713468	0.7915834	-0.24759041	0.5482854
0.107126854	0.79157525	-0.2475948	0.54829675
0.10536026	0.7920811	-0.246053	0.5486026
0.10534882	0.7920924	-0.246062	0.5485843
0.104411855	0.7924353	-0.24516748	0.54866886
0.103708595	0.7926713	-0.2444543	0.54877937
0.103064954	0.79285926	-0.24377204	0.5489326
0.102302276	0.7930499	-0.24295974	0.54916
0.10165048	0.79320884	-0.24228387	0.54935
0.10084934	0.79336953	-0.24149555	0.54961264
0.10024156	0.79347354	-0.24089119	0.5498389
0.09952464	0.79354596	-0.24011299	0.550205
0.09884427	0.7936346	-0.23934364	0.5505349
0.09826133	0.79372	-0.23864575	0.55081904
0.09767351	0.79389876	-0.23794696	0.5509682
0.097162314	0.7941094	-0.23726612	0.5510486
0.09668627	0.7943444	-0.23653664	0.5511072
0.096364856	0.7945246	-0.23597045	0.55114645
0.096065514	0.79471356	-0.23534788	0.5511926
0.09580059	0.7948679	-0.23472647	0.55128115
0.095465966	0.7950085	-0.23415606	0.5513791
0.09492585	0.7951203	-0.23323573	0.55170095
0.09483825	0.7951462	-0.2332983	0.5516522
0.094087355	0.79512054	-0.23238659	0.55220246
0.09350217	0.79515344	-0.23176862	0.552514
0.09287261	0.79524875	-0.23113827	0.552747
0.092242464	0.7954015	-0.23048714	0.5529046
0.091517374	0.79559636	-0.22973034	0.5530597
0.08999925	0.795895	-0.22807884	0.5535624
0.08997771	0.7958843	-0.22809227	0.5535757
0.088186	0.79607695	-0.22620802	0.55435973
0.08815747	0.7960709	-0.22622679	0.5543653
0.08716654	0.79613155	-0.22525793	0.5548292
0.08713252	0.79611546	-0.22527926	0.5548489
0.08534338	0.79626703	-0.22348537	0.5556345
0.08441454	0.7964078	-0.22253655	0.55595523
0.08360134	0.79661113	-0.22165555	0.556139
0.08278181	0.79690415	-0.22072633	0.55621123
0.082011014	0.79719305	-0.2198728	0.55624944
0.081241146	0.7973077	-0.21908563	0.55650866
0.080521345	0.7974155	-0.21834952	0.5567481
0.07978028	0.79743546	-0.21758622	0.55712473
0.0789962	0.7974558	-0.21673487	0.5575391
0.07850995	0.79747856	-0.2161511	0.5578019
0.07800948	0.79751724	-0.21550554	0.55806637
0.07761692	0.79758084	-0.21485998	0.55827934
0.077229254	0.7976604	-0.21417224	0.5584834
0.07688125	0.79773164	-0.2135689	0.5586607
0.07650001	0.7978287	-0.21291326	0.55882484
0.076138884	0.79795146	-0.21231171	0.55892754
0.07577515	0.79808706	-0.21170427	0.5590138
0.07544033	0.79819906	-0.21110925	0.5591244
0.07509716	0.79826653	-0.21048765	0.55930847
0.07487473	0.798282	-0.21006663	0.5594744
0.07461716	0.79826784	-0.20955467	0.55972105
0.07439223	0.79821044	-0.20912334	0.5599941
0.074144036	0.7980978	-0.20871055	0.5603414
0.073876955	0.7979673	-0.20834151	0.56069964
0.07353471	0.7978304	-0.20792843	0.56109285
0.07329013	0.7977637	-0.20766488	0.5613173
0.07303781	0.79769576	-0.20736791	0.56155634
0.07282946	0.7976337	-0.20705295	0.5617876
0.07270004	0.7975941	-0.20677604	0.56196266
0.07261453	0.79753786	-0.2064782	0.5621631
0.07252064	0.79746383	-0.20612189	0.562411
0.0720989	0.7972645	-0.2052166	0.56307846
0.07175517	0.79711944	-0.20470072	0.56351525
0.07133052	0.7969678	-0.20414148	0.5639864
0.07084935	0.7968501	-0.20356096	0.5644229
0.07035469	0.7967544	-0.20301425	0.5648166
0.06990582	0.79661924	-0.20250936	0.5652443
0.06952397	0.79644656	-0.2020854	0.5656862
0.06918508	0.79624426	-0.20170355	0.56614876
0.0688305	0.7960135	-0.20129918	0.56666
0.068424895	0.7957746	-0.20082523	0.5672125
0.06804483	0.7956005	-0.20037188	0.5676628
0.06711168	0.7951276	-0.1992175	0.5688414
0.06710475	0.7951487	-0.19922508	0.5688101
0.06611476	0.7947533	-0.19784261	0.56996
0.065625936	0.79460394	-0.1971104	0.57047814
0.06512447	0.79440314	-0.19636172	0.5710732
0.06472536	0.79418325	-0.19580443	0.5716154
0.06430874	0.7938659	-0.19522679	0.57230043
0.063949406	0.79353344	-0.19468556	0.5729857
0.06364717	0.79320365	-0.1941744	0.5736491
0.063415796	0.7928952	-0.19369774	0.5742621
0.06325743	0.79263574	-0.19321086	0.5748014
0.063228674	0.79249996	-0.19285558	0.57511103
0.06329598	0.7924049	-0.19254524	0.5753387
0.0632972	0.79239124	-0.1925426	0.5753582
0.06351277	0.7922029	-0.19221035	0.57570475
0.06364043	0.7920051	-0.19192396	0.57605815
0.063673414	0.79181165	-0.19170825	0.5763921
0.063651636	0.79160094	-0.1914908	0.57675624
0.06356881	0.7913915	-0.19126162	0.57712865
0.063412644	0.7911731	-0.19104166	0.5775179
0.06340995	0.79110277	-0.1910346	0.5776171
0.06304459	0.790933	-0.19073994	0.5779868
0.063044645	0.7908718	-0.19073203	0.57807314
0.06267923	0.7907841	-0.19047159	0.57831866
0.062389493	0.79072165	-0.19018587	0.57852936
0.06204078	0.7906696	-0.18975501	0.5787796
0.06164798	0.7906358	-0.18920814	0.57904655
0.060896955	0.7905584	-0.18800959	0.5796217
0.060560584	0.79046965	-0.18745875	0.57995653
0.060235564	0.7903853	-0.18697016	0.58026296
0.059883542	0.7903174	-0.18651296	0.58053887
0.059531335	0.7902562	-0.18610805	0.58078825
0.05914709	0.7901694	-0.18567729	0.58108336
0.058766365	0.79007584	-0.18525735	0.5813832
0.058430884	0.7899785	-0.1848476	0.5816796
0.058190245	0.7898854	-0.18449597	0.5819417
0.058094487	0.78981125	-0.1842759	0.5821218
0.058140047	0.7896846	-0.18414932	0.58232886
0.058331415	0.7894953	-0.18412496	0.58257425
0.058751058	0.7891455	-0.18421125	0.5829783
0.058699895	0.78920466	-0.18425623	0.58288944
0.05934679	0.78864366	-0.18437053	0.58354676
0.05977735	0.7882837	-0.18444982	0.58396393
0.059719965	0.78831714	-0.18449607	0.58391005
0.060207833	0.78791773	-0.18459816	0.5843665
0.060815044	0.7874084	-0.18479823	0.58492666
0.061214887	0.786963	-0.18501654	0.5854151
0.061620265	0.78652173	-0.1852365	0.585896
0.0620176	0.7860109	-0.18544172	0.58647424
0.06238547	0.78552175	-0.18564385	0.5870264
0.062648736	0.7850293	-0.18579221	0.58761
0.06282829	0.78456676	-0.18588349	0.5881795
0.06295371	0.7841398	-0.1859125	0.588726
0.06321603	0.7835395	-0.18593062	0.58949095
0.06337503	0.78331107	-0.18596472	0.5897665
0.06359078	0.78305286	-0.1859883	0.5900788
0.06385777	0.7827412	-0.18597707	0.5904667
0.064147644	0.782402	-0.18592648	0.59090066
0.0646933	0.78167474	-0.18577524	0.59185034
0.064694434	0.78163224	-0.18576908	0.59190845
0.06490789	0.78124774	-0.18570153	0.5924136
0.06510028	0.7808425	-0.18567601	0.59293467
0.065277226	0.78045946	-0.18572181	0.5934049
0.06547838	0.780095	-0.18584101	0.5938245
0.065715574	0.7797165	-0.18601851	0.5942398
0.06595752	0.77935296	-0.18622208	0.594626
0.06618725	0.77900815	-0.18641546	0.59499145
0.06639555	0.7786367	-0.18657364	0.59540474
0.066580236	0.7782501	-0.18670163	0.5958494
0.06673062	0.7778846	-0.18678609	0.59628314
0.066821344	0.77753055	-0.1868109	0.59672683
0.06686742	0.7771705	-0.18671344	0.59722114
0.066839166	0.77687836	-0.18657461	0.5976474
0.066785745	0.7765378	-0.18634418	0.5981678
0.06671704	0.77617633	-0.18606448	0.5987313
0.066657506	0.7758445	-0.18578354	0.599255
0.066651985	0.77553385	-0.18558241	0.5997199
0.066713944	0.7752439	-0.18546277	0.6001249
0.06683999	0.7749932	-0.18539917	0.6004541
0.06701464	0.77476645	-0.18536852	0.60073674
0.06722216	0.77453274	-0.18534526	0.60102206
0.06748049	0.7742207	-0.18528792	0.60141265
0.067486845	0.77418786	-0.18527898	0.601457
0.06783705	0.77369225	-0.18517885	0.6020859
0.068035185	0.7733846	-0.18513197	0.60247296
0.068230145	0.7730505	-0.18510392	0.6028882
0.06842211	0.7726894	-0.18506795	0.6033402
0.068618745	0.7722835	-0.18502088	0.60385185
0.06882337	0.7718509	-0.18499932	0.60438794
0.06902187	0.77143097	-0.18500456	0.60489964
0.06922504	0.7709996	-0.18503524	0.60541683
0.06940347	0.7705472	-0.18509312	0.60595447
0.06950602	0.7702283	-0.18513373	0.6063354
0.069616504	0.7698256	-0.18517566	0.60682136
0.06972589	0.76941913	-0.18516979	0.6073258
0.06996402	0.76868534	-0.18498412	0.6082835
0.07012005	0.7683752	-0.18484725	0.6086987
0.07035512	0.7679854	-0.1846879	0.6092118
0.07054695	0.76766264	-0.18458755	0.6096266
0.070788264	0.7672743	-0.18450932	0.61011106
0.07076393	0.76722354	-0.18452224	0.6101739
0.07118004	0.76667243	-0.18453187	0.6108149
0.071653105	0.7661221	-0.18455312	0.61144346
0.071916506	0.7657686	-0.18455292	0.61185515
0.0721373	0.76539844	-0.1845146	0.61230373
0.07232291	0.76499206	-0.18442096	0.61281765
0.07245086	0.7645808	-0.18426605	0.61336213
0.0725259	0.7641786	-0.18404469	0.6139209
0.07254862	0.7638192	-0.1837802	0.6144442
0.07252591	0.7635056	-0.18345958	0.61493254
0.072463684	0.7631905	-0.18307328	0.6154457
0.0724001	0.7627038	-0.18238015	0.6162619
0.072402775	0.7624047	-0.18203954	0.61673224
0.07244281	0.76202583	-0.18168668	0.61729944
0.07251563	0.7616383	-0.18138419	0.617858
0.07262425	0.76116824	-0.18106787	0.61851674
0.07275625	0.7606933	-0.18076463	0.61917394
0.0728983	0.7602231	-0.18046945	0.61982054
0.07306966	0.75977314	-0.18016832	0.62043947
0.07329904	0.75935733	-0.17987089	0.6210074
0.073556975	0.75905925	-0.17967157	0.6213989
0.073865265	0.75874674	-0.1795345	0.6217835
0.07417818	0.75842416	-0.17945582	0.62216234
0.074471734	0.75807136	-0.17939237	0.62257546
0.07472742	0.7576602	-0.17931753	0.62306666
0.07491045	0.75719565	-0.17921315	0.6236392
0.07502167	0.75672954	-0.17903961	0.6242412
0.0750813	0.75625604	-0.17878242	0.6248811
0.07509169	0.7558609	-0.178489	0.6254417
0.07505983	0.7555014	-0.17822318	0.6259555
0.07501818	0.75513697	-0.17801991	0.62645775
0.07496026	0.75480384	-0.1778196	0.6269229
0.07487406	0.7545281	-0.17761841	0.62732214
0.074774124	0.7542745	-0.17740238	0.62770003
0.07467606	0.75401676	-0.17718652	0.6280822
0.074579775	0.7537225	-0.176943	0.62851524
0.07449377	0.75342757	-0.1766696	0.6289559
0.07810391	0.74845374	-0.17615405	0.6345759
0.07810391	0.74845374	-0.17615405	0.6345759
0.07810391	0.74845374	-0.17615405	0.6345759
0.07810391	0.74845374	-0.17615405	0.6345759
0.07810391	0.74845374	-0.17615405	0.6345759
0.07810391	0.74845374	-0.17615405	0.6345759
0.07810391	0.74845374	-0.17615405	0.6345759
0.07810391	0.74845374	-0.17615405	0.6345759
0.07810391	0.74845374	-0.17615405	0.6345759
0.07810391	0.74845374	-0.17615405	0.6345759
0.07810391	0.74845374	-0.17615405	0.6345759
0.07810391	0.74845374	-0.17615405	0.6345759
0.07810391	0.74845374	-0.17615405	0.6345759
0.07810391	0.74845374	-0.17615405	0.6345759
0.07810391	0.74845374	-0.17615405	0.6345759
0.07810391	0.74845374	-0.17615405	0.6345759
0.07810391	0.74845374	-0.17615405	0.6345759
0.07810391	0.74845374	-0.17615405	0.6345759
0.08096416	0.7458709	-0.17693487	0.6370365
0.08113953	0.7456616	-0.17690283	0.6372681
0.08131057	0.7454072	-0.17683661	0.63756216
0.08149648	0.74510443	-0.17675419	0.63791513
0.08170155	0.74479264	-0.17667513	0.63827485
0.08193456	0.74442065	-0.17660919	0.63869697
0.08215789	0.74400514	-0.17655355	0.6391677
0.082356974	0.7435705	-0.17649697	0.6396632
0.08252538	0.7431855	-0.17640759	0.64011353
0.082663774	0.7429258	-0.17628647	0.6404304
0.08277861	0.7427646	-0.17618005	0.6406318
0.08293471	0.74264	-0.17609802	0.64077866
0.0830837	0.74255824	-0.17607282	0.640861
0.08325407	0.7424715	-0.17604649	0.64094657
0.08339718	0.7423627	-0.17597595	0.6410734
0.08351086	0.7422027	-0.17585476	0.6412771
0.083590046	0.74198014	-0.1756929	0.64156866
0.08363863	0.7417035	-0.17550348	0.64193386
0.08368153	0.74139273	-0.17526717	0.6423516
0.083737575	0.7410823	-0.17500386	0.6427742
0.08381269	0.74082947	-0.17478977	0.64311415
0.08392706	0.74055654	-0.1746194	0.6434597
0.08406578	0.7402716	-0.17451528	0.6437976
0.084193535	0.7400236	-0.17448944	0.64407307
0.08434237	0.73977697	-0.17448154	0.6443389
0.08448779	0.73953456	-0.17447194	0.64460063
0.084573	0.73922515	-0.17450899	0.6449343
0.08466513	0.73891187	-0.17454042	0.6452726
0.08482025	0.7386286	-0.17460643	0.6455586
0.08504161	0.7383583	-0.17469433	0.64581484
0.08522881	0.7381813	-0.17474893	0.64597785
0.08547027	0.7379903	-0.17479263	0.6461523
0.08572702	0.7378199	-0.17482223	0.6463048
0.08600729	0.7376508	-0.17488661	0.6464432
0.08633097	0.73749816	-0.17499818	0.6465439
0.08667237	0.7373925	-0.17515083	0.64657754
0.08707033	0.7372646	-0.17534214	0.64661807
0.08746182	0.7371001	-0.1755809	0.6466879
0.08786412	0.7369521	-0.17587674	0.6467217
0.08830476	0.7367717	-0.17621896	0.6467741
0.088692755	0.73656625	-0.17652376	0.64687186
0.0890594	0.73634803	-0.17678146	0.64699954
0.08938553	0.73615116	-0.17695758	0.6471304
0.08970902	0.7359693	-0.17706966	0.64726186
0.09007324	0.73578274	-0.17716357	0.6473976
0.090438135	0.7355797	-0.1772497	0.6475539
0.09080807	0.73533374	-0.17735553	0.64775246
0.09117954	0.73508453	-0.17752644	0.6479363
0.091546014	0.7348338	-0.17778681	0.64809775
0.09196718	0.7345524	-0.17817512	0.64825034
0.092333466	0.7343208	-0.17860195	0.6483432
0.09279516	0.7341247	-0.17912474	0.6483551
0.09337779	0.73393923	-0.1797643	0.64830446
0.09390518	0.7337808	-0.18034557	0.6482461
0.09445219	0.7335739	-0.18094467	0.6482339
0.09499829	0.7332923	-0.1815314	0.6483087
0.09550902	0.73298156	-0.18209948	0.6484257
0.09599051	0.73268867	-0.18265915	0.6485283
0.09644106	0.73242235	-0.1832119	0.6486062
0.09736033	0.7320465	-0.18437728	0.64856297
0.09781356	0.7318095	-0.18500243	0.64858425
0.09825254	0.7315565	-0.18563683	0.6486221
0.09868222	0.7312817	-0.18631008	0.6486736
0.09905775	0.73104364	-0.18696539	0.64869624
0.09941924	0.7308602	-0.18759874	0.6486647
0.09978359	0.73072976	-0.18819408	0.6485833
0.100187495	0.7306576	-0.18876387	0.64843684
0.100670755	0.730617	-0.1893745	0.64822954
0.10118088	0.73059684	-0.1899766	0.64799666
0.10176917	0.7305818	-0.19065379	0.6477225
0.10240095	0.73050517	-0.19137566	0.6474964
0.10304802	0.7303559	-0.19210525	0.6473461
0.10362168	0.7301787	-0.1927608	0.64725965
0.10413353	0.72995156	-0.19333297	0.647263
0.10459065	0.7296828	-0.19383337	0.6473426
0.10499582	0.7294549	-0.19427834	0.64740056
0.10536811	0.7292903	-0.19467998	0.64740485
0.105725765	0.729187	-0.1950497	0.64735156
0.10644574	0.72924846	-0.19579141	0.64694023
0.106462054	0.72922087	-0.19577442	0.6469738
0.106864035	0.72930306	-0.19615509	0.64669955
0.10726338	0.7293679	-0.19651559	0.6464509
0.10765856	0.72943777	-0.19689357	0.6461912
0.108100556	0.7293654	-0.1972637	0.64608634
0.108551376	0.72926825	-0.19764954	0.64600235
0.10904651	0.7291234	-0.19808824	0.6459481
0.109547324	0.7289646	-0.19853261	0.6459062
0.1101198	0.72880375	-0.19907402	0.6458237
0.11063579	0.72866356	-0.19958709	0.6457353
0.11121511	0.72849977	-0.2002005	0.6456308
0.111728765	0.7283715	-0.20076433	0.64551175
0.112318866	0.7282096	-0.20145068	0.6453781
0.11273482	0.7280841	-0.20191994	0.64530057
0.11320711	0.72795564	-0.20242676	0.645204
0.11366378	0.7278454	-0.20290226	0.6450987
0.114118405	0.7277345	-0.20338452	0.64499164
0.11459849	0.7275941	-0.20388281	0.64490765
0.11510811	0.7274201	-0.20440094	0.6448492
0.1155422	0.727248	-0.20482236	0.64483184
0.11597267	0.72703123	-0.20520987	0.6448759
0.11639626	0.7267788	-0.20557797	0.64496684
0.11681447	0.7265763	-0.20594347	0.6450028
0.117125034	0.7264114	-0.20620812	0.6450476
0.117438994	0.7262574	-0.20652997	0.645061
0.11775321	0.7260935	-0.20696332	0.6450494
0.11834753	0.72599185	-0.20789406	0.64475566
0.11866261	0.72594374	-0.20831835	0.64461493
0.119086266	0.7259171	-0.20874159	0.6444298
0.11942757	0.7258951	-0.20908383	0.64428043
0.11981538	0.7258509	-0.20950945	0.64412004
0.12034149	0.7257298	-0.21014838	0.6439502
0.12034066	0.72571415	-0.21014756	0.64396834
0.12109999	0.72555393	-0.21129943	0.6436295
0.12150413	0.7254958	-0.21189973	0.6434214
0.121904045	0.7254611	-0.21244319	0.6432057
0.122291274	0.72541213	-0.21290012	0.6430363
0.12266295	0.72533745	-0.21329014	0.6429205
0.123254776	0.7251974	-0.21397144	0.642739
0.12347045	0.72510684	-0.21426632	0.64270145
0.123682	0.72500503	-0.21461934	0.6426578
0.123868585	0.7249111	-0.21491759	0.64262813
0.124131545	0.7248304	-0.2152859	0.64254516
0.124463856	0.7247513	-0.2156778	0.6424387
0.12478659	0.72478586	-0.2160656	0.64220667
0.12512685	0.72481656	-0.21644257	0.6419789
0.12547943	0.7248058	-0.21683031	0.6417914
0.12582149	0.72474605	-0.21720314	0.6416659
0.12616554	0.7246422	-0.21758269	0.6415869
0.12653846	0.724507	-0.2179963	0.6415258
0.12693402	0.72436744	-0.21840817	0.641465
0.12738194	0.72421575	-0.21885675	0.6413947
0.12789224	0.72406214	-0.21932612	0.6413062
0.12841548	0.7239235	-0.21981479	0.6411908
0.12901701	0.7237795	-0.22041422	0.64102685
0.12959574	0.7236431	-0.22100459	0.6408608
0.13015333	0.7235092	-0.2216782	0.6406664
0.13074979	0.7233528	-0.22242744	0.6404618
0.13135387	0.7231615	-0.22320686	0.64028305
0.13190222	0.7229589	-0.22393478	0.6401449
0.13246672	0.72272915	-0.22470774	0.6400169
0.13287783	0.7225511	-0.22525811	0.63993925
0.13332364	0.7223668	-0.22584336	0.63984835
0.1337692	0.7222033	-0.22639567	0.63974464
0.13425095	0.722061	-0.22693442	0.63961357
0.13475698	0.72194606	-0.22745146	0.6394532
0.1352826	0.72184646	-0.22797304	0.63926876
0.13579813	0.7217626	-0.22847797	0.63907397
0.1363499	0.72169036	-0.22901577	0.63884556
0.13684918	0.72159237	-0.22952159	0.6386678
0.13791229	0.72121793	-0.23068605	0.6384426
0.13846007	0.72098225	-0.23129472	0.63837
0.13907848	0.72072726	-0.23197632	0.6382761
0.13983576	0.7204548	-0.23281394	0.6381134
0.1404896	0.7202389	-0.23352271	0.63795435
0.14129733	0.72000545	-0.23437642	0.6377264
0.14203782	0.71978974	-0.23514389	0.6375228
0.14273565	0.7195848	-0.23586248	0.6373328
0.14340226	0.71938676	-0.23659438	0.63713545
0.14405057	0.71918213	-0.23733246	0.63694566
0.14464	0.719003	-0.23799019	0.6367689
0.14525037	0.71883494	-0.23865555	0.63657075
0.14583729	0.71871036	-0.23927669	0.63634396
0.14647453	0.7186069	-0.23994417	0.63606304
0.1471023	0.71847045	-0.24060658	0.63582194
0.14820574	0.7182125	-0.24183883	0.6353895
0.1486982	0.718084	-0.24241617	0.6351998
0.14922972	0.7179283	-0.24300206	0.6350272
0.14976634	0.7177697	-0.24353582	0.6348756
0.1502629	0.717668	-0.2439802	0.63470256
0.15078968	0.71761405	-0.24441792	0.63447016
0.15133357	0.7175912	-0.2448576	0.63419694
0.15183975	0.71757615	-0.2452808	0.63392943
0.15232848	0.7175464	-0.24570614	0.63368106
0.15279609	0.71749145	-0.24612747	0.63346726
0.1532537	0.71738565	-0.2465242	0.6333222
0.15369675	0.71724993	-0.24687642	0.63323134
0.15415573	0.7171175	-0.24719398	0.63314587
0.15462829	0.71701765	-0.24747086	0.6330356
0.15516166	0.7169471	-0.24774885	0.6328762
0.15571895	0.71689904	-0.24804707	0.63267684
0.15628965	0.7168785	-0.24838036	0.63242865
0.15708472	0.7169461	-0.24880512	0.63198787
0.15707624	0.7169395	-0.24881183	0.6319949
0.15812764	0.7170567	-0.24928556	0.6314128
0.15876195	0.71712106	-0.24951239	0.6310909
0.15941991	0.7171579	-0.24970631	0.6308064
0.16004036	0.71715206	-0.24987932	0.6305873
0.16072111	0.7171108	-0.2500897	0.63037765
0.16128139	0.7170779	-0.25027588	0.6301981
0.1619074	0.7170242	-0.25055423	0.6299881
0.16260418	0.71700007	-0.2509183	0.629691
0.16331942	0.7169973	-0.25132394	0.62934726
0.16409683	0.7169877	-0.25181797	0.62895834
0.16487306	0.7169573	-0.25237232	0.6285678
0.16576113	0.7169033	-0.25309205	0.6281061
0.1664377	0.7168221	-0.25367844	0.62778336
0.16730393	0.716637	-0.25448245	0.62743884
0.16811804	0.71643	-0.25526172	0.62714106
0.16903795	0.716166	-0.25612274	0.62684417
0.16991034	0.715914	-0.2569301	0.62656564
0.1708607	0.7156369	-0.2578136	0.6262608
0.1717761	0.71536434	-0.25867212	0.6259678
0.17269778	0.7150997	-0.25952116	0.625665
0.17356458	0.71487033	-0.26039407	0.6253244
0.17436193	0.71469337	-0.26123145	0.62495565
0.17508593	0.71455866	-0.26199374	0.62458795
0.17577013	0.7144219	-0.2627142	0.62424946
0.17648377	0.7142605	-0.26347482	0.6239123
0.17717512	0.71409065	-0.26421946	0.62359583
0.17790926	0.7139152	-0.26503393	0.6232419
0.17860475	0.7137338	-0.26582715	0.6229129
0.17932954	0.71349746	-0.2666851	0.6226086
0.17991288	0.7132864	-0.26737753	0.6223851
0.18044913	0.71313655	-0.26802894	0.6221212
0.18090025	0.71307707	-0.26856837	0.6218258
0.18127695	0.7130703	-0.26900414	0.62153536
0.18164963	0.7130804	-0.26942274	0.6212336
0.18203093	0.71306306	-0.26983276	0.6209639
0.18240929	0.71303296	-0.2702407	0.62070996
0.18279952	0.7129355	-0.27067155	0.62051934
0.18321905	0.71278447	-0.27112123	0.62037283
0.18359509	0.71263725	-0.2715674	0.6202356
0.18394984	0.7125176	-0.27200317	0.62007695
0.18430555	0.7124463	-0.27243447	0.61986387
0.18467054	0.71242666	-0.2728264	0.61960536
0.18509254	0.7124492	-0.27322492	0.6192779
0.18552208	0.7124991	-0.2736211	0.61891687
0.18598084	0.71254086	-0.273956	0.6185829
0.18645482	0.7125515	-0.27425238	0.6182966
0.18690942	0.7125579	-0.2745186	0.6180337
0.18734837	0.7125548	-0.27477342	0.6177912
0.18775679	0.71253234	-0.2750312	0.61757827
0.18814214	0.71249545	-0.2752969	0.6173852
0.1885066	0.71245795	-0.2755939	0.6171848
0.18889707	0.7124161	-0.27595875	0.6169506
0.18933293	0.7123715	-0.27637622	0.6166815
0.18981428	0.7123209	-0.27681908	0.6163933
0.19037583	0.7122278	-0.2772972	0.6161127
0.19086312	0.71213514	-0.2776712	0.6159007
0.19135214	0.7120225	-0.27801034	0.61572605
0.19177237	0.71190023	-0.27827853	0.61561555
0.19216813	0.7117493	-0.2785267	0.61555445
0.1925026	0.71160036	-0.27874184	0.61552477
0.1928621	0.7114215	-0.2789835	0.6155095
0.19324286	0.7112385	-0.27922973	0.6154899
0.19370809	0.7110645	-0.2794671	0.61543685
0.19416612	0.7109963	-0.27971873	0.615257
0.19476579	0.7109172	-0.280058	0.6150046
0.19480099	0.7109731	-0.28003207	0.61494064
0.19534461	0.71088046	-0.28033996	0.6147348
0.19538327	0.7109148	-0.2803096	0.61469674
0.19625701	0.7105698	-0.28081828	0.6145851
0.1965705	0.71038365	-0.2810045	0.61461496
0.1968796	0.71011055	-0.28126144	0.6147141
0.19708672	0.70990014	-0.28145978	0.61480004
0.19732478	0.7096708	-0.2817167	0.6148707
0.1975909	0.70947707	-0.28200552	0.6148764
0.19786173	0.7093507	-0.28228366	0.6148075
0.19812906	0.70925057	-0.28258157	0.6147001
0.19840077	0.7091148	-0.2828972	0.614624
0.19866703	0.7089488	-0.28321204	0.6145844
0.19891344	0.7087572	-0.28352347	0.61458206
0.19915015	0.7085409	-0.28380075	0.6146269
0.1994129	0.70830935	-0.28409487	0.6146726
0.199699	0.70810395	-0.28438818	0.61468077
0.19998495	0.7079716	-0.2846576	0.6146157
0.20031309	0.70788866	-0.28492102	0.6144823
0.20070064	0.70781946	-0.28517807	0.6143162
0.20101477	0.7077502	-0.28535503	0.6142111
0.20136188	0.7076709	-0.28559119	0.61407894
0.20168911	0.7076423	-0.28592166	0.6138508
0.20210922	0.70762044	-0.28648427	0.6134753
0.20240584	0.7075892	-0.28686705	0.61323464
0.20276946	0.7075535	-0.2873676	0.61292124
0.20316204	0.7074786	-0.2878765	0.61263895
0.20360449	0.70729715	-0.2884499	0.6124317
0.20402338	0.70707405	-0.28905565	0.61226434
0.20439121	0.7068814	-0.2896203	0.61209726
0.20480137	0.7067133	-0.29022825	0.6118662
0.20521657	0.70659864	-0.2908141	0.6115813
0.2056981	0.706509	-0.29142767	0.611231
0.20624681	0.70642966	-0.29206136	0.6108351
0.20685476	0.70634735	-0.2927263	0.6104062
0.20751332	0.7062055	-0.29343468	0.61000675
0.20814636	0.7060004	-0.29416588	0.60967624
0.20873937	0.70575595	-0.29489505	0.6094042
0.20923343	0.70550317	-0.29557317	0.60919887
0.20964985	0.70528626	-0.29619777	0.6090035
0.21004558	0.70510036	-0.29682648	0.60877615
0.21047132	0.7049489	-0.2974694	0.60849065
0.2109427	0.704857	-0.29813585	0.6081076
0.21148258	0.7048117	-0.29884365	0.60762507
0.21206203	0.70478624	-0.29957926	0.60709006
0.21270375	0.70472294	-0.3004034	0.60653156
0.21332099	0.70458853	-0.3012058	0.60607284
0.21397056	0.70439076	-0.3020685	0.6056442
0.2151121	0.7039176	-0.30375862	0.60494417
0.2150975	0.7039049	-0.30377007	0.6049584
0.21560298	0.7036205	-0.30462044	0.60468173
0.21608342	0.7033569	-0.30536065	0.6044435
0.21664035	0.70315254	-0.30594358	0.6041871
0.217236	0.7030221	-0.3064999	0.6038429
0.21779932	0.7029349	-0.30698445	0.60349536
0.21844523	0.7028225	-0.3075274	0.60311615
0.21906713	0.7026774	-0.30807835	0.60277843
0.21966115	0.70250046	-0.3086848	0.6024581
0.2201985	0.7023041	-0.30932406	0.60216296
0.2207575	0.7020924	-0.31005067	0.6018314
0.2212988	0.7018795	-0.31072813	0.60153145
0.22181483	0.7017	-0.31131512	0.60124725
0.222322	0.7015835	-0.31180662	0.600941
0.22287837	0.70151925	-0.31222436	0.60059303
0.22345254	0.7014882	-0.31256574	0.6002382
0.22404242	0.7014943	-0.3128436	0.59986645
0.22461073	0.70153534	-0.3130746	0.5994853
0.22517268	0.70158255	-0.31331545	0.5990932
0.22571605	0.7015846	-0.3136282	0.59872264
0.22621274	0.7014768	-0.31412306	0.59840184
0.22669463	0.70134413	-0.31458122	0.59813434
0.22718155	0.70117587	-0.31510267	0.59787226
0.22768909	0.70099896	-0.3156738	0.5975853
0.22816688	0.7008586	-0.31620634	0.59728616
0.22861427	0.70073366	-0.31669384	0.5970033
0.22905041	0.7005933	-0.31716493	0.59675074
0.22946037	0.70043993	-0.31760263	0.5965404
0.23017137	0.700106	-0.31843996	0.596212
0.23053999	0.69990283	-0.31896743	0.59602624
0.23085327	0.6997432	-0.31939387	0.59586394
0.23121169	0.69954264	-0.3199182	0.59567916
0.23158704	0.6993251	-0.320517	0.5954668
0.23204416	0.6990727	-0.32117584	0.59523016
0.23248106	0.69884604	-0.3217167	0.59503376
0.23301768	0.6985753	-0.3222869	0.5948331
0.23361664	0.69829476	-0.32283726	0.5946291
0.23420058	0.69803214	-0.32333165	0.5944392
0.23484176	0.69771415	-0.3238781	0.59426206
0.2354349	0.69739026	-0.32439286	0.59412676
0.23604241	0.69701505	-0.32495445	0.594019
0.2366159	0.69664997	-0.32552218	0.5939083
0.23717314	0.696302	-0.32613328	0.5937588
0.2376965	0.6959916	-0.32673138	0.5935847
0.23822597	0.69569975	-0.32734138	0.5933783
0.23875578	0.69543153	-0.3279183	0.5931612
0.23927996	0.6951874	-0.32847208	0.59292984
0.23977153	0.6949596	-0.32902876	0.5926896
0.2402117	0.6947301	-0.3296051	0.5924601
0.24063675	0.6944676	-0.33022547	0.5922498
0.2410142	0.69418836	-0.33081427	0.5920952
0.24139322	0.69387007	-0.3314271	0.59197116
0.24186863	0.6935339	-0.33234093	0.5916586
0.24190764	0.69353485	-0.3323085	0.5916597
0.24248073	0.693228	-0.33340845	0.5911658
0.24283242	0.6930848	-0.33401334	0.5908477
0.2431981	0.6929259	-0.33464018	0.5905289
0.243556	0.69274807	-0.33527595	0.5902294
0.24392816	0.6925224	-0.3359354	0.58996546
0.24438225	0.6922002	-0.33672276	0.58970684
0.24486926	0.6918535	-0.3375225	0.5894543
0.24537939	0.691509	-0.33831736	0.58919066
0.24595225	0.6911687	-0.33913782	0.58887935
0.24655266	0.6908641	-0.33995858	0.5885125
0.24713697	0.6906012	-0.34076533	0.5881092
0.24776495	0.69030535	-0.3416879	0.58765674
0.24829958	0.6900303	-0.34252247	0.5872683
0.24883103	0.68971914	-0.3434472	0.58686864
0.24930385	0.68943995	-0.34432155	0.5864835
0.24970564	0.68922615	-0.3450529	0.58613384
0.2501168	0.6890272	-0.3458143	0.5857437
0.25052848	0.68881863	-0.34654146	0.5853832
0.25103635	0.6885473	-0.34733087	0.58501685
0.25155506	0.6882555	-0.34805986	0.58470404
0.2521787	0.68789846	-0.34886825	0.5843737
0.25276783	0.6875719	-0.34957507	0.58408093
0.25336072	0.6872566	-0.35025054	0.5837905
0.25393423	0.68696654	-0.3509092	0.58348715
0.2544424	0.6867339	-0.35153425	0.5831632
0.25485912	0.6865048	-0.3521272	0.5828933
0.2552648	0.6862608	-0.35279357	0.5826
0.2556473	0.686018	-0.35351256	0.58228225
0.2560488	0.68574226	-0.3542554	0.58197916
0.25665072	0.68539095	-0.3552051	0.5815488
0.25664932	0.68538773	-0.355206	0.5815527
0.25757512	0.6848279	-0.35655004	0.58098006
0.25814974	0.68443215	-0.3573456	0.58070254
0.25875613	0.6839856	-0.35814145	0.58046854
0.2593421	0.6835664	-0.3588861	0.58024085
0.25982967	0.68323785	-0.3595139	0.5800211
0.26032585	0.68291765	-0.36012366	0.57979727
0.26078486	0.6826363	-0.36066458	0.57958615
0.26129445	0.68234426	-0.36128727	0.57931256
0.26187637	0.6819926	-0.36205965	0.5789816
0.26188985	0.68196344	-0.36204675	0.579018
0.2624677	0.6814774	-0.36290154	0.5787934
0.26305804	0.6809034	-0.3637906	0.57864285
0.26350218	0.6804546	-0.36445013	0.5785537
0.26394182	0.6800264	-0.36507937	0.57845986
0.26444745	0.67960095	-0.36574683	0.5783074
0.26497993	0.67923576	-0.3663929	0.5780837
0.26554912	0.67889714	-0.36704484	0.57780665
0.26616493	0.6785537	-0.36775708	0.5774737
0.26677093	0.6782202	-0.36847672	0.5771269
0.26734832	0.6778675	-0.3692039	0.57680947
0.26783696	0.67751986	-0.36984244	0.5765821
0.2682563	0.67713404	-0.37042734	0.5764649
0.26861265	0.6767771	-0.37088528	0.57642365
0.26901942	0.6763328	-0.37138665	0.57643265
0.26940814	0.6759474	-0.371825	0.5764204
0.26985073	0.67552334	-0.37230164	0.5764029
0.27034262	0.67511785	-0.3728136	0.57631665
0.27086243	0.6747466	-0.37334213	0.57616526
0.2714296	0.67446005	-0.37394696	0.57584137
0.27197352	0.67419285	-0.37452883	0.57551944
0.2725141	0.67392737	-0.37508863	0.5752099
0.27299735	0.67364454	-0.3756605	0.57493895
0.27345237	0.67331964	-0.37617886	0.5747643
0.27391088	0.67296207	-0.37668464	0.5746335
0.27449214	0.672494	-0.37731418	0.5744911
0.27447805	0.67250717	-0.37732664	0.5744741
0.27546206	0.67191565	-0.37811574	0.57417643
0.27604315	0.6716485	-0.37859228	0.5738958
0.27663213	0.6714204	-0.3790821	0.5735557
0.27712178	0.6712446	-0.3795205	0.573235
0.27758765	0.6710773	-0.37998393	0.57289845
0.27801567	0.67090046	-0.3804613	0.57258105
0.2784159	0.6707021	-0.3809477	0.57229555
0.27877644	0.6704984	-0.3814165	0.57204646
0.27913272	0.67027426	-0.38184744	0.5718479
0.27991563	0.6698358	-0.38259113	0.57148165
0.28030795	0.6696727	-0.38289872	0.5712745
0.28075367	0.66951144	-0.3832655	0.57099855
0.2811204	0.66937363	-0.3836068	0.5707506
0.2815722	0.66921246	-0.3840637	0.5704094
0.2820326	0.66901714	-0.38462144	0.57003516
0.28252053	0.66878706	-0.38523847	0.56964666
0.28298414	0.66854584	-0.3858337	0.56929666
0.28343752	0.6683068	-0.38642952	0.5689476
0.2838562	0.66809416	-0.38699356	0.5686052
0.28425336	0.6678953	-0.38754183	0.56826687
0.2846347	0.6676839	-0.3880755	0.5679601
0.28502783	0.6674299	-0.38864845	0.5676697
0.28546098	0.66715515	-0.3892845	0.567339
0.2854395	0.66712594	-0.38930044	0.5673734
0.2865429	0.6664638	-0.39075944	0.56659174
0.2871906	0.6660516	-0.39161703	0.56615627
0.28781015	0.665664	-0.39242437	0.5657384
0.28836846	0.66533774	-0.39314744	0.56533563
0.2888562	0.66508126	-0.39379117	0.5649403
0.28930596	0.664868	-0.39440167	0.5645352
0.28983194	0.6646205	-0.39516547	0.5640224
0.28987703	0.6646169	-0.3951282	0.5640297
0.2906144	0.6642146	-0.3960578	0.5634718
0.29109135	0.66391295	-0.3965705	0.5632204
0.29161108	0.6635637	-0.39710593	0.56298584
0.29215035	0.6631994	-0.3976605	0.5627441
0.29267973	0.6628322	-0.39824814	0.56248593
0.29321566	0.6624607	-0.3988814	0.5621958
0.29374552	0.6621064	-0.39950585	0.5618931
0.29428163	0.6617746	-0.4001296	0.56155956
0.2949024	0.6613972	-0.40084276	0.5611696
0.29540458	0.66110027	-0.4013926	0.5608623
0.2960019	0.6607377	-0.40205625	0.5604993
0.2966392	0.66034794	-0.40273318	0.56013554
0.29669708	0.66034037	-0.4026852	0.5601483
0.29797277	0.65960616	-0.40409964	0.5593169
0.29865506	0.6592627	-0.4048003	0.55885124
0.29984725	0.65864915	-0.40627873	0.5578625
0.3003955	0.65834355	-0.40694427	0.5574431
0.3008856	0.6579838	-0.40757978	0.5571391
0.30134857	0.65755594	-0.4081721	0.5569604
0.30179143	0.657103	-0.40880057	0.5567941
0.30223858	0.6566415	-0.40943947	0.5566266
0.30275068	0.6561636	-0.41011143	0.5564172
0.30328625	0.6556722	-0.41080296	0.55619466
0.30385122	0.6551854	-0.41149893	0.5559453
0.30438828	0.6547528	-0.412129	0.5556944
0.30492115	0.6543381	-0.4127391	0.5554378
0.3053965	0.65396553	-0.41330132	0.55519736
0.3058923	0.65358555	-0.41389734	0.5549277
0.30624235	0.65329	-0.41437012	0.5547298
0.30657893	0.6529688	-0.4148703	0.5545482
0.30693555	0.6526273	-0.41537622	0.5543742
0.30734843	0.6522402	-0.41587698	0.5542256
0.3078076	0.65181386	-0.41638464	0.55409133
0.3087452	0.65102804	-0.4174523	0.5536899
0.30880243	0.651026	-0.4174052	0.55369586
0.30929315	0.6506568	-0.41795856	0.5534385
0.3098167	0.6502233	-0.41856205	0.553199
0.31036773	0.6497095	-0.4194096	0.55285174
0.31042197	0.64968324	-0.41936344	0.5528872
0.31113696	0.6490444	-0.4204899	0.5523798
0.31158352	0.6486924	-0.42117572	0.5520189
0.31202808	0.6484031	-0.42180893	0.5516242
0.31252834	0.6480888	-0.4224666	0.55120677
0.31300506	0.6477789	-0.42304328	0.5508582
0.31346563	0.64747393	-0.4235918	0.5505333
0.31384277	0.6472026	-0.4240738	0.5502662
0.3141537	0.64696103	-0.42453352	0.5500185
0.31445676	0.6467247	-0.42501608	0.5497503
0.31476057	0.6465085	-0.4254772	0.5494741
0.31510776	0.6462953	-0.4259548	0.54915583
0.3154842	0.6461161	-0.4264259	0.54878473
0.31549722	0.646122	-0.42641556	0.5487783
0.3162069	0.6458862	-0.4273046	0.54795533
0.31656504	0.64576054	-0.42774042	0.54755646
0.31687906	0.64562285	-0.4281872	0.5471878
0.31721026	0.64541835	-0.42862666	0.546893
0.31754655	0.6451855	-0.42908832	0.5466107
0.3178766	0.64495736	-0.42954955	0.54632574
0.31821945	0.644726	-0.43002003	0.546029
0.31857967	0.64449227	-0.4304423	0.545762
0.318963	0.6442566	-0.43081975	0.5455186
0.31931588	0.6440385	-0.43113086	0.5453238
0.3196449	0.6438173	-0.43145463	0.54513603
0.31990936	0.64363074	-0.43181586	0.5449151
0.32014593	0.643461	-0.43224633	0.5446355
0.32038915	0.64325875	-0.43276295	0.5443208
0.3206792	0.64299756	-0.43333277	0.54400533
0.32120603	0.6425393	-0.4340799	0.5436402
0.32122213	0.6425441	-0.43406707	0.5436353
0.3217362	0.64214504	-0.4346186	0.543362
0.32208154	0.641918	-0.43490857	0.5431937
0.3223988	0.6417459	-0.43514165	0.54302204
0.32265064	0.64161867	-0.43535945	0.54284817
0.32283616	0.6415409	-0.43562517	0.54261667
0.32297674	0.64147514	-0.4359021	0.54238826
0.3230732	0.6414275	-0.43617234	0.54216987
0.32314694	0.64138144	-0.43641105	0.54198843
0.32323107	0.64131784	-0.43661135	0.54185206
0.32332653	0.6412476	-0.4367582	0.5417599
0.3234428	0.6411942	-0.43686372	0.5416686
0.32358745	0.64114755	-0.4369602	0.5415597
0.3237562	0.6411127	-0.43710518	0.5413831
0.3239446	0.6410876	-0.4373146	0.5411309
0.324157	0.64104694	-0.4375686	0.54084647
0.32439634	0.6409925	-0.4378451	0.5405435
0.32458976	0.6409147	-0.43813857	0.54028183
0.3247625	0.64083827	-0.43842345	0.54003763
0.3249304	0.64078605	-0.4386695	0.5397987
0.32511	0.6407386	-0.43891895	0.53954405
0.32530284	0.64067525	-0.43917352	0.53929585
0.32552075	0.64061046	-0.43947718	0.5389939
0.32576868	0.64056736	-0.43981528	0.53861934
0.32602453	0.6405653	-0.44018558	0.53816426
0.3262537	0.64061004	-0.44054487	0.53767794
0.32647708	0.6406115	-0.44089344	0.5372548
0.32667303	0.64063287	-0.44120893	0.53685105
0.3268297	0.6406649	-0.44150367	0.5364749
0.32698083	0.6406982	-0.44180724	0.53609306
0.32722688	0.64072484	-0.44228464	0.53551704
0.32740688	0.64076287	-0.4425878	0.5351111
0.3276818	0.64084727	-0.4430271	0.5344777
0.3279303	0.64099884	-0.4434779	0.5337692
0.32816938	0.641141	-0.44387674	0.5331196
0.3283589	0.6413258	-0.44428632	0.5324391
0.3285145	0.64147747	-0.44464463	0.53186107
0.3286162	0.6416561	-0.4449931	0.531291
0.32867506	0.6418678	-0.44527885	0.53075904
0.32872683	0.6421491	-0.44559753	0.530119
0.32875788	0.64210325	-0.44557035	0.5301781
0.3288933	0.64244604	-0.4460216	0.5292986
0.32902434	0.6425589	-0.44628677	0.5288566
0.32918966	0.64256793	-0.44654733	0.52852255
0.32939014	0.6424996	-0.44684976	0.52822506
0.32956848	0.64244086	-0.4471782	0.52790725
0.32969338	0.64247394	-0.4475554	0.5274693
0.32975933	0.64261645	-0.4479904	0.5268848
0.32979968	0.64282864	-0.4484599	0.5262008
0.3298482	0.6430878	-0.4489019	0.5254764
0.32989138	0.6434385	-0.44933963	0.52464503
0.32991403	0.6438572	-0.44971788	0.52379256
0.32992864	0.64430285	-0.450056	0.5229442
0.32995924	0.6447271	-0.45038453	0.52211845
0.3299766	0.64513165	-0.4507001	0.5213349
0.32997552	0.64548117	-0.45098582	0.52065533
0.32995933	0.64578056	-0.45127946	0.52003956
0.32989454	0.6460621	-0.45159552	0.5194563
0.32980117	0.6463618	-0.45193398	0.5188481
0.32970974	0.6466657	-0.45230123	0.5182072
0.32962948	0.6469779	-0.4527159	0.5175059
0.32955873	0.64733267	-0.4531363	0.5167388
0.32949865	0.6476858	-0.45352495	0.51599306
0.3293924	0.64807886	-0.4538949	0.5152415
0.32928488	0.6484361	-0.45422292	0.5145714
0.3291552	0.6488337	-0.45453647	0.51387584
0.32899237	0.6493293	-0.4548108	0.5131107
0.32878098	0.6499657	-0.45502865	0.51224667
0.3285574	0.65068924	-0.4551879	0.51132923
0.32837263	0.6513885	-0.45531452	0.51044416
0.32821384	0.6520936	-0.4554369	0.50953597
0.32811177	0.6526214	-0.45549908	0.50887
0.3279733	0.65319693	-0.45555618	0.50816923
0.32782915	0.65374583	-0.45565033	0.5074714
0.32770273	0.6542421	-0.45583043	0.5067513
0.32760295	0.6547079	-0.4560855	0.5059841
0.32751474	0.6551952	-0.45642373	0.5051047
0.32743952	0.65569407	-0.45679572	0.5041689
0.32738325	0.6561529	-0.45711672	0.50331706
0.32733306	0.6566581	-0.45745313	0.50238407
0.327307	0.657044	-0.4576546	0.50171274
0.32724732	0.6574745	-0.4577949	0.5010591
0.32712042	0.6579592	-0.45782322	0.5004795
0.32690954	0.6585483	-0.45775884	0.49990118
0.32666603	0.65912056	-0.45768377	0.49937463
0.32645625	0.65964806	-0.45764366	0.49885178
0.32630125	0.660115	-0.4576998	0.49828368
0.32622144	0.6604892	-0.4578724	0.49768108
0.32611704	0.66091985	-0.45820168	0.49687424
0.32605922	0.6613259	-0.4585522	0.49604785
0.3259831	0.6617565	-0.4589315	0.49517184
0.32585657	0.662215	-0.4592671	0.49433047
0.32573122	0.66260266	-0.45947793	0.4936972
0.32556984	0.66299736	-0.4596574	0.49310642
0.32539308	0.66331375	-0.45983928	0.4926279
0.32525003	0.6635696	-0.46000648	0.49222133
0.32506928	0.6637955	-0.46028802	0.49177295
0.32490623	0.6640139	-0.4606229	0.49127194
0.32473975	0.6642637	-0.46105585	0.4906377
0.3245605	0.66455156	-0.46158153	0.4898717
0.3243981	0.66481483	-0.46204206	0.48918748
0.32422256	0.6650706	-0.46245837	0.48856232
0.3240099	0.6653491	-0.4628267	0.48797506
0.32375503	0.66565144	-0.463157	0.48741832
0.32349777	0.6659219	-0.46348014	0.48691222
0.32323512	0.66618	-0.4638747	0.4863574
0.32297888	0.6664288	-0.46434268	0.4857398
0.32273328	0.6666644	-0.46479556	0.4851464
0.32245854	0.66695005	-0.46517807	0.48456946
0.32213256	0.66730976	-0.46546566	0.48401448
0.3217755	0.6677212	-0.46564764	0.48350927
0.32140842	0.6681555	-0.46574995	0.48305485
0.32098827	0.66862994	-0.4658149	0.48261487
0.32053015	0.66910905	-0.46593803	0.4821363
0.32016715	0.66947174	-0.46604443	0.48177102
0.319764	0.66987926	-0.4661941	0.48132718
0.31936854	0.67034286	-0.46635512	0.4807881
0.31905022	0.6707942	-0.46648017	0.48024842
0.31881103	0.67123085	-0.4665577	0.4797215
0.31859136	0.67169994	-0.46660888	0.47916073
0.31842366	0.67207474	-0.46665597	0.47870064
0.31826138	0.6723973	-0.46672484	0.47828802
0.31809536	0.6726671	-0.46683788	0.47790882
0.31791937	0.6728828	-0.46700072	0.47756302
0.31774879	0.67304677	-0.46718636	0.4772638
0.3175926	0.6732045	-0.46738347	0.47695217
0.31742474	0.6734105	-0.46760327	0.47655755
0.31726718	0.67365295	-0.4677902	0.4761362
0.3171073	0.6739581	-0.46797743	0.4756266
0.31694785	0.6742936	-0.46813843	0.4750987
0.31676474	0.6746868	-0.4682482	0.47455403
0.31639308	0.6755072	-0.4682759	0.47360668
0.3163648	0.6755256	-0.46829575	0.47357947
0.31609258	0.6759978	-0.4682697	0.47311306
0.31582105	0.67638206	-0.4682427	0.47277182
0.3155471	0.6767428	-0.4682047	0.47247607
0.31526875	0.67711115	-0.46813458	0.47220352
0.31497133	0.6775134	-0.4680545	0.47190434
0.31468156	0.6779599	-0.46797872	0.47153136
0.3144093	0.6784778	-0.46795255	0.47099385
0.31413114	0.6790121	-0.46792588	0.47043556
0.31384182	0.6795643	-0.46795428	0.46980265
0.31358308	0.67997926	-0.46811783	0.4692118
0.31329674	0.6803378	-0.46832693	0.46867436
0.31308874	0.6806373	-0.46853745	0.4681678
0.3129369	0.6808327	-0.46878764	0.46773455
0.31283307	0.6810267	-0.4690155	0.4672929
0.31270134	0.681284	-0.46925175	0.46676847
0.31254864	0.6815584	-0.46944672	0.46627387
0.31238303	0.68185735	-0.46958908	0.46580407
0.31218922	0.68221974	-0.46964964	0.46534228
0.31192535	0.6826275	-0.46968248	0.4648878
0.3116582	0.68305534	-0.4696971	0.46442348
0.31143296	0.68339723	-0.46973148	0.4640369
0.3111956	0.6837064	-0.46979296	0.46367827
0.3109732	0.6839422	-0.46986654	0.46340504
0.31075454	0.68415093	-0.46991456	0.46319485
0.31052515	0.6843909	-0.4699205	0.4629881
0.3102761	0.68471795	-0.46988845	0.46270397
0.3100726	0.68503505	-0.46987092	0.4623887
0.30986622	0.6854013	-0.4698976	0.461957
0.30966243	0.6857768	-0.46998316	0.46144888
0.30944863	0.6861493	-0.4700905	0.460929
0.30919144	0.6865589	-0.47021884	0.46036068
0.30899477	0.6868329	-0.47030038	0.46000034
0.30876526	0.6871751	-0.47033852	0.45960438
0.30853295	0.68753934	-0.47030693	0.4592479
0.30829453	0.68792427	-0.47022426	0.45891592
0.30802202	0.6883467	-0.47012746	0.45856467
0.3077294	0.6887768	-0.47005618	0.45818818
0.3074204	0.68919	-0.47004738	0.45778307
0.3070983	0.68960124	-0.47010732	0.4573181
0.30682257	0.6900206	-0.47029728	0.45667478
0.30648428	0.6906814	-0.47058913	0.45560116
0.30642423	0.690982	-0.47076604	0.45500267
0.30635965	0.69128925	-0.4709104	0.45442972
0.30627432	0.69157535	-0.4710075	0.45395097
0.30612335	0.6919048	-0.47109908	0.45345572
0.30593604	0.69221395	-0.4711864	0.45301914
0.30569658	0.6925566	-0.47130913	0.45252928
0.30545723	0.69288576	-0.47146678	0.45202246
0.30521974	0.6932002	-0.47165948	0.45149943
0.30499256	0.6934858	-0.47186893	0.45099542
0.30475137	0.6937862	-0.47205782	0.4504985
0.30449188	0.69412255	-0.4721887	0.45001838
0.3041904	0.694521	-0.47224537	0.44954777
0.30383694	0.6949558	-0.47224364	0.44911647
0.3034276	0.69542444	-0.4722117	0.44870117
0.3029152	0.6959897	-0.4721765	0.4482076
0.30250835	0.6964329	-0.4721782	0.4477921
0.30205888	0.6969418	-0.47223896	0.44723934
0.30163062	0.6974458	-0.47236755	0.44660637
0.30120552	0.69794244	-0.4724964	0.44598082
0.30077726	0.69844675	-0.4726036	0.4453662
0.30031958	0.6989862	-0.47266886	0.4447591
0.29984674	0.6995368	-0.47267774	0.4442027
0.29944864	0.699995	-0.47265032	0.4437785
0.29910505	0.7003674	-0.47263998	0.44343334
0.2988479	0.7006534	-0.47267127	0.44312155
0.29856852	0.7009724	-0.47280738	0.44266003
0.29834336	0.7012625	-0.47299188	0.44215477
0.29803917	0.7016339	-0.47322068	0.44152558
0.29777315	0.70200574	-0.47339728	0.4409243
0.29741028	0.702458	-0.47347066	0.44036958
0.29704857	0.7029225	-0.47348943	0.43985218
0.296701	0.70338225	-0.473489	0.439352
0.29635763	0.70383483	-0.4735154	0.4388302
0.2960195	0.70424914	-0.47359964	0.43830258
0.29569307	0.70463276	-0.4737361	0.43775836
0.29539415	0.70496017	-0.47392723	0.43722582
0.29511905	0.7052518	-0.47415075	0.4366988
0.2948474	0.70557004	-0.47433499	0.4361678
0.2945808	0.70593077	-0.4744428	0.43564665
0.29428962	0.7063968	-0.47447965	0.43504748
0.29403517	0.7068472	-0.47444838	0.43452176
0.2937944	0.70729655	-0.47437313	0.43403527
0.29357058	0.7077093	-0.47429743	0.43359625
0.2933491	0.70810014	-0.47425506	0.43315437
0.29303604	0.7086083	-0.4742456	0.43254516
0.29297704	0.708611	-0.47428167	0.432541
0.29247558	0.7094319	-0.47442445	0.43137679
0.29216284	0.7098925	-0.4745578	0.4306838
0.29173774	0.7104917	-0.474664	0.42986596
0.2917018	0.7104844	-0.47468588	0.42987832
0.2910635	0.7112767	-0.47474864	0.42893028
0.29048496	0.7117723	-0.47464478	0.42861515
0.29007375	0.71213096	-0.47457874	0.42837104
0.28958532	0.71244204	-0.474489	0.4282838
0.2891054	0.7127317	-0.47441235	0.42821077
0.2887225	0.71299756	-0.4744193	0.4280189
0.2883133	0.7133192	-0.47442693	0.4277504
0.2879952	0.7136459	-0.47449392	0.4273452
0.28771105	0.7139827	-0.47457474	0.426884
0.28747526	0.71430826	-0.4746442	0.42642072
0.28721333	0.7147025	-0.47470397	0.42586985
0.2869957	0.71508193	-0.47470754	0.42537534
0.28679067	0.715498	-0.4746967	0.42482576
0.2866317	0.7158872	-0.4747138	0.42425784
0.28654316	0.7162075	-0.47479746	0.423683
0.2865367	0.7165907	-0.47517276	0.42261726
0.2865549	0.7166632	-0.47543392	0.42218813
0.28653488	0.7167191	-0.47570527	0.42180082
0.28645316	0.71680754	-0.47593674	0.42144486
0.28629202	0.7170035	-0.47609335	0.42104405
0.2860358	0.71732545	-0.47617456	0.42057768
0.28573126	0.71773523	-0.47619775	0.4200591
0.28540125	0.7182123	-0.47620445	0.41946
0.28504926	0.718758	-0.47618625	0.4187848
0.28473246	0.7192896	-0.47616038	0.41811624
0.28441066	0.71983445	-0.47612095	0.41744196
0.28408456	0.72036487	-0.4760489	0.4168309
0.2837522	0.7208798	-0.4759366	0.4162949
0.2834037	0.7214123	-0.4757823	0.4157858
0.2830363	0.7219767	-0.47561172	0.41525143
0.28266817	0.7225108	-0.47550392	0.4146962
0.28233767	0.7230038	-0.4754702	0.41410035
0.28203154	0.7234731	-0.47551826	0.41343376
0.2818095	0.72385246	-0.47570184	0.41270915
0.28161937	0.7241044	-0.47592086	0.4121442
0.2813836	0.72431564	-0.4761584	0.4116592
0.28107083	0.7245348	-0.4763781	0.41123292
0.28074268	0.7247397	-0.47653016	0.4109198
0.28034753	0.7250093	-0.47664225	0.4105836
0.27993077	0.72534347	-0.4767109	0.41019812
0.27908695	0.72617173	-0.4767471	0.4092644
0.27866367	0.7266504	-0.4767285	0.4087245
0.2782527	0.72711295	-0.47668624	0.4082308
0.27785546	0.72754115	-0.47662145	0.40781412
0.2774819	0.7279099	-0.4765615	0.40748036
0.27706477	0.7282945	-0.47649845	0.40715045
0.2767399	0.7285831	-0.47647756	0.40687945
0.27638176	0.7289056	-0.47650588	0.40651202
0.2760135	0.7292412	-0.4765924	0.40605867
0.27563986	0.7296028	-0.47670332	0.40553218
0.2752658	0.7299665	-0.47680673	0.40500993
0.2748293	0.7303803	-0.4769036	0.4044459
0.27437866	0.73078376	-0.47696093	0.40395522
0.27392733	0.73116595	-0.47697315	0.4035553
0.27345276	0.7315472	-0.47694188	0.40322304
0.2729366	0.73194194	-0.4768693	0.40294206
0.27234155	0.7323504	-0.476759	0.402733
0.27175194	0.7327639	-0.47667512	0.4024783
0.27116677	0.7331685	-0.47659686	0.40222886
0.270665	0.73356956	-0.47659403	0.40183875
0.27024713	0.73395216	-0.47663006	0.40137836
0.2699581	0.73428154	-0.4767061	0.4008798
0.2696976	0.73464	-0.4768272	0.40025398
0.26953444	0.73485965	-0.47689816	0.3998758
0.26933092	0.7351139	-0.47692978	0.39950764
0.2689545	0.7355467	-0.4768664	0.39904007
0.26893467	0.7355722	-0.47687683	0.39899403
0.26825875	0.73637253	-0.4766192	0.39828002
0.2677933	0.7369561	-0.47645986	0.39770392
0.26738235	0.7375046	-0.4763627	0.3970797
0.26704565	0.73801064	-0.47630146	0.396439
0.26675516	0.7384462	-0.47623074	0.39590812
0.2664759	0.73885256	-0.4760792	0.39552018
0.26619506	0.739228	-0.47585112	0.39528197
0.2658811	0.7395737	-0.47553703	0.39522457
0.2654848	0.7399417	-0.47512937	0.3952927
0.26502886	0.7403585	-0.47463986	0.39540625
0.2645534	0.7407959	-0.47412986	0.39551723
0.26409557	0.74124515	-0.47366324	0.3955406
0.2636311	0.74173355	-0.47325245	0.3954267
0.26314107	0.74229294	-0.47286558	0.39516598
0.2626006	0.7429666	-0.4724225	0.39478934
0.26218405	0.743534	-0.47205174	0.39444122
0.26186314	0.7439389	-0.47176296	0.3942365
0.26159889	0.7443232	-0.47149917	0.394002
0.26108798	0.7447472	-0.4710986	0.39401892
0.26109442	0.7447822	-0.4710943	0.39395347
0.260594	0.7451442	-0.47076273	0.39399666
0.2601896	0.74547493	-0.47048613	0.39396858
0.25980732	0.745863	-0.4702128	0.39381284
0.2594543	0.74631083	-0.46994716	0.39351407
0.25913367	0.7467877	-0.46969488	0.39312148
0.25879627	0.74730873	-0.46940547	0.3926992
0.25850576	0.7476974	-0.46914834	0.39245814
0.258089	0.74813247	-0.46877697	0.39234683
0.25740933	0.74871045	-0.46815494	0.3924336
0.2574008	0.7487248	-0.46815917	0.3924067
0.25650623	0.74938124	-0.46744183	0.39259464
0.2559278	0.74981576	-0.4670078	0.39265907
0.2553802	0.7502528	-0.46659577	0.39267048
0.2548711	0.7506945	-0.46619493	0.39263296
0.25438285	0.751147	-0.46579018	0.39256477
0.25383148	0.7516654	-0.46532404	0.39248243
0.25278503	0.7525924	-0.46446162	0.3924028
0.25222933	0.7531	-0.4639836	0.39235213
0.25168547	0.7536298	-0.46352416	0.39222687
0.25116956	0.75416464	-0.46308	0.39205444
0.2507496	0.75465214	-0.4626907	0.39184466
0.25042745	0.7550938	-0.46232685	0.39162916
0.25018963	0.75548434	-0.46197233	0.39144623
0.2499948	0.75583106	-0.46161205	0.39132646
0.24961968	0.75636315	-0.46075827	0.391544
0.24928942	0.75665534	-0.4602564	0.3917801
0.24877988	0.7570838	-0.45960766	0.39203757
0.24827586	0.75753677	-0.45896047	0.39224035
0.24789543	0.75790787	-0.4584589	0.3923507
0.24751869	0.758344	-0.4579118	0.39238492
0.2471974	0.7587735	-0.45739916	0.3923547
0.246949	0.75915843	-0.4569173	0.3923283
0.24672174	0.7595322	-0.45643327	0.39231113
0.24647698	0.759929	-0.45590612	0.39230946
0.24621001	0.7603322	-0.45536274	0.39232683
0.24589561	0.7607394	-0.45479736	0.39239073
0.24552818	0.7611696	-0.45416847	0.39251477
0.24518019	0.76153797	-0.4536315	0.39263892
0.24479671	0.7618979	-0.4530966	0.39279723
0.24438281	0.76223016	-0.45258868	0.392996
0.24345398	0.7629091	-0.45163357	0.39335355
0.24288775	0.7633123	-0.45116138	0.3934632
0.24213614	0.76385695	-0.4505905	0.393524
0.24214205	0.76385957	-0.4505873	0.3935185
0.24115889	0.76461583	-0.44979423	0.39356086
0.24057952	0.76508754	-0.44926548	0.393603
0.24007288	0.76551783	-0.44873103	0.39368516
0.23959929	0.76592904	-0.44815335	0.39383158
0.23914033	0.7663236	-0.4475723	0.39400396
0.23864967	0.7667346	-0.44698256	0.3941716
0.23811552	0.76717395	-0.44638434	0.39431718
0.23755552	0.7676305	-0.44577304	0.39445812
0.23700789	0.7680603	-0.4451983	0.39460003
0.23647332	0.7684672	-0.44464538	0.39475176
0.23594128	0.76884687	-0.4440963	0.39494896
0.23539436	0.7691946	-0.44355905	0.39520198
0.23487982	0.7695205	-0.4430645	0.39542854
0.23436089	0.76986563	-0.44256708	0.39562133
0.23387568	0.7702556	-0.44205254	0.39572486
0.2334073	0.7707251	-0.44148088	0.39572552
0.23296912	0.7712458	-0.4408725	0.3956474
0.23251586	0.77184284	-0.44018546	0.39551467
0.23209317	0.7724116	-0.43953824	0.3953724
0.23171276	0.7729157	-0.4389726	0.39523864
0.23103274	0.77366626	-0.4381368	0.39509553
0.23104328	0.7736765	-0.4381313	0.3950758
0.23074076	0.7739827	-0.43774912	0.3950763
0.23048039	0.7742578	-0.43738616	0.39509127
0.2302402	0.77454287	-0.43701166	0.395087
0.22997577	0.77487	-0.4365953	0.39505994
0.22969006	0.7752435	-0.43611786	0.3950207
0.2293543	0.7756731	-0.43556106	0.39498675
0.22894935	0.7761505	-0.43492714	0.39498237
0.22791183	0.77706087	-0.43369368	0.39514863
0.22748668	0.77743053	-0.43311644	0.39529955
0.22705798	0.7777739	-0.4325899	0.39544728
0.22669539	0.77804464	-0.43209356	0.39566514
0.2263982	0.7782626	-0.43162242	0.39592108
0.2261341	0.7784722	-0.43117803	0.3961438
0.22586367	0.77868974	-0.4307637	0.39632136
0.22557417	0.7789187	-0.4304146	0.39641556
0.22530763	0.7791205	-0.43010202	0.3965096
0.22505617	0.77931046	-0.42980865	0.39659736
0.22482102	0.7795024	-0.42952162	0.39666444
0.22458957	0.7797154	-0.42921335	0.39671072
0.22438593	0.7799035	-0.42894575	0.39674583
0.22418498	0.7800697	-0.4286856	0.39681366
0.22392915	0.78024423	-0.42837936	0.39694592
0.22357719	0.78045696	-0.42799896	0.39713597
0.22314538	0.78070056	-0.42757934	0.3973522
0.22260614	0.7809924	-0.42711574	0.39757958
0.22200386	0.78132296	-0.42662638	0.3977925
0.22141679	0.78166556	-0.4261076	0.39800236
0.22078715	0.7820596	-0.42550257	0.3982253
0.22019814	0.78244835	-0.4249186	0.39841154
0.21974057	0.7827498	-0.42442572	0.3985972
0.21929805	0.7830446	-0.4238942	0.3988273
0.21886137	0.78333026	-0.42335892	0.39907452
0.21841036	0.7836345	-0.4228124	0.39930397
0.21793252	0.78396887	-0.42225608	0.39949724
0.21738052	0.78438514	-0.42163703	0.3996348
0.21692379	0.784725	-0.42112303	0.39975756
0.21632963	0.785212	-0.42039746	0.39988697
0.21577373	0.78567135	-0.41970783	0.40000954
0.21526095	0.78609484	-0.41897878	0.400218
0.21477385	0.7864832	-0.4182471	0.4004817
0.21433666	0.78684545	-0.41755515	0.40072668
0.21395013	0.7871458	-0.41698045	0.40094176
0.21350639	0.78746307	-0.416379	0.40118
0.21311677	0.78774023	-0.41584933	0.40139258
0.21277395	0.78799856	-0.41536638	0.4015675
0.21246678	0.78826904	-0.41493398	0.40164584
0.2119249	0.78882176	-0.41426888	0.40153384
0.21166189	0.78909826	-0.41392773	0.40148112
0.21141207	0.78933823	-0.41358346	0.4014957
0.21108416	0.78960514	-0.41315782	0.4015817
0.21070017	0.78986615	-0.412705	0.40173566
0.21026771	0.7901233	-0.41222867	0.40194535
0.20981902	0.7903815	-0.41174933	0.40216365
0.20936641	0.7906727	-0.41127428	0.40231287
0.20886369	0.7910738	-0.41074336	0.40232855
0.20845824	0.79143196	-0.41032016	0.4022663
0.20799807	0.7918678	-0.4098367	0.40213948
0.20795766	0.7918764	-0.4098572	0.40212262
0.20701587	0.7928271	-0.40870675	0.401906
0.20660108	0.793178	-0.40822557	0.40191594
0.20611528	0.793503	-0.40765023	0.40210778
0.20561938	0.79374605	-0.40709415	0.40244514
0.20510264	0.7939591	-0.4065194	0.40286934
0.20459068	0.79418224	-0.40596747	0.40324622
0.20410214	0.7944505	-0.40544492	0.40349123
0.20365903	0.7947841	-0.40492198	0.40358302
0.2032893	0.79516435	-0.40440702	0.4035371
0.20302372	0.7956627	-0.40375924	0.40333712
0.20285805	0.7960044	-0.40325832	0.4032473
0.20272388	0.7963334	-0.40268287	0.40324035
0.20257762	0.7965962	-0.4021098	0.40336657
0.20238331	0.79682505	-0.40153393	0.40358558
0.20211375	0.79705656	-0.4009275	0.4038665
0.20176505	0.79733783	-0.40028313	0.40412465
0.20132248	0.7977212	-0.39957565	0.4042889
0.20086452	0.79815704	-0.39888036	0.40434313
0.2004322	0.79859465	-0.39822528	0.40433905
0.20002988	0.7990142	-0.3976127	0.4043123
0.1996305	0.7994255	-0.3970076	0.40429166
0.19920753	0.79981405	-0.3964126	0.40431553
0.19920641	0.79981905	-0.39641318	0.40430552
0.1982106	0.80055326	-0.39518008	0.40454888
0.19765498	0.80091816	-0.39448455	0.40477732
0.1969752	0.80136645	-0.3936318	0.4050515
0.19639787	0.80176246	-0.39287162	0.40528604
0.19580714	0.80218834	-0.39205673	0.40551826
0.19518717	0.8026634	-0.39119884	0.40570548
0.19456443	0.80315655	-0.39037138	0.40582556
0.19394313	0.8036482	-0.38956633	0.40592343
0.19338264	0.8040838	-0.3888488	0.4060158
0.19280662	0.8045104	-0.38812906	0.40613353
0.1921943	0.8049499	-0.38737577	0.40627214
0.19160962	0.8053661	-0.38665423	0.40641087
0.19097261	0.8058202	-0.3858497	0.4065752
0.19040038	0.80622816	-0.38507822	0.4067661
0.18983676	0.80663896	-0.38429278	0.4069578
0.18928777	0.80705315	-0.38354605	0.40709695
0.18875423	0.8074848	-0.38281375	0.40717775
0.18820143	0.80794835	-0.38205674	0.40722525
0.18767144	0.80839324	-0.3813175	0.40728003
0.18714495	0.8088048	-0.38057452	0.4073998
0.18658605	0.80920756	-0.37980196	0.40757722
0.18604349	0.8095681	-0.37908414	0.40777785
0.18537816	0.80996805	-0.37827107	0.40804148
0.18479627	0.81029254	-0.37761217	0.4082714
0.1841313	0.8106552	-0.3769017	0.40850833
0.18347538	0.8110256	-0.3761718	0.4087409
0.18282531	0.81143284	-0.37542227	0.40891305
0.18222162	0.81184614	-0.37462333	0.40909484
0.18169512	0.8122371	-0.3738104	0.4092966
0.1812174	0.8126181	-0.37293747	0.4095481
0.18078804	0.8129644	-0.3720905	0.4098212
0.18032956	0.81331474	-0.37121662	0.41012034
0.17984203	0.8136583	-0.37036505	0.41042265
0.17931361	0.8140122	-0.3695459	0.41069034
0.17877938	0.8143658	-0.36881754	0.4108773
0.17826329	0.81469786	-0.36818257	0.41101238
0.1777973	0.8149922	-0.36754382	0.41120246
0.17737779	0.81525755	-0.36696625	0.4113733
0.17696314	0.81554145	-0.36629832	0.41158444
0.17654297	0.81584406	-0.36553323	0.41184518
0.17610657	0.8161531	-0.3646789	0.4121771
0.17560728	0.81646925	-0.36378154	0.41255674
0.17504913	0.8168019	-0.36282888	0.41297403
0.174447	0.8171465	-0.36182398	0.4134289
0.17382906	0.8175286	-0.3608119	0.41381812
0.17326713	0.8178971	-0.35983756	0.41417366
0.17272522	0.81826484	-0.3588378	0.41454098
0.17233501	0.8185359	-0.3580811	0.4148223
0.171915	0.8188192	-0.35723925	0.4151633
0.17149098	0.81907314	-0.3564069	0.41555297
0.17108029	0.8193003	-0.35562313	0.41594568
0.17064716	0.8195384	-0.35479748	0.41635942
0.17017578	0.8197845	-0.3539375	0.4167996
0.16965468	0.8200615	-0.35301486	0.4172493
0.1691396	0.8203515	-0.3521329	0.41763362
0.16860749	0.8206664	-0.3512309	0.4179893
0.16809233	0.82097954	-0.35034838	0.41832227
0.1676188	0.82127506	-0.3495287	0.4186179
0.16711508	0.8216049	-0.348659	0.41889745
0.16661154	0.82195413	-0.34779105	0.41913432
0.1660577	0.8223461	-0.34686312	0.41935414
0.16549784	0.8227375	-0.34595314	0.41955918
0.16491231	0.8231229	-0.34503284	0.41979152
0.16433519	0.82346815	-0.34414527	0.42006946
0.16373098	0.8238004	-0.34321862	0.42041174
0.1630824	0.8241082	-0.34226686	0.4208365
0.16234453	0.8244128	-0.34125927	0.42134303
0.1617516	0.82465655	-0.34048054	0.42172402
0.1609929	0.82496864	-0.33954483	0.42215797
0.16014943	0.82533	-0.33853263	0.42258525
0.15931222	0.825709	-0.3375482	0.42294878
0.15847473	0.8261224	-0.33653203	0.42326564
0.15768528	0.8265877	-0.33554915	0.42343262
0.15698129	0.827078	-0.33452037	0.4235507
0.15643656	0.82748103	-0.33364457	0.42365554
0.15590154	0.82785904	-0.33273527	0.4238295
0.15538388	0.82820284	-0.33185107	0.42404106
0.15486076	0.8285305	-0.33098647	0.4242682
0.15427132	0.8289006	-0.33003014	0.42450497
0.15366432	0.82928723	-0.32907456	0.42471176
0.15306725	0.8296751	-0.32810533	0.42491964
0.15249373	0.83005744	-0.3271535	0.42511287
0.15192913	0.8304164	-0.3262344	0.42532045
0.15133393	0.8307622	-0.32533896	0.42554316
0.15070035	0.8310867	-0.32449764	0.4257765
0.15000112	0.8313994	-0.3236984	0.42602134
0.14907776	0.83176965	-0.32274896	0.42634308
0.14907509	0.8317659	-0.32275015	0.4263502
0.147817	0.83226436	-0.32143134	0.4268117
0.14716771	0.83254313	-0.3206769	0.4270598
0.14663608	0.8328035	-0.3199474	0.42728204
0.14619718	0.8330693	-0.31919357	0.42747813
0.14585124	0.83333766	-0.31844896	0.4276286
0.1452702	0.83394367	-0.31701103	0.42771307
0.1449643	0.8342597	-0.3162804	0.4277417
0.14461938	0.8345653	-0.31559113	0.4277712
0.1442532	0.8348444	-0.3149441	0.427827
0.14375189	0.83515143	-0.314187	0.42795333
0.14320481	0.8354455	-0.3134094	0.42813283
0.14204845	0.8360419	-0.3117149	0.42859071
0.14147188	0.8363547	-0.3108202	0.42882103
0.14087582	0.83670264	-0.30984885	0.4290411
0.14033955	0.8370314	-0.30894637	0.42922667
0.13984841	0.8373608	-0.30804896	0.42938927
0.13935849	0.8376968	-0.30712885	0.4295523
0.13895264	0.837958	-0.30637625	0.42971188
0.13855301	0.8381782	-0.30569226	0.42989847
0.13810413	0.83839244	-0.30496636	0.43014053
0.13759692	0.83863	-0.30414924	0.43041843
0.13712217	0.8388587	-0.30337286	0.43067214
0.1366039	0.8391194	-0.30249825	0.43094426
0.1360956	0.83937895	-0.30159187	0.43123448
0.13561332	0.83966625	-0.30069196	0.4314557
0.13513282	0.839995	-0.29976267	0.4316132
0.13462262	0.8403848	-0.29875278	0.43171385
0.13420728	0.840727	-0.29792428	0.43174982
0.13377579	0.84109366	-0.2970663	0.43176037
0.13332467	0.84145105	-0.29622656	0.43178076
0.13280606	0.84182006	-0.29534552	0.43182483
0.1322196	0.8422004	-0.2944298	0.4318883
0.13157539	0.8425974	-0.29348722	0.43195233
0.13092594	0.8429919	-0.29253244	0.4320278
0.13030058	0.84336746	-0.29156542	0.4321374
0.12973683	0.8437266	-0.2905788	0.4322705
0.12924632	0.84406245	-0.2895879	0.43242657
0.12883386	0.84431756	-0.28859195	0.43271747
0.12848984	0.84449524	-0.28768426	0.4330774
0.12808901	0.84462017	-0.2868341	0.43351611
0.12757486	0.84472245	-0.2860422	0.4339914
0.12689619	0.8448219	-0.28525704	0.43451357
0.12599657	0.8449438	-0.2843774	0.4351142
0.12514879	0.8450557	-0.28361475	0.435639
0.124196805	0.84519035	-0.2827454	0.43621516
0.12325763	0.8453545	-0.2818302	0.43675512
0.122365035	0.8455624	-0.28087956	0.4372158
0.12149555	0.8458386	-0.27984127	0.43758994
0.12067693	0.8461641	-0.27873635	0.43789193
0.119884826	0.84654915	-0.27754432	0.43812254
0.1191745	0.8469589	-0.2763572	0.43827492
0.11856138	0.8473635	-0.2752235	0.43837246
0.11803576	0.8477707	-0.2741246	0.43841562
0.11760065	0.8481514	-0.27309301	0.43844002
0.11721912	0.8484848	-0.2721227	0.43850034
0.116905205	0.8487201	-0.27134144	0.43861306
0.116444185	0.84893155	-0.27050698	0.43884188
0.11642614	0.84891975	-0.27051556	0.43886393
0.11564035	0.8491626	-0.26937535	0.43930298
0.11511513	0.84930444	-0.26870352	0.43957826
0.114608854	0.84944284	-0.2680719	0.4398287
0.114119075	0.84960496	-0.26741698	0.44004157
0.1136383	0.8498036	-0.26669747	0.44021887
0.1131778	0.85003054	-0.26591915	0.44037023
0.112743504	0.85026056	-0.26511103	0.4405248
0.11219594	0.8504835	-0.26418245	0.44079208
0.111567825	0.8507024	-0.26322755	0.44110024
0.11092517	0.8509132	-0.2623272	0.44139183
0.110192515	0.85116524	-0.26135314	0.44166735
0.109467134	0.8514083	-0.26039156	0.44194698
0.10877244	0.85164213	-0.25943148	0.4422323
0.10810812	0.85188085	-0.25845242	0.44250903
0.10745466	0.8521064	-0.2574334	0.44282773
0.10683501	0.8522687	-0.2564526	0.44323406
0.106212	0.8523644	-0.25550517	0.44374642
0.105517596	0.85241956	-0.25453532	0.4443633
0.104801156	0.8524551	-0.25365788	0.44496605
0.10402498	0.85252637	-0.25279784	0.44550097
0.10321739	0.85267335	-0.25194603	0.44588974
0.102291316	0.85294557	-0.25092372	0.44615886
0.10129315	0.85339516	-0.24938048	0.4463921
0.10084682	0.85362774	-0.24850398	0.4465373
0.10018276	0.8539396	-0.24673264	0.44707215
0.09987229	0.8539782	-0.24584888	0.44755453
0.09947968	0.8539181	-0.2448538	0.44830158
0.09947772	0.8539163	-0.24485473	0.44830522
0.09893422	0.8537407	-0.24388124	0.4492893
0.09795713	0.8536276	-0.24249984	0.45046437
0.09795004	0.85361665	-0.24250285	0.45048505
0.096899875	0.8534753	-0.24119365	0.4516815
0.096272916	0.85338795	-0.2405116	0.45234352
0.095614694	0.8533106	-0.23987421	0.45296717
0.09488822	0.8532883	-0.23924208	0.45349616
0.094111815	0.85332465	-0.23852871	0.45396495
0.09331812	0.8534025	-0.23772289	0.45440492
0.0925889	0.8534879	-0.2368979	0.4548243
0.09201652	0.85356456	-0.23614281	0.4551891
0.09162745	0.85363555	-0.23547706	0.45547935
0.09138945	0.85369915	-0.23487546	0.4557183
0.09127167	0.85374224	-0.23435344	0.45592996
0.091204286	0.8537583	-0.23385118	0.45617124
0.091067776	0.85370135	-0.23339546	0.45653853
0.090849355	0.85364884	-0.23288853	0.45693862
0.09055738	0.85361004	-0.23233613	0.4573502
0.09025847	0.85357106	-0.23183492	0.45773634
0.09001371	0.8535237	-0.23141092	0.4580872
0.08983364	0.8534924	-0.2310097	0.45838332
0.089719236	0.8534893	-0.23063895	0.4585982
0.089652225	0.8534669	-0.23034088	0.4588027
0.08959893	0.8534075	-0.23006652	0.4590612
0.08950503	0.85332394	-0.22974038	0.45939806
0.08916285	0.85325897	-0.2291675	0.45987108
0.089138076	0.8532137	-0.22917746	0.4599549
0.08853029	0.85324347	-0.22824375	0.46048114
0.08808254	0.8533087	-0.22759429	0.4607675
0.08773994	0.8533717	-0.22709589	0.46096212
0.08736886	0.8534584	-0.2265069	0.46116185
0.08708715	0.85351986	-0.22597738	0.46136084
0.08682767	0.85357904	-0.22550048	0.4615339
0.08660868	0.8536193	-0.2250604	0.46171522
0.08638646	0.8536112	-0.22475897	0.46191856
0.08605178	0.8534277	-0.22438654	0.46250072
0.08584449	0.8533309	-0.22416127	0.46282715
0.08561814	0.85325646	-0.22381052	0.46317577
0.085425526	0.8532252	-0.22333878	0.46349666
0.08528017	0.85324574	-0.22275917	0.46376437
0.08518283	0.85332054	-0.22214358	0.46393993
0.08511735	0.85343665	-0.22148126	0.46405488
0.085068844	0.853554	-0.22083871	0.46415433
0.08502804	0.8536759	-0.22016335	0.46425834
0.0849847	0.85378313	-0.21953462	0.46436667
0.084926315	0.8538581	-0.2189381	0.46452147
0.08485412	0.85388184	-0.21841137	0.46473876
0.08473558	0.85388625	-0.21792172	0.46498206
0.084554076	0.8538809	-0.21741483	0.46526212
0.0843286	0.8538566	-0.21692128	0.46557787
0.08404123	0.8538281	-0.21640727	0.46592134
0.083685555	0.8538183	-0.21588442	0.46624583
0.08326852	0.8538451	-0.21534191	0.46652198
0.08276846	0.85391104	-0.21470708	0.46678293
0.08208218	0.8540412	-0.21387625	0.46704727
0.08219032	0.85403526	-0.2138174	0.4670659