0.18514548	0.7680546	-0.32510114	0.51973325
0.18512876	0.7680101	-0.32488933	0.51993734
0.1851376	0.7679551	-0.3246944	0.5201372
0.18516469	0.7679056	-0.32453558	0.5202998
0.18520054	0.7678832	-0.3243882	0.520412
0.18521412	0.76789546	-0.3242414	0.5204806
0.18522495	0.7679122	-0.32408467	0.52054965
0.18523745	0.7679219	-0.3239148	0.52063644
0.1852577	0.7679015	-0.32375407	0.52075917
0.18525292	0.76789075	-0.3235843	0.5208822
0.18524306	0.7679062	-0.32341084	0.52097094
0.18527874	0.76792693	-0.32322207	0.5210446
0.18537654	0.7679312	-0.32305026	0.52111006
0.18552887	0.7678935	-0.32295585	0.52117
0.18572868	0.7678068	-0.3229598	0.521224
0.1859065	0.76768327	-0.32303375	0.5212968
0.18603562	0.7675338	-0.32310104	0.5214293
0.18609236	0.7673606	-0.32315806	0.52162856
0.18607436	0.76720846	-0.32319772	0.521834
0.18604031	0.7671306	-0.32322222	0.5219455
0.1860252	0.7671259	-0.3232418	0.52194583
0.18604052	0.7671558	-0.32324833	0.5218921
0.18607609	0.7671774	-0.32324874	0.52184737
0.18611813	0.76716197	-0.3232521	0.52185327
0.18613788	0.7671019	-0.32324216	0.5219404
0.18613115	0.767018	-0.32318377	0.5221025
0.18608221	0.7669227	-0.32305485	0.52233946
0.18598926	0.76682633	-0.32287952	0.52262247
0.18586467	0.76673377	-0.32270855	0.5229082
0.18572177	0.76664704	-0.32258525	0.523162
0.1855718	0.7665548	-0.3225187	0.5233914
0.1854529	0.7664586	-0.32251436	0.52357715
0.18538609	0.7663655	-0.32257903	0.52369714
0.18539062	0.7662826	-0.32268813	0.5237495
0.18544476	0.76623327	-0.32282546	0.523718
0.18564412	0.76617	-0.32291418	0.5236852
0.18589419	0.76609904	-0.32300863	0.5236422
0.18624915	0.7659899	-0.3231305	0.52360064
0.18656313	0.76591307	-0.32323653	0.5235357
0.18690497	0.76587903	-0.32335562	0.5233901
0.1871888	0.76587135	-0.32350013	0.5232104
0.18738455	0.76586497	-0.32363704	0.5230649
0.18744542	0.7658488	-0.32374355	0.52300084
0.18748891	0.76582164	-0.32386762	0.5229483
0.18747386	0.76575506	-0.3239013	0.52303034
0.18727757	0.7657088	-0.3237817	0.52324253
0.18699497	0.7656787	-0.32359412	0.52350354
0.18672562	0.7656526	-0.3234223	0.5237439
0.18646911	0.76563585	-0.323264	0.5239574
0.18628672	0.76563805	-0.32314855	0.5240905
0.18620671	0.7656578	-0.323109	0.5241145
0.18625471	0.7656739	-0.32317394	0.52403367
0.18636665	0.76567066	-0.3233365	0.5238983
0.18652153	0.76562506	-0.32356346	0.52376974
0.1866653	0.7655466	-0.32375455	0.52371514
0.18679383	0.76545817	-0.32386157	0.5237322
0.18689309	0.7654141	-0.32386875	0.5237569
0.18695901	0.76541936	-0.3237942	0.52377194
0.18701188	0.76546335	-0.32369092	0.52375257
0.18708214	0.76553416	-0.32360455	0.5236771
0.18718658	0.7656348	-0.3235411	0.5235319
0.18732288	0.7657537	-0.32347378	0.52335095
0.18747109	0.7658368	-0.32341748	0.5232112
0.18771875	0.7659965	-0.32335666	0.5229261
0.18779446	0.7660444	-0.32330173	0.5228625
0.18777415	0.7660427	-0.3233204	0.52286077
0.18780778	0.7660521	-0.3232984	0.5228485
0.18778922	0.7661158	-0.32335716	0.5227255
0.18779637	0.7661699	-0.32342228	0.52260333
0.18778309	0.76621276	-0.32351077	0.5224907
0.18779127	0.7661769	-0.3235664	0.5225058
0.18767355	0.7661578	-0.32348946	0.5226238
0.18751664	0.7661475	-0.32333663	0.52278954
0.18730812	0.7661697	-0.32315344	0.5229451
0.18712495	0.76624304	-0.32293418	0.5230388
0.18697883	0.7663467	-0.3227396	0.5230591
0.18691283	0.766435	-0.32258254	0.5230502
0.18690038	0.7665696	-0.32249856	0.5229093
0.1869556	0.7666939	-0.3224711	0.52272403
0.1870318	0.76678807	-0.3224875	0.5225485
0.18709892	0.7668587	-0.32249847	0.52241427
0.18711743	0.76690227	-0.3224625	0.5223656
0.18709727	0.76693803	-0.3223727	0.5223758
0.18707037	0.7669758	-0.322251	0.5224051
0.18704826	0.7670174	-0.32211208	0.5224376
0.18705392	0.76705885	-0.32199287	0.52244824
0.18707845	0.7670911	-0.32188618	0.5224579
0.18708998	0.76712227	-0.32178396	0.522471
0.18705939	0.76719165	-0.3216634	0.5224543
0.1870039	0.76729083	-0.32153964	0.5224046
0.18691525	0.7674379	-0.32138148	0.5223177
0.18682076	0.7676048	-0.3212041	0.52221537
0.1867684	0.7677718	-0.32100603	0.5221105
0.18677184	0.7679228	-0.32082295	0.52199966
0.18681957	0.76808226	-0.32064745	0.52185565
0.18692003	0.7682147	-0.32048586	0.521724
0.18694793	0.7682808	-0.32034254	0.52170473
0.18695907	0.76833576	-0.3202201	0.521695
0.18680912	0.7684471	-0.32005847	0.521684
0.18661654	0.7685575	-0.31994236	0.52166134
0.18646769	0.76861894	-0.3199202	0.5216376
0.1863913	0.76863986	-0.31997952	0.5215977
0.18638214	0.76863873	-0.32005695	0.52155536
0.18643193	0.76861894	-0.32007825	0.52155346
0.18636814	0.76866245	-0.3199564	0.5215869
0.1861893	0.76875913	-0.3197236	0.5216509
0.18588597	0.76887625	-0.3194001	0.5217849
0.18545708	0.7690063	-0.31899154	0.5219955
0.18492801	0.7691323	-0.31851715	0.52228725
0.18450782	0.76922095	-0.3181321	0.52254
0.18407737	0.7693322	-0.31771097	0.5227842
0.18368894	0.7694739	-0.31728902	0.5229685
0.18295217	0.7697908	-0.31653616	0.52321655
0.1825423	0.7699494	-0.31614283	0.5233641
0.18231803	0.7700159	-0.31593913	0.5234676
0.18208364	0.7700684	-0.31574962	0.5235861
0.18187013	0.77011794	-0.31555486	0.5237049
0.18170367	0.77016985	-0.3153475	0.5238112
0.18161103	0.77023554	-0.3151381	0.52387285
0.18156017	0.7703137	-0.31492555	0.5239035
0.1815126	0.7703992	-0.31471843	0.52391857
0.18141724	0.7704988	-0.3144855	0.5239451
0.18127923	0.7705934	-0.3141917	0.5240299
0.18112043	0.7706842	-0.31390092	0.52412564
0.18093333	0.77079856	-0.31357563	0.5242167
0.18074565	0.7709357	-0.3132544	0.52427167
0.18058965	0.7710901	-0.31294346	0.5242843
0.18043795	0.7712554	-0.31262997	0.5242803
0.18024279	0.7714373	-0.31230173	0.52427536
0.17999747	0.77162355	-0.3119543	0.52429235
0.1796809	0.77182937	-0.31156102	0.52433187
0.1792915	0.7720865	-0.31106135	0.5243833
0.17887114	0.7723633	-0.3105153	0.524443
0.17846905	0.77260697	-0.31000695	0.5245217
0.17808636	0.7728326	-0.3095316	0.5246001
0.17772709	0.7730758	-0.3090819	0.5246286
0.1773984	0.7733528	-0.30864796	0.5245872
0.17706138	0.7736765	-0.30821314	0.5244793
0.1767355	0.7739963	-0.3077749	0.52437484
0.1763847	0.7742924	-0.30731928	0.52432317
0.17600344	0.77456963	-0.30684534	0.5243192
0.17559434	0.77482945	-0.30634654	0.52436405
0.17506813	0.7751248	-0.30575052	0.5244517
0.17457536	0.7753741	-0.30522403	0.5245539
0.17414786	0.77556646	-0.30482206	0.52464527
0.1736459	0.7757585	-0.30440903	0.5247676
0.17305222	0.77601177	-0.30393076	0.52486664
0.17306341	0.7760084	-0.3039231	0.5248721
0.17224497	0.7764484	-0.30320045	0.5249085
0.17176792	0.7767653	-0.3027077	0.5248806
0.17129807	0.7771034	-0.30216095	0.5248486
0.17077412	0.77745044	-0.30152816	0.5248694
0.17023447	0.7776743	-0.3008856	0.52508175
0.16965562	0.7778793	-0.30022943	0.525341
0.16908272	0.77809834	-0.29958463	0.5255693
0.16850333	0.77836543	-0.2989213	0.5257376
0.16787735	0.7787216	-0.2981997	0.5258201
0.16730145	0.7791084	-0.29751122	0.5258206
0.1668961	0.77943707	-0.2969556	0.52577657
0.16645586	0.7798456	-0.29626766	0.5256984
0.16570882	0.7804884	-0.29488963	0.52575517
0.16532958	0.780682	-0.2942207	0.52596194
0.16493806	0.7808166	-0.29354748	0.52626115
0.16454259	0.78093535	-0.29290846	0.52656466
0.1641618	0.78107005	-0.29231074	0.5268159
0.16381566	0.7812449	-0.2917141	0.526995
0.16350885	0.7814774	-0.29110336	0.52708334
0.16327308	0.7817478	-0.2904889	0.5270945
0.16306716	0.78206867	-0.2898318	0.5270439
0.16268346	0.78273636	-0.28856337	0.5268674
0.16242869	0.7830449	-0.28795058	0.5268227
0.16214018	0.7832759	-0.28746796	0.5268316
0.161779	0.78346384	-0.28702158	0.5269065
0.16139163	0.78359085	-0.2866825	0.5270212
0.16103396	0.7836954	-0.28645936	0.52709645
0.1607123	0.78382146	-0.28623486	0.5271293
0.16044468	0.78395355	-0.28597617	0.5271547
0.16017236	0.7841159	-0.28567088	0.52716154
0.15974735	0.7843158	-0.2851946	0.527251
0.15924712	0.78450286	-0.28464484	0.52742106
0.15865831	0.7846771	-0.28400669	0.5276832
0.15810771	0.7848175	-0.2834025	0.5279644
0.15686943	0.78510225	-0.28203246	0.5286439
0.15620492	0.7852886	-0.28127253	0.5289685
0.15554793	0.785487	-0.28050703	0.52927405
0.15492125	0.78567934	-0.27975592	0.5295697
0.15430102	0.785889	-0.2789777	0.52985
0.15374738	0.7861315	-0.27821666	0.53005135
0.15325844	0.7864223	-0.27744514	0.5301659
0.15283883	0.78675455	-0.27663317	0.53021854
0.15246467	0.7870842	-0.27580562	0.53026813
0.1520386	0.7874166	-0.27488735	0.53037375
0.15170449	0.7876078	-0.27424115	0.53052014
0.15130116	0.78777826	-0.2735469	0.5307405
0.15074934	0.7879955	-0.27271253	0.5310045
0.15073645	0.78798795	-0.27272066	0.53101516
0.15001757	0.7883101	-0.27178583	0.53121966
0.14957738	0.78851247	-0.27126607	0.53130925
0.1490994	0.788731	-0.27073923	0.5313881
0.14858218	0.7889388	-0.2702052	0.5314959
0.1479885	0.78913486	-0.26961678	0.5316696
0.1473354	0.78931314	-0.26898542	0.53190607
0.14666039	0.789474	-0.26832703	0.5321862
0.14597271	0.78966534	-0.26762208	0.5324462
0.14546184	0.78982705	-0.26706335	0.5326268
0.14491303	0.790076	-0.26648048	0.5326991
0.14442907	0.7903122	-0.26594326	0.5327486
0.1434668	0.7906876	-0.26483878	0.53300166
0.14296007	0.79081005	-0.26431188	0.53321785
0.14238343	0.7908947	-0.26378453	0.5335075
0.14182015	0.7909501	-0.26331586	0.53380704
0.14120615	0.79099816	-0.26284042	0.5341327
0.14060609	0.79106337	-0.26240754	0.53440714
0.14003246	0.7911574	-0.26197287	0.5346316
0.13939041	0.7913054	-0.26141673	0.5348528
0.13874641	0.7915093	-0.2607663	0.53503585
0.13809799	0.79177046	-0.26002085	0.53518003
0.13742809	0.79206747	-0.25921136	0.53530586
0.13674667	0.79236823	-0.25838998	0.53543216
0.13587137	0.79271847	-0.25731677	0.5356533
0.1358567	0.7927122	-0.2573261	0.5356618
0.1347834	0.79292303	-0.25608596	0.53621507
0.13414001	0.7929827	-0.25538284	0.53662324
0.13349554	0.7930247	-0.25471866	0.53703743
0.13275874	0.79312253	-0.2539649	0.53743255
0.13209207	0.7932781	-0.25324726	0.53770566
0.13139379	0.7934997	-0.25243568	0.53793144
0.13071816	0.7937692	-0.2515837	0.5380975
0.13014266	0.7940505	-0.25077713	0.53819835
0.12959506	0.7943606	-0.24993457	0.53826505
0.12911658	0.7946137	-0.24917169	0.53836006
0.12862954	0.79487264	-0.24839424	0.5384537
0.1281558	0.7950821	-0.24766625	0.5385927
0.1276443	0.795248	-0.24694094	0.53880215
0.12712751	0.79540753	-0.24622494	0.5390164
0.12654577	0.79559106	-0.24543412	0.539243
0.12593238	0.7958003	-0.24460064	0.53945667
0.12528978	0.7960482	-0.24373068	0.5396341
0.124606624	0.79630816	-0.24280243	0.53982735
0.123562284	0.79672533	-0.241455	0.540056
0.12232674	0.7971801	-0.23988752	0.54036474
0.121475436	0.7974746	-0.23881966	0.5405952
0.12065652	0.7977372	-0.23779237	0.5408441
0.119908236	0.79796404	-0.23689105	0.5410714
0.11908196	0.79821175	-0.23593579	0.5413056
0.11829259	0.7984417	-0.23506849	0.5415169
0.11746436	0.7986886	-0.2342051	0.54170734
0.116686225	0.79894394	-0.2333965	0.54184777
0.115275	0.7995057	-0.23169619	0.5420509
0.1146728	0.79978055	-0.23085424	0.5421324
0.11415367	0.80006045	-0.23003435	0.54217756
0.11368597	0.80033517	-0.22922756	0.54221195
0.113190845	0.80059946	-0.22837979	0.54228324
0.11273692	0.80079645	-0.22767758	0.54238224
0.11218339	0.80099136	-0.22690848	0.5425314
0.11159163	0.80117565	-0.22614859	0.5426986
0.11098106	0.8013671	-0.22539005	0.5428566
0.11039531	0.8015856	-0.2246008	0.54298043
0.10984337	0.8018178	-0.22379889	0.5430808
0.10931827	0.8020542	-0.22298922	0.5431706
0.10880872	0.80226916	-0.2221979	0.54327995
0.10828404	0.8024623	-0.2214074	0.54342216
0.107731335	0.80262995	-0.2206087	0.54360926
0.107226215	0.80277365	-0.2198832	0.54379076
0.1067032	0.80292577	-0.21912543	0.5439749
0.10620918	0.8030947	-0.21837267	0.54412484
0.105713814	0.80325806	-0.21767588	0.5442596
0.10524092	0.8034724	-0.21692386	0.5443349
0.10476211	0.8037086	-0.21608444	0.5444123
0.10431579	0.8038832	-0.21533233	0.5445383
0.10366952	0.8040893	-0.21426022	0.5447803
0.10320185	0.8041799	-0.21360312	0.54499334
0.10315648	0.80416185	-0.21363218	0.54501736
0.10210021	0.8043354	-0.21229154	0.5454836
0.10147218	0.8044292	-0.2115845	0.5457373
0.10083406	0.80452853	-0.21090016	0.545974
0.10025061	0.8046132	-0.21029499	0.54618996
0.09966411	0.8047049	-0.20967472	0.5464006
0.09907361	0.8048076	-0.20897697	0.54662406
0.09848385	0.8049203	-0.2082903	0.5468268
0.09783651	0.8050357	-0.20750313	0.54707223
0.097162165	0.8051141	-0.20668966	0.547385
0.09667004	0.80515283	-0.20608313	0.5476437
0.0961416	0.8051824	-0.20537552	0.547959
0.09571815	0.80524176	-0.20471206	0.54819393
0.09530037	0.80529773	-0.20404686	0.5484325
0.094987966	0.80539584	-0.20341387	0.54857785
0.09471153	0.8055296	-0.20276824	0.5486684
0.09445837	0.8056663	-0.20219561	0.54872257
0.09423079	0.8058156	-0.20161249	0.5487571
0.093947664	0.80597794	-0.2009315	0.54881704
0.093699336	0.8060714	-0.2004075	0.54891366
0.093355075	0.80615973	-0.19976705	0.5490761
0.09296536	0.8062233	-0.19913328	0.5492789
0.09254465	0.80626327	-0.19851755	0.54951406
0.09208982	0.80629605	-0.19790529	0.5497633
0.09163686	0.80632734	-0.19733463	0.54999804
0.09116784	0.8063784	-0.19674875	0.5502111
0.090696394	0.80647814	-0.19613688	0.55036134
0.09018836	0.8066524	-0.19543687	0.55043846
0.089594536	0.8068875	-0.19457856	0.5504949
0.08916102	0.807032	-0.19396713	0.5505691
0.08864622	0.8071548	-0.19325146	0.55072397
0.08813041	0.80720097	-0.19262704	0.550958
0.08760013	0.80717874	-0.19207515	0.55126756
0.08709437	0.80711454	-0.19162114	0.5515997
0.08658952	0.8070442	-0.19121845	0.5519216
0.08616143	0.80700845	-0.19086865	0.5521618
0.085546345	0.8070064	-0.19012074	0.5525184
0.085330874	0.80704933	-0.18973142	0.55262285
0.08510657	0.8070871	-0.18928549	0.5527552
0.08486147	0.80708694	-0.18888395	0.5529305
0.08452618	0.80705035	-0.18838483	0.5532053
0.08406811	0.80699074	-0.18782021	0.55355406
0.08355481	0.8069483	-0.18718971	0.55390716
0.08300013	0.80695033	-0.1864687	0.5542307
0.08244307	0.8070253	-0.18561244	0.5544922
0.08202832	0.80713725	-0.18481363	0.5546573
0.08163605	0.8073061	-0.18390542	0.55477136
0.08122513	0.8074798	-0.1829951	0.55487984
0.0807678	0.80761445	-0.1821682	0.5550228
0.08022224	0.80772275	-0.18138163	0.5552017
0.079616986	0.80781275	-0.18061571	0.55540776
0.07897542	0.8078908	-0.17986813	0.55562836
0.078340456	0.8079437	-0.17916065	0.5558699
0.07768865	0.8079761	-0.17847705	0.5561339
0.07705661	0.8080035	-0.17779317	0.55640113
0.076452225	0.8080545	-0.17704837	0.5566479
0.075913265	0.8081384	-0.1762772	0.5568447
0.07542607	0.8082394	-0.17551377	0.5570052
0.074945904	0.808352	-0.17469893	0.5571629
0.07456253	0.808467	-0.17397723	0.5572733
0.07418831	0.8085878	-0.17320971	0.55738705
0.07382719	0.8087121	-0.17238337	0.55751085
0.07349043	0.80882233	-0.17156278	0.5576485
0.07313582	0.8089113	-0.17069632	0.5578319
0.072789945	0.8089507	-0.16994742	0.5580485
0.07238855	0.8089494	-0.16917771	0.5583367
0.071932904	0.8089363	-0.1684159	0.55864453
0.071420625	0.8089383	-0.16760777	0.5589505
0.07086242	0.809028	-0.16676313	0.5591442
0.07028186	0.809117	-0.16589029	0.55934834
0.069716096	0.8092008	-0.16500396	0.55956
0.0691504	0.80928856	-0.16409548	0.5597704
0.06856645	0.8093511	-0.16320434	0.5600125
0.06794702	0.80938405	-0.16235481	0.56028706
0.06731877	0.80939835	-0.16158053	0.5605661
0.066638716	0.8094013	-0.16081545	0.560863
0.065953985	0.8094088	-0.160077	0.5611442
0.06509167	0.8094612	-0.1591065	0.56144536
0.065077856	0.8094652	-0.15911631	0.5614383
0.06441052	0.8095956	-0.15824352	0.561574
0.063770875	0.8097587	-0.15731011	0.56167394
0.06334427	0.8098697	-0.15662965	0.5617524
0.0629833	0.8099339	-0.15604737	0.56186247
0.06258366	0.8099528	-0.15545483	0.56204396
0.062177967	0.80993026	-0.1549155	0.5622706
0.061780486	0.8098546	-0.1544116	0.5625617
0.06140535	0.8097467	-0.15395714	0.56288284
0.061044846	0.80963105	-0.15352729	0.5632055
0.06068786	0.8095222	-0.15313084	0.56350845
0.060304895	0.8094053	-0.15277429	0.56381416
0.059920035	0.8092798	-0.15247817	0.56411546
0.059526186	0.80912715	-0.15221408	0.56444734
0.059169788	0.80897754	-0.15199098	0.56475925
0.058818504	0.8088236	-0.15173902	0.56508416
0.05846818	0.8086475	-0.15138759	0.56546664
0.05824685	0.8085102	-0.15091033	0.5658133
0.058005486	0.80837506	-0.15027581	0.5661999
0.057731625	0.808284	-0.14959233	0.5665388
0.057452384	0.8082294	-0.14895733	0.5668122
0.057115074	0.8082005	-0.14827532	0.56706625
0.056715377	0.80818915	-0.14754833	0.5673122
0.056295983	0.8081905	-0.14685325	0.5675324
0.055822838	0.80819744	-0.1460845	0.5677676
0.055338737	0.8081905	-0.14531955	0.56802094
0.05483592	0.8081524	-0.14455423	0.5683192
0.05437234	0.80806977	-0.14387307	0.56865424
0.053980354	0.8079375	-0.14326967	0.56903154
0.053655192	0.8077554	-0.14278252	0.56944305
0.053388547	0.80750346	-0.14239714	0.5699218
0.05322399	0.80725485	-0.1422376	0.5703292
0.053133667	0.80692685	-0.14219211	0.57081294
0.053110216	0.80660534	-0.14221333	0.571264
0.0531248	0.8063473	-0.14224102	0.57162
0.053146526	0.80613554	-0.1422775	0.5719074
0.053146403	0.80590963	-0.14233524	0.5722113
0.053093374	0.80566156	-0.14240773	0.5725476
0.052993633	0.80538493	-0.14246145	0.5729325
0.05285119	0.80504537	-0.14248973	0.5734156
0.0526846	0.8047112	-0.14251214	0.57389414
0.052493423	0.804338	-0.14254735	0.57442594
0.052330464	0.80398756	-0.14258479	0.5749217
0.052175015	0.80366355	-0.14255165	0.57539713
0.05199224	0.8033855	-0.14240755	0.5758375
0.051770557	0.80312264	-0.14212036	0.57629466
0.05144961	0.80286777	-0.14177115	0.57676446
0.05101138	0.80255806	-0.14138857	0.577328
0.05053007	0.8022518	-0.14096454	0.5778994
0.050080262	0.80195683	-0.14069287	0.57841414
0.049677134	0.80163497	-0.14048474	0.57894534
0.049633976	0.8016415	-0.14051625	0.57893234
0.04958575	0.8016557	-0.14055206	0.5789079
0.04958264	0.8010641	-0.14058289	0.5797192
0.049671188	0.8007575	-0.1407009	0.5801064
0.04979042	0.8003829	-0.14080918	0.5805868
0.050099913	0.79946804	-0.14085457	0.5818084
0.050239924	0.7990702	-0.14087164	0.58233833
0.05043817	0.7986742	-0.14090264	0.5828568
0.050650787	0.7983641	-0.14095311	0.58325076
0.050944954	0.7979988	-0.14103527	0.5837051
0.05090906	0.7980232	-0.14106348	0.583668
0.05157261	0.79720384	-0.14127342	0.5846779
0.05190389	0.79675245	-0.1414003	0.5852328
0.052268606	0.7962435	-0.14152776	0.58586204
0.052656483	0.79568297	-0.14168131	0.58655137
0.0530271	0.79508525	-0.14187051	0.58728236
0.053388335	0.79445904	-0.142097	0.5880417
0.053720254	0.7938872	-0.14233938	0.58872473
0.054033976	0.79334146	-0.1426134	0.58936507
0.05432849	0.7928128	-0.1429211	0.58997446
0.054574784	0.7923445	-0.1432227	0.59050757
0.05480741	0.79186577	-0.14352581	0.5910543
0.054988246	0.791407	-0.14378883	0.59158784
0.055118825	0.79093385	-0.14397372	0.59216315
0.05514998	0.790447	-0.14406422	0.5927879
0.05496844	0.78993094	-0.14400059	0.5935077
0.054536644	0.7889612	-0.14392799	0.5948535
0.054531746	0.78892773	-0.14392866	0.59489816
0.054354575	0.78837466	-0.14402395	0.59562427
0.05430183	0.78793526	-0.14419502	0.5961688
0.054356	0.7874608	-0.14446421	0.59672517
0.0545192	0.7869859	-0.14482161	0.5972499
0.054775976	0.78651285	-0.14522444	0.5977517
0.0550925	0.78603053	-0.1456094	0.5982631
0.055444848	0.7855508	-0.14592215	0.5987844
0.05583676	0.785107	-0.14614363	0.59927565
0.056270633	0.784693	-0.14630191	0.5997386
0.05682712	0.78419876	-0.14648348	0.600288
0.056844145	0.78416663	-0.14646766	0.6003322
0.05751453	0.78340447	-0.14679916	0.6011817
0.057871193	0.7828984	-0.14700693	0.60175574
0.058179915	0.78237396	-0.14717694	0.60236615
0.058422282	0.7818966	-0.14726263	0.60294145
0.058762014	0.7809822	-0.14743043	0.60405153
0.0588229	0.7809133	-0.14737755	0.60414743
0.059099335	0.7802215	-0.147569	0.604967
0.059245255	0.779757	-0.14772601	0.6055131
0.05940285	0.7792827	-0.14788803	0.60606855
0.059566014	0.77878994	-0.14809033	0.6066363
0.05972717	0.77822363	-0.14835149	0.6072829
0.059894744	0.77768874	-0.14859277	0.6078923
0.0600709	0.7771869	-0.14885302	0.6084529
0.06027239	0.77672565	-0.14909667	0.60896194
0.060496375	0.7762947	-0.14930949	0.6094369
0.060739253	0.77588373	-0.14949483	0.60989064
0.060988773	0.7754838	-0.14966078	0.6103335
0.061197758	0.77510417	-0.14978187	0.61076504
0.06138213	0.7746881	-0.14987461	0.61125135
0.061528843	0.7742532	-0.14993654	0.6117723
0.061652463	0.7737803	-0.14996746	0.61235034
0.061764866	0.7732786	-0.1499761	0.6129703
0.061847266	0.77276784	-0.1499578	0.6136103
0.061909724	0.7722234	-0.14993608	0.6142943
0.061964083	0.77163005	-0.14994945	0.6150307
0.062018175	0.7710162	-0.1500041	0.61578125
0.06207729	0.7704012	-0.15004529	0.6165346
0.062163323	0.7698624	-0.15000808	0.6172077
0.06227927	0.76942945	-0.14987476	0.61776805
0.062426746	0.76904464	-0.14969617	0.61827534
0.062580876	0.76872665	-0.14955641	0.61868894
0.062743045	0.76835746	-0.14946187	0.61915374
0.06288652	0.7679654	-0.14940742	0.6196386
0.063019834	0.7675603	-0.14935923	0.62013835
0.06328201	0.7666524	-0.1493631	0.62123275
0.063454315	0.7661194	-0.14941137	0.62186074
0.06378205	0.7653902	-0.1494598	0.6227131
0.063786834	0.7653645	-0.14945358	0.6227455
0.06421154	0.7645743	-0.14949112	0.6236629
0.06456879	0.7640599	-0.14962484	0.6242243
0.06491764	0.76352745	-0.1497856	0.6248007
0.06539811	0.7630058	-0.15005766	0.6253223
0.06590057	0.7625498	-0.15032637	0.62576115
0.06695991	0.7616798	-0.15085156	0.6265813
0.06750425	0.76121175	-0.15110265	0.6270309
0.06806857	0.7606731	-0.15142766	0.62754506
0.06860703	0.7601337	-0.15178326	0.62805396
0.06916724	0.7595453	-0.15220457	0.62860215
0.069630966	0.7590295	-0.15259305	0.6290796
0.07011277	0.75846577	-0.15302517	0.62960094
0.07055524	0.75789905	-0.15344481	0.63013154
0.070958756	0.7573252	-0.15384431	0.6306786
0.07131374	0.7567721	-0.15423277	0.6312072
0.07163005	0.7562441	-0.1546388	0.6317048
0.07189337	0.75573176	-0.15506543	0.63218313
0.0720876	0.75522006	-0.1554539	0.63267696
0.07222933	0.754653	-0.15580833	0.63324994
0.072309785	0.75408995	-0.1560564	0.6338502
0.07233701	0.7534937	-0.15620597	0.6345191
0.072320394	0.7528768	-0.1562258	0.6352478
0.07228815	0.7523075	-0.1561179	0.6359521
0.07231027	0.7518128	-0.155852	0.6365995
0.0723239	0.7513869	-0.1556128	0.6371592
0.072396226	0.7510352	-0.15540165	0.6376168
0.072494514	0.7507469	-0.15526542	0.6379784
0.07259933	0.7504564	-0.15519501	0.6383252
0.07268247	0.75013196	-0.15515983	0.6387057
0.07264231	0.74972653	-0.15506408	0.6392092
0.072526634	0.749265	-0.15494433	0.6397922
0.07239238	0.74880177	-0.15480588	0.64038306
0.07228725	0.748375	-0.15466851	0.64092684
0.07226694	0.74801695	-0.15458627	0.6413668
0.07236489	0.74768645	-0.15459593	0.64173865
0.07258657	0.7473789	-0.154679	0.6420518
0.07292455	0.7470874	-0.15479589	0.64232445
0.07330579	0.7468205	-0.15488079	0.6425709
0.073698275	0.74656856	-0.15490682	0.6428125
0.07704307	0.742336	-0.15632969	0.64696425
0.07704307	0.742336	-0.15632969	0.64696425
0.07704307	0.742336	-0.15632969	0.64696425
0.07704307	0.742336	-0.15632969	0.64696425
0.07704307	0.742336	-0.15632969	0.64696425
0.07704307	0.742336	-0.15632969	0.64696425
0.07704307	0.742336	-0.15632969	0.64696425
0.07704307	0.742336	-0.15632969	0.64696425
0.07704307	0.742336	-0.15632969	0.64696425
0.07704307	0.742336	-0.15632969	0.64696425
0.07704307	0.742336	-0.15632969	0.64696425
0.07704307	0.742336	-0.15632969	0.64696425
0.07704307	0.742336	-0.15632969	0.64696425
0.07704307	0.742336	-0.15632969	0.64696425
0.07704307	0.742336	-0.15632969	0.64696425
0.07704307	0.742336	-0.15632969	0.64696425
0.07704307	0.742336	-0.15632969	0.64696425
0.07704307	0.742336	-0.15632969	0.64696425
0.07841803	0.7411097	-0.15740111	0.6479444
0.07841803	0.7411097	-0.15740111	0.6479444
0.07867094	0.74082625	-0.15748094	0.6482185
0.07873164	0.74067944	-0.15751754	0.64837
0.07876876	0.7405551	-0.1575671	0.6484954
0.078797854	0.7404533	-0.15764596	0.64858896
0.07884636	0.7403363	-0.15779424	0.6486805
0.07897032	0.74011946	-0.15830511	0.6487885
0.07907974	0.7399675	-0.15858372	0.6488803
0.079249725	0.7398518	-0.15890048	0.64891416
0.07944935	0.7397661	-0.15915817	0.64892423
0.07971064	0.7397203	-0.15948734	0.64886355
0.08002001	0.7397142	-0.15986955	0.64873844
0.08030356	0.7396998	-0.16020484	0.6486371
0.08058182	0.7396667	-0.16054426	0.6485564
0.080821574	0.73960936	-0.1608519	0.6485157
0.081015155	0.7395459	-0.16113447	0.6484937
0.08118638	0.7395084	-0.16140904	0.64844686
0.08137292	0.73948926	-0.16170736	0.6483709
0.08162625	0.7394762	-0.16206063	0.6482657
0.081905305	0.73946273	-0.16238943	0.6481637
0.08222723	0.73945004	-0.1627491	0.6480472
0.08262272	0.73946434	-0.16302082	0.64791226
0.08298983	0.73947585	-0.16327116	0.6477892
0.08330268	0.7394522	-0.16350375	0.64771736
0.08348818	0.7393588	-0.16377948	0.6477304
0.08358444	0.7392633	-0.16405536	0.64775705
0.08367515	0.7391264	-0.16437156	0.6478215
0.083811395	0.73899716	-0.1647293	0.64786047
0.084055305	0.7388784	-0.16517289	0.64785135
0.08473393	0.7387495	-0.16605276	0.647685
0.085093476	0.7387036	-0.16647114	0.6475829
0.08544234	0.7386373	-0.16685644	0.6475133
0.08569435	0.7385537	-0.16717029	0.6474944
0.08590427	0.73844373	-0.1674874	0.6475102
0.08609099	0.73831636	-0.1678215	0.6475441
0.086303644	0.73817444	-0.16822658	0.6475724
0.086575076	0.7380263	-0.16873117	0.64757377
0.08692266	0.7378864	-0.16932064	0.6475327
0.08737136	0.73775315	-0.17000014	0.64744616
0.08783231	0.7376418	-0.17063162	0.6473445
0.0884479	0.73747426	-0.17135228	0.6472612
0.08839737	0.73748094	-0.17139669	0.64724874
0.08913103	0.737112	-0.17226103	0.6473389
0.08952694	0.7368879	-0.17278062	0.64740103
0.08990719	0.7366932	-0.17326677	0.64744
0.09033592	0.73650205	-0.17377675	0.6474611
0.09078306	0.7363426	-0.17429245	0.6474413
0.09122582	0.7362007	-0.17483106	0.6473952
0.09163499	0.73606837	-0.17537676	0.64734024
0.09196907	0.7359389	-0.17589928	0.64729834
0.09222972	0.73578805	-0.17638971	0.6472993
0.092425436	0.73557484	-0.17688115	0.6473796
0.09262128	0.7353153	-0.17728686	0.6475354
0.092900604	0.7350618	-0.17766044	0.6476809
0.09322558	0.734874	-0.17797808	0.6477601
0.09359	0.7347191	-0.17830211	0.64779407
0.09398969	0.7345815	-0.17867623	0.6477892
0.09445238	0.7344591	-0.1791389	0.6477329
0.09485972	0.7343826	-0.17953302	0.64765096
0.09535119	0.73431975	-0.17996457	0.64753026
0.09588546	0.7342806	-0.18038963	0.64737743
0.096453846	0.7342488	-0.18080835	0.6472123
0.097043514	0.7342204	-0.18123482	0.64703715
0.0976003	0.7341888	-0.18166883	0.6468674
0.09814518	0.7341428	-0.18210292	0.64671516
0.09860715	0.7340327	-0.1826091	0.6466272
0.09900356	0.7338653	-0.18312405	0.6466109
0.099387765	0.73365694	-0.18368948	0.646628
0.099771604	0.7334498	-0.18427272	0.64663786
0.10018399	0.7332676	-0.18489072	0.6466044
0.10065902	0.7331055	-0.18556802	0.64652044
0.10120899	0.7329796	-0.18627389	0.64637434
0.10162143	0.7328849	-0.18679178	0.6462675
0.10207027	0.7327747	-0.18734974	0.6461602
0.10249062	0.7326513	-0.18788932	0.6460769
0.1028637	0.7325172	-0.18839715	0.64602184
0.10320005	0.73236823	-0.18887888	0.6459964
0.103610516	0.73220545	-0.18943939	0.64595103
0.10401778	0.7320665	-0.18994913	0.6458934
0.104594566	0.73198026	-0.19060536	0.64570475
0.10519229	0.7319029	-0.19125314	0.6455037
0.10577804	0.7318203	-0.19185631	0.6453227
0.10638749	0.7317231	-0.19243905	0.645159
0.106997974	0.7316212	-0.19298445	0.6450107
0.108306356	0.731384	-0.19418955	0.64469975
0.10884425	0.731288	-0.19471826	0.6445585
0.10950597	0.73117137	-0.19542873	0.6443637
0.11022349	0.73102915	-0.19622535	0.64416057
0.11099533	0.73086107	-0.19711334	0.6439476
0.11214926	0.730602	-0.19845332	0.64363
0.112154655	0.7305929	-0.1984478	0.6436412
0.11344138	0.7302464	-0.20002358	0.64332086
0.11424734	0.7299998	-0.20105508	0.64313674
0.11513221	0.7297261	-0.20220464	0.6429291
0.11594738	0.72948366	-0.20327112	0.64272135
0.11673257	0.72924393	-0.20432939	0.64251566
0.11741357	0.72899467	-0.20528272	0.6423705
0.11801655	0.7287512	-0.20619437	0.6422443
0.11853959	0.72854745	-0.20703316	0.6421093
0.1190167	0.7283856	-0.20782462	0.64194894
0.119558424	0.7282537	-0.20871279	0.64170974
0.119965486	0.7281587	-0.20936285	0.6415298
0.120499425	0.7280458	-0.21018447	0.64128906
0.121087015	0.7279257	-0.21106803	0.64102453
0.12168652	0.72776234	-0.21198857	0.64079267
0.12227321	0.727555	-0.21293928	0.6406012
0.12286214	0.7272914	-0.2139378	0.64045507
0.1234355	0.7269704	-0.21483606	0.64040864
0.12392676	0.726688	-0.21560258	0.6403767
0.12444047	0.7264377	-0.21630797	0.64032316
0.12511632	0.7261405	-0.21725158	0.64020914
0.1251223	0.72613996	-0.21724637	0.64021033
0.12600687	0.72583324	-0.21842195	0.63998467
0.1264994	0.7256253	-0.21908128	0.6398978
0.12693033	0.72539115	-0.21968022	0.6398726
0.12734139	0.7251261	-0.22021848	0.63990647
0.12778291	0.7248448	-0.22063625	0.63999313
0.12824883	0.7246015	-0.22099972	0.64005005
0.12877929	0.7244267	-0.22135572	0.6400184
0.12936	0.72432864	-0.22171915	0.63988644
0.12993678	0.7242858	-0.22210069	0.63968575
0.13053873	0.7242716	-0.2225219	0.6394328
0.131124	0.724257	-0.22295001	0.6391805
0.13165934	0.724226	-0.22334585	0.6389673
0.13215958	0.7241474	-0.22374782	0.6388124
0.13265774	0.7239832	-0.22418284	0.63874274
0.13315968	0.7237572	-0.22463785	0.6387347
0.13374408	0.723484	-0.22514684	0.63874286
0.1343827	0.723217	-0.22567914	0.6387232
0.13509883	0.7229766	-0.22626197	0.6386381
0.13584273	0.7227803	-0.22687404	0.63848543
0.13653287	0.7226014	-0.22746459	0.6383306
0.1371729	0.7223942	-0.22808412	0.6382068
0.1377628	0.72213006	-0.22872618	0.63814884
0.13838251	0.72176445	-0.22945978	0.638165
0.13899739	0.7214267	-0.23013765	0.6381691
0.13974567	0.7210936	-0.23087856	0.63811463
0.14045995	0.72081655	-0.23151715	0.63803947
0.14118369	0.72053146	-0.23216818	0.6379652
0.1418612	0.72023934	-0.23279883	0.63791496
0.14243808	0.7199559	-0.23336129	0.6379008
0.14293756	0.71969515	-0.23389107	0.63788927
0.143377	0.71946937	-0.23438245	0.63786495
0.14380117	0.7192623	-0.23489144	0.63781583
0.14423545	0.7190619	-0.23543432	0.6377436
0.14470498	0.7188477	-0.2360142	0.6376644
0.14521107	0.718616	-0.23663089	0.6375819
0.14578554	0.7183459	-0.23730224	0.6375057
0.14640833	0.71804094	-0.23797698	0.637455
0.14708123	0.71771467	-0.23864736	0.63741684
0.1478372	0.71740144	-0.23934658	0.63733244
0.14850698	0.7171845	-0.23988958	0.63721675
0.14927606	0.71699303	-0.24051416	0.63701695
0.15007769	0.71682847	-0.24119134	0.63675785
0.15086997	0.7166583	-0.24189733	0.63649416
0.15163939	0.7164668	-0.24263464	0.6362463
0.1523864	0.7162445	-0.24336396	0.6360395
0.15312453	0.71599346	-0.24407595	0.63587207
0.15384635	0.71571153	-0.24474739	0.6357571
0.15451178	0.7154529	-0.2453379	0.63565916
0.15521134	0.7151987	-0.24601437	0.6355133
0.1557866	0.71498454	-0.24657589	0.63539594
0.15631156	0.71472096	-0.24728559	0.63528776
0.15677859	0.7144007	-0.24800402	0.6352528
0.15721472	0.71405256	-0.24875097	0.6352445
0.15767449	0.7137094	-0.24952435	0.6352128
0.15814655	0.7133859	-0.25028884	0.6351581
0.15913299	0.71281177	-0.25183082	0.6349467
0.15971182	0.71246314	-0.2526498	0.63486737
0.15974183	0.71244943	-0.25262237	0.634886
0.16054665	0.7121332	-0.2535374	0.63467306
0.16104911	0.7119401	-0.25404692	0.6345587
0.16156974	0.71173424	-0.25455478	0.63445365
0.16213775	0.71150804	-0.25512683	0.63433266
0.16276212	0.7112904	-0.25576386	0.63416034
0.16341084	0.7110867	-0.25649387	0.63392705
0.16410184	0.71086895	-0.25730005	0.6336661
0.16480175	0.7106406	-0.2581707	0.6333863
0.16549896	0.7103821	-0.25908458	0.63312125
0.16625498	0.7100789	-0.26008606	0.6328527
0.16696413	0.70978546	-0.2610272	0.6326077
0.16773869	0.70945436	-0.26207146	0.63234234
0.16851406	0.7091216	-0.26312494	0.6320719
0.16929185	0.70876944	-0.26417613	0.63182056
0.1700325	0.7084173	-0.26518866	0.63159233
0.17070305	0.7080816	-0.2661054	0.6314024
0.17139526	0.7077116	-0.26703587	0.63123673
0.17201877	0.7073762	-0.26785824	0.6310947
0.1726628	0.707059	-0.26864436	0.6309401
0.17331919	0.70674455	-0.26942867	0.63077796
0.17404413	0.7064106	-0.2702916	0.6305832
0.17473072	0.706107	-0.2711358	0.63037086
0.1754983	0.7057765	-0.27216047	0.6300861
0.17622212	0.7054492	-0.27320683	0.62979776
0.17690353	0.7051245	-0.2742434	0.6295199
0.17757002	0.7047931	-0.27526176	0.6292587
0.17824982	0.7044584	-0.27626836	0.6290001
0.17891654	0.7041606	-0.27721885	0.6287262
0.179573	0.7039045	-0.2780964	0.6284381
0.18024778	0.70368284	-0.27897143	0.6281052
0.18090017	0.7035181	-0.27979118	0.6277375
0.18155959	0.7033918	-0.28055075	0.6273496
0.18217501	0.7032916	-0.2812061	0.62698984
0.1828157	0.7031761	-0.2818154	0.6266594
0.1834758	0.70306784	-0.2823584	0.6263433
0.18416862	0.7029842	-0.2828452	0.62601423
0.1848878	0.7029271	-0.28332743	0.62564814
0.18570225	0.70288485	-0.2838931	0.62519777
0.18645863	0.7028448	-0.28445408	0.62476254
0.18714087	0.7027964	-0.28501302	0.6243581
0.18783385	0.7027312	-0.2856442	0.62393486
0.18846153	0.70264465	-0.28628328	0.62355006
0.18904048	0.7025042	-0.28695363	0.6232248
0.18958955	0.7022822	-0.2876991	0.62296456
0.19013886	0.7020235	-0.2883939	0.62276745
0.19075266	0.70169175	-0.28913093	0.62261176
0.19138412	0.7013622	-0.28987262	0.6224444
0.1920699	0.70109105	-0.2906285	0.62218624
0.19282722	0.700817	-0.29139817	0.6219006
0.19367021	0.7006394	-0.29233214	0.6214003
0.19438954	0.7005015	-0.29316646	0.6209379
0.19519624	0.7003314	-0.29411432	0.62042826
0.19596228	0.70016056	-0.29500517	0.6199565
0.19673379	0.69996524	-0.2958704	0.6195201
0.19745478	0.6997522	-0.29664394	0.6191615
0.19816281	0.6994998	-0.29740328	0.6188562
0.1988546	0.6992313	-0.2981603	0.6185732
0.19953677	0.6989745	-0.29892895	0.61827284
0.20038316	0.698667	-0.29991716	0.617868
0.20038886	0.698668	-0.2999123	0.61786723
0.20168261	0.6982339	-0.3015319	0.6171483
0.20244846	0.6979555	-0.30252984	0.61672395
0.2031864	0.69767743	-0.3034701	0.6163339
0.20398028	0.6973674	-0.30445537	0.6159365
0.20471525	0.69707656	-0.3053331	0.6155873
0.20546834	0.6967935	-0.3061984	0.61522704
0.20618534	0.69656134	-0.30698124	0.61485976
0.20694916	0.69634134	-0.30779678	0.61444443
0.20760858	0.6961435	-0.30852816	0.6140792
0.20837586	0.69587153	-0.30943248	0.6136724
0.20899779	0.6955983	-0.3102001	0.6133831
0.20964685	0.6952661	-0.31101784	0.61312413
0.21028444	0.6948993	-0.3118422	0.61290276
0.21087626	0.6945474	-0.31259972	0.6127124
0.21149682	0.6941614	-0.31338504	0.6125349
0.21206827	0.6937845	-0.3141579	0.6123684
0.21262792	0.6934313	-0.31496853	0.6121579
0.21318749	0.6930654	-0.3158112	0.61194354
0.21366994	0.6927399	-0.3165451	0.6117645
0.21422225	0.69234943	-0.3173601	0.6115911
0.21488813	0.6918832	-0.3182721	0.6114112
0.21490288	0.69189215	-0.31826034	0.6114021
0.2159116	0.69134766	-0.31929535	0.61112285
0.21653448	0.6910758	-0.31985566	0.6109169
0.21715845	0.6908471	-0.3204128	0.6106621
0.21784388	0.690618	-0.32105106	0.61034185
0.218521	0.690362	-0.32176277	0.6100145
0.21920858	0.69004214	-0.32256803	0.60970426
0.2198742	0.68967813	-0.32340106	0.6094351
0.22052859	0.6892513	-0.32425255	0.60922915
0.22113413	0.6887988	-0.32505178	0.6090955
0.22172059	0.68835056	-0.32579786	0.60899043
0.22231993	0.6879523	-0.32650453	0.6088434
0.22287469	0.68767637	-0.32714605	0.60860795
0.2234452	0.68748325	-0.3277895	0.6082706
0.22405045	0.68731093	-0.3284675	0.6078768
0.22465706	0.68712926	-0.32913503	0.60749716
0.22525957	0.6869198	-0.32978812	0.60715663
0.22591166	0.6866382	-0.33051896	0.6068353
0.22647624	0.68637127	-0.33112633	0.6065957
0.22704948	0.6860852	-0.3317433	0.6063679
0.22761333	0.685826	-0.33237442	0.606104
0.22816768	0.6855713	-0.33299255	0.6058445
0.22874007	0.6853322	-0.3336544	0.6055349
0.22936843	0.6851028	-0.33434865	0.6051737
0.23001851	0.6848426	-0.3350494	0.60483384
0.23067233	0.6845628	-0.33576208	0.60450643
0.231308	0.6842502	-0.33648938	0.60421294
0.23193644	0.6838908	-0.3372723	0.60394233
0.23244415	0.68357635	-0.33789757	0.6037536
0.23296395	0.68318456	-0.3385375	0.6036382
0.23345493	0.6827941	-0.33913156	0.6035569
0.23398311	0.6824194	-0.33971953	0.6034453
0.23456694	0.6820777	-0.34030658	0.6032743
0.23522876	0.68176246	-0.34092447	0.603024
0.2359475	0.6814597	-0.3416014	0.6027022
0.2366058	0.68119013	-0.34223497	0.60238945
0.23729068	0.6808832	-0.3429265	0.60207367
0.23834133	0.68031496	-0.34408188	0.6016416
0.23838091	0.68032914	-0.34404945	0.6016285
0.23924653	0.67982805	-0.34498417	0.601316
0.23987173	0.6794838	-0.34560356	0.6011003
0.2405744	0.67912453	-0.34629226	0.600829
0.24128711	0.6787937	-0.34702042	0.6004969
0.24201567	0.6784669	-0.34779456	0.60012496
0.24274217	0.6781274	-0.34861147	0.5997412
0.24345146	0.6777729	-0.3494659	0.5993572
0.2440734	0.6774367	-0.35027272	0.59901315
0.24466021	0.67704606	-0.35117576	0.59868664
0.24523988	0.67666435	-0.3520325	0.59837776
0.24582772	0.67632425	-0.35279465	0.5980721
0.24643975	0.676043	-0.35350966	0.597716
0.24703361	0.675798	-0.3541187	0.5973872
0.24762143	0.6755442	-0.35474008	0.59706205
0.24826005	0.67527014	-0.35543644	0.59669274
0.24940227	0.6747288	-0.35681555	0.5960053
0.24992463	0.6744387	-0.35749435	0.59570795
0.2504554	0.67413014	-0.35821033	0.595404
0.25100762	0.67379785	-0.35896865	0.5950909
0.25151902	0.6734904	-0.35969922	0.59478176
0.25208575	0.6732025	-0.3604898	0.59438914
0.25265625	0.6729118	-0.3612808	0.5939955
0.25325322	0.6726342	-0.36204606	0.5935897
0.25389937	0.67236096	-0.36279026	0.5931688
0.2545784	0.67208725	-0.36347824	0.5927666
0.25525773	0.6718475	-0.36407283	0.59238124
0.25593913	0.67162424	-0.3646022	0.5920147
0.2566317	0.6714134	-0.36513874	0.59162325
0.25730753	0.6712365	-0.3656953	0.5911865
0.25799948	0.67105407	-0.3663561	0.59068257
0.25864774	0.6708482	-0.3670803	0.5901832
0.2592582	0.67060477	-0.36783415	0.58972245
0.25984082	0.6703314	-0.3685694	0.58931756
0.2604076	0.6700479	-0.36924428	0.5889673
0.2614584	0.6694324	-0.37044552	0.58844703
0.26191923	0.6690838	-0.371054	0.5882552
0.26245192	0.6686638	-0.3718486	0.5879935
0.26280147	0.6683616	-0.3724136	0.5878234
0.26323605	0.66797644	-0.37316668	0.5875891
0.26371968	0.66755295	-0.3739257	0.5873709
0.26424703	0.66713274	-0.37467965	0.5871309
0.26477632	0.6667622	-0.37536803	0.5868736
0.26538575	0.6664161	-0.37602448	0.5865711
0.2660065	0.6661146	-0.37666777	0.58621943
0.26663834	0.66585034	-0.3772629	0.5858498
0.26731095	0.665592	-0.37784728	0.5854601
0.26796272	0.665349	-0.37836933	0.5851011
0.2686238	0.66510516	-0.37888366	0.58474237
0.26925325	0.6648604	-0.37939644	0.5843985
0.26991773	0.6645778	-0.37997344	0.5840385
0.27062562	0.66425556	-0.38061228	0.5836615
0.27133375	0.66394	-0.38123134	0.58328754
0.2720757	0.66362786	-0.38184166	0.5828979
0.27281034	0.6633472	-0.38242018	0.5824945
0.2735363	0.66308266	-0.3829921	0.5820794
0.27475625	0.6625593	-0.38410965	0.58136404
0.27482182	0.66252553	-0.38405147	0.58140975
0.27541137	0.6622109	-0.38459837	0.5811278
0.2758549	0.6619612	-0.38500723	0.5809312
0.27632397	0.6617227	-0.38546243	0.580678
0.27700868	0.6614501	-0.38615128	0.58020437
0.27712807	0.6614476	-0.3860505	0.5802173
0.27790442	0.6611666	-0.38677377	0.5796844
0.2784631	0.6609253	-0.38723558	0.579383
0.27900594	0.6606689	-0.38774264	0.57907504
0.2795797	0.6603764	-0.38828763	0.5787667
0.28017953	0.6600466	-0.38897014	0.5783945
0.2807089	0.6597687	-0.38960454	0.5780279
0.28130335	0.65948397	-0.3903261	0.57757664
0.28192064	0.6592181	-0.3910778	0.57707065
0.2825965	0.65891063	-0.3918913	0.5765391
0.283302	0.65854454	-0.39272833	0.5760414
0.28476292	0.65754837	-0.39463297	0.57515657
0.2848065	0.65753853	-0.3945956	0.5751718
0.28578323	0.65673876	-0.3959214	0.57469
0.28630885	0.6563011	-0.3966612	0.57441807
0.28691858	0.65583545	-0.3975527	0.5740292
0.28695634	0.6557962	-0.39751777	0.57407945
0.2878092	0.65529656	-0.39877787	0.5733485
0.28835717	0.65501183	-0.3994886	0.5729037
0.28885266	0.6547585	-0.40015846	0.57247597
0.2900188	0.6541024	-0.40163994	0.57159823
0.2900227	0.6541015	-0.40163657	0.5715996
0.29066256	0.653702	-0.4024393	0.57116693
0.29132962	0.6532658	-0.40328515	0.5707294
0.29200992	0.65279776	-0.40419587	0.5702728
0.2926539	0.65234977	-0.40508282	0.5698258
0.29330105	0.6519041	-0.40599298	0.5693552
0.29396352	0.65143174	-0.40696082	0.56886303
0.29452556	0.6509723	-0.4078022	0.5684955
0.2951279	0.6504808	-0.40869796	0.5681024
0.29565707	0.6500016	-0.40952358	0.56778103
0.2963268	0.6493468	-0.41060573	0.5673995
0.2971538	0.64871615	-0.41178098	0.5668363
0.29773238	0.6483393	-0.41262457	0.56635034
0.29828748	0.6479784	-0.41342717	0.5658856
0.29889125	0.64756244	-0.4142798	0.5654195
0.2994661	0.6471708	-0.41498825	0.56504405
0.29947424	0.6471713	-0.4149815	0.56504405
0.30028236	0.64664894	-0.4159002	0.56453764
0.3010976	0.6461742	-0.4167786	0.563999
0.30161184	0.64591235	-0.41730693	0.5636333
0.3021314	0.6456806	-0.41783938	0.563226
0.30267483	0.6454535	-0.41840634	0.5627734
0.30325744	0.6451991	-0.41903389	0.5622843
0.30383575	0.6449191	-0.4197004	0.561796
0.30436462	0.64463365	-0.4203945	0.5613182
0.30488545	0.64431995	-0.4211732	0.5608119
0.30536067	0.6440135	-0.42194146	0.56032753
0.30578473	0.64372045	-0.42269543	0.5598645
0.3062176	0.64342415	-0.42342576	0.55941653
0.3066303	0.643139	-0.42411307	0.5589976
0.30703467	0.64284766	-0.42474976	0.5586271
0.30745438	0.6425333	-0.4253645	0.5582902
0.30787835	0.6422104	-0.42590597	0.5580151
0.3082887	0.6419215	-0.42638198	0.55775744
0.30870688	0.64167005	-0.4268639	0.5574469
0.30915672	0.64141846	-0.4274922	0.55700547
0.3092605	0.6414387	-0.4274078	0.55698925
0.30986556	0.64109915	-0.4283327	0.556333
0.31031078	0.64088506	-0.42887235	0.55591565
0.31082907	0.64063567	-0.42944446	0.55547154
0.31140122	0.64036304	-0.43003252	0.5550104
0.31203923	0.6400548	-0.43064573	0.554532
0.3127028	0.6397002	-0.43129456	0.5540629
0.31325874	0.6393556	-0.43184564	0.5537172
0.31376255	0.63898396	-0.43239045	0.55343574
0.3141957	0.6386263	-0.43291447	0.5531932
0.31461138	0.63828146	-0.43342668	0.55295366
0.3150412	0.6379565	-0.4339328	0.5526869
0.31548968	0.63766944	-0.4344356	0.5523674
0.31600574	0.63737273	-0.4349608	0.5520013
0.3165	0.63712764	-0.4354517	0.5516139
0.31702298	0.63686264	-0.43593338	0.551239
0.3176201	0.6365643	-0.43644622	0.55083406
0.3180175	0.63639617	-0.43672064	0.5505814
0.3184087	0.6362992	-0.43698785	0.5502553
0.31872666	0.63623613	-0.43727782	0.5499137
0.31902006	0.6361521	-0.43768406	0.5495174
0.3192945	0.63603044	-0.43817362	0.5491087
0.31960726	0.6358489	-0.43881226	0.5486268
0.31998536	0.63558984	-0.43954515	0.54811954
0.32045844	0.63524115	-0.44029474	0.54764545
0.32101607	0.634833	-0.4409743	0.5472453
0.3217061	0.6344328	-0.44154286	0.5468457
0.32229266	0.63409775	-0.4419936	0.54652464
0.32284364	0.6338289	-0.44241178	0.54617286
0.32335418	0.6336001	-0.4428983	0.5457418
0.3238215	0.6334189	-0.44342	0.54525125
0.32426047	0.63321877	-0.44405654	0.5447044
0.32472834	0.6329383	-0.44477174	0.54416794
0.32529345	0.6325288	-0.44558835	0.5436382
0.32584387	0.632076	-0.44635776	0.5432038
0.3264213	0.6315804	-0.44713053	0.542798
0.32733193	0.6307792	-0.44834894	0.54217595
0.3273499	0.63077223	-0.44833362	0.5421857
0.32812467	0.6301195	-0.4494664	0.5415381
0.32865974	0.6297284	-0.45023736	0.541028
0.32932994	0.62924606	-0.45121503	0.54036677
0.32932827	0.6292377	-0.4512158	0.5403769
0.3303027	0.62851393	-0.45271996	0.5393655
0.3308789	0.62809896	-0.45360363	0.5387528
0.33139703	0.6277567	-0.4543484	0.5382055
0.33194152	0.6274277	-0.45505586	0.53765565
0.3324744	0.6271151	-0.45569047	0.5371533
0.33303097	0.62681067	-0.45628926	0.5366552
0.33351535	0.6265474	-0.45676342	0.5362585
0.33400387	0.6262462	-0.4572606	0.5358823
0.33451962	0.6258894	-0.457849	0.535475
0.3349306	0.6255336	-0.45847815	0.53509545
0.33533785	0.6251014	-0.45926356	0.5346717
0.33572534	0.6246237	-0.46008077	0.53428394
0.33611837	0.62411946	-0.46085307	0.5339606
0.33655223	0.62359583	-0.461563	0.53368574
0.33696368	0.6231755	-0.46208093	0.5334688
0.33736193	0.622932	-0.4623332	0.53328294
0.33790183	0.6227527	-0.46247193	0.53303015
0.33822036	0.62281585	-0.46259373	0.5326485
0.3385305	0.62286544	-0.46276802	0.532242
0.33882946	0.6228271	-0.46300045	0.53189427
0.33915898	0.6227022	-0.46331072	0.5315603
0.33973438	0.6224989	-0.46387276	0.5309404
0.34013042	0.62248814	-0.46402723	0.5305645
0.34053844	0.62252843	-0.46412724	0.5301677
0.34095338	0.6226139	-0.46423385	0.52970713
0.34130976	0.62274086	-0.46432436	0.529249
0.34158403	0.62290657	-0.46440983	0.5288018
0.3417601	0.6230755	-0.46453175	0.5283818
0.34186628	0.6232241	-0.4646074	0.5280712
0.3419068	0.6233973	-0.46459952	0.5278474
0.34189892	0.62360936	-0.4644604	0.5277244
0.3419031	0.62383175	-0.4642184	0.5276717
0.34190047	0.62415355	-0.46387318	0.5275966
0.34193614	0.6244824	-0.46354932	0.527469
0.3420529	0.6245369	-0.46345812	0.5274088
0.34214592	0.62491316	-0.46334934	0.5269982
0.34226307	0.62510717	-0.46337742	0.5266674
0.34237444	0.6252695	-0.4634931	0.5263002
0.34247246	0.6254197	-0.46364346	0.5259254
0.34256402	0.6255774	-0.46379736	0.5255424
0.34271294	0.62582254	-0.4639501	0.5250185
0.34281525	0.62599176	-0.46405396	0.524658
0.34300414	0.62628514	-0.46408653	0.5241553
0.3432004	0.62661594	-0.4640709	0.52364516
0.3433459	0.62702054	-0.46398777	0.5231389
0.34344876	0.6274821	-0.46386707	0.5226248
0.34351927	0.62798035	-0.46373725	0.5220949
0.34355187	0.62857014	-0.46361563	0.5214713
0.34355193	0.62854254	-0.4636141	0.5215059
0.34351495	0.62930703	-0.46348825	0.5207195
0.34342867	0.62961894	-0.4634286	0.5204525
0.34326297	0.6298446	-0.46336347	0.5203466
0.34302166	0.6300383	-0.46325767	0.5203654
0.34273663	0.6302447	-0.46311653	0.520429
0.3424066	0.63053113	-0.46294162	0.5204549
0.3420801	0.630881	-0.46278548	0.5203845
0.34181505	0.63124555	-0.46271083	0.520183
0.34165367	0.6315672	-0.46275046	0.5198632
0.34161162	0.631828	-0.46289495	0.5194451
0.34167367	0.6320263	-0.46310806	0.51897275
0.34179884	0.63221145	-0.46334755	0.518451
0.3419237	0.6323997	-0.46354336	0.51796365
0.34202212	0.6326199	-0.4636877	0.51750034
0.34205183	0.63284045	-0.46379715	0.51711285
0.34201002	0.6330881	-0.4639283	0.51671964
0.3419102	0.63330793	-0.46407068	0.5163883
0.34174898	0.6335675	-0.46426672	0.51600033
0.34154394	0.6337738	-0.4645213	0.5156534
0.34134144	0.63397986	-0.4647948	0.51528764
0.34113148	0.63414	-0.46504688	0.51500213
0.3408894	0.6342895	-0.4652501	0.51479477
0.3405928	0.6344942	-0.4653678	0.5146324
0.34024942	0.6347724	-0.46541032	0.514478
0.33996612	0.63507575	-0.46544778	0.5142571
0.33969885	0.6354549	-0.4654979	0.5139197
0.33947918	0.6358436	-0.4655676	0.51352084
0.3393045	0.6362355	-0.4656656	0.51306176
0.339136	0.6366268	-0.46579373	0.51257133
0.3389599	0.637004	-0.46593043	0.51209474
0.33876702	0.63739455	-0.4660551	0.5116227
0.3385573	0.6378197	-0.46617323	0.51112384
0.33837774	0.63823885	-0.46629953	0.5106041
0.33825752	0.63862497	-0.46647704	0.51003855
0.33820271	0.6390651	-0.46679318	0.50923365
0.33819076	0.6390467	-0.4668016	0.50925696
0.33823988	0.6395747	-0.4673366	0.50806934
0.3382043	0.63996667	-0.46767828	0.50728446
0.33817017	0.63995075	-0.46770385	0.5073038
0.33782253	0.640613	-0.4679071	0.5065115
0.33754906	0.6410224	-0.4680042	0.50608605
0.33725834	0.6414748	-0.46810278	0.50561523
0.33701515	0.64194113	-0.46823537	0.5050624
0.33685014	0.6424473	-0.46841872	0.50435853
0.33684006	0.642868	-0.4686699	0.50359523
0.33683407	0.64328504	-0.46892312	0.5028304
0.33685887	0.6436223	-0.46912536	0.5021931
0.33681786	0.6438403	-0.4692871	0.50178987
0.33661473	0.6440352	-0.46926227	0.50169915
0.33633426	0.64423037	-0.46923664	0.5016608
0.3359858	0.64447623	-0.4692542	0.501562
0.33598408	0.64443624	-0.46925393	0.50161475
0.3353068	0.6451116	-0.46954048	0.5009313
0.33502835	0.64548355	-0.46978655	0.50040746
0.33481535	0.6458391	-0.4700213	0.49987045
0.33461863	0.646243	-0.47020262	0.49930954
0.3344381	0.64666146	-0.47026956	0.4988254
0.33412966	0.64730716	-0.4702901	0.4981748
0.33417612	0.6472838	-0.47025436	0.49820766
0.3337873	0.6479518	-0.47036338	0.4974966
0.33356136	0.64833295	-0.4704986	0.49702358
0.33333945	0.64871037	-0.4707223	0.49646768
0.33312505	0.64908373	-0.471023	0.4958382
0.33290577	0.6494773	-0.47136083	0.4951484
0.33269686	0.64987814	-0.471624	0.494512
0.3324747	0.6503146	-0.4717979	0.49392128
0.33222264	0.65076715	-0.4718763	0.49341977
0.3317741	0.6514104	-0.47182205	0.49292445
0.33179402	0.65142417	-0.4718078	0.49290648
0.33129954	0.65210897	-0.47175434	0.49238446
0.3309833	0.65251964	-0.47178975	0.4920191
0.3306986	0.6528664	-0.4719125	0.4916326
0.33043104	0.6532034	-0.47210765	0.49117717
0.3301833	0.6535577	-0.4723429	0.49064603
0.3297252	0.6543456	-0.4728611	0.48940322
0.3295386	0.65476125	-0.4730647	0.48877594
0.32937792	0.6551659	-0.47318843	0.4882218
0.3292219	0.6555445	-0.47325474	0.4877544
0.32902637	0.6559091	-0.47331828	0.4873344
0.32881257	0.65626687	-0.47340068	0.48691666
0.32856116	0.6566669	-0.47351697	0.48643395
0.328284	0.65711963	-0.4736496	0.4858801
0.32801244	0.65761966	-0.47376317	0.48527592
0.3277352	0.6581788	-0.47385663	0.48461345
0.32750136	0.65867704	-0.4739108	0.48404142
0.32722586	0.6592324	-0.4739211	0.48346117
0.32691574	0.65976167	-0.473876	0.4829931
0.32656443	0.66032	-0.47376552	0.48257586
0.32622203	0.66089076	-0.47363648	0.4821527
0.32586855	0.661408	-0.4735867	0.48173103
0.32551676	0.6618835	-0.47364378	0.48125958
0.32516626	0.6623708	-0.47379163	0.48068023
0.3248635	0.66285366	-0.47396123	0.48005164
0.32458913	0.66333055	-0.4741123	0.47942892
0.32435155	0.6638102	-0.47421634	0.47882253
0.32414922	0.6642358	-0.47428557	0.47830048
0.3239469	0.6646504	-0.4743172	0.47783
0.32369176	0.66512984	-0.4743223	0.47733033
0.3234806	0.66553485	-0.4743144	0.47691682
0.32318315	0.66605335	-0.47433147	0.47637728
0.32286882	0.6666389	-0.47440714	0.47569567
0.3226306	0.6670948	-0.47449723	0.4751278
0.32239696	0.66757435	-0.47462988	0.47447997
0.32221067	0.6679427	-0.47488576	0.47383153
0.3220309	0.66819656	-0.4751342	0.4733467
0.32185552	0.66840845	-0.47542918	0.47287026
0.3217073	0.6685734	-0.47573888	0.47242638
0.32158688	0.66873854	-0.47603413	0.4719768
0.32145864	0.6689153	-0.4763918	0.47145274
0.3213176	0.6690819	-0.4768122	0.470887
0.32116663	0.6692363	-0.47730955	0.4702663
0.32102594	0.66936886	-0.47775093	0.46972525
0.32085308	0.6695236	-0.47822547	0.46913958
0.32066777	0.6697032	-0.4786371	0.4685897
0.32040784	0.66995347	-0.4790251	0.46801293
0.32012185	0.67025125	-0.47936922	0.4674295
0.31982195	0.67057806	-0.47967193	0.4668553
0.31955308	0.6709246	-0.4799719	0.46623284
0.31934962	0.6712372	-0.4802881	0.4655962
0.31920284	0.6715395	-0.48060524	0.46493334
0.3190588	0.6718711	-0.48094904	0.46419686
0.3189275	0.67216486	-0.48124322	0.46355668
0.31877506	0.6724502	-0.48153526	0.4629439
0.31846997	0.6728432	-0.48182064	0.46228552
0.31823045	0.6731611	-0.48204648	0.46175194
0.3179329	0.6735492	-0.48225665	0.4611711
0.3176156	0.6739537	-0.4823942	0.46065465
0.31724575	0.67442113	-0.48248044	0.46013474
0.3168287	0.67491186	-0.48254076	0.45963895
0.31636846	0.67540836	-0.48260024	0.45916393
0.315904	0.67586994	-0.4826853	0.458715
0.31544238	0.67630017	-0.48280603	0.45827132
0.31494978	0.6767432	-0.48297632	0.45777643
0.31447083	0.67718405	-0.48320612	0.45721078
0.3141173	0.6775702	-0.48347345	0.45659882
0.3138388	0.67791516	-0.4837346	0.45600113
0.31354183	0.67830914	-0.48407236	0.45526063
0.31332257	0.67860633	-0.48433298	0.45469117
0.31330746	0.6786199	-0.48434323	0.45467046
0.31287754	0.67915946	-0.48465863	0.45382407
0.31254214	0.67954415	-0.4848184	0.45330808
0.31221753	0.6799139	-0.48497936	0.45280507
0.3117998	0.680325	-0.48515227	0.4522899
0.31134027	0.6807723	-0.4853909	0.45167688
0.31054565	0.68156743	-0.4858841	0.450493
0.31012586	0.6819793	-0.48617512	0.44984457
0.30972633	0.68238384	-0.486469	0.44918805
0.30934706	0.6828013	-0.4867287	0.44853324
0.30898473	0.68325007	-0.4869465	0.44786257
0.3086551	0.6836845	-0.48720014	0.44715053
0.30831233	0.6841126	-0.48753205	0.44636983
0.30800843	0.6844795	-0.4878642	0.44565377
0.30767718	0.6848716	-0.48824495	0.44486237
0.30701372	0.68569297	-0.48885584	0.44338232
0.30639988	0.6864716	-0.48894435	0.44250342
0.30636662	0.6865094	-0.48896617	0.44244394
0.30564773	0.6874581	-0.48890513	0.44153455
0.30510956	0.6880581	-0.48891768	0.44095775
0.30457464	0.68854326	-0.48901618	0.44046083
0.3040493	0.68892896	-0.48922762	0.4399856
0.30323255	0.689442	-0.48984182	0.43906122
0.30316472	0.6894393	-0.4898846	0.43906456
0.3024087	0.6899527	-0.49022868	0.43839502
0.30188844	0.69036025	-0.49027595	0.43805897
0.3013237	0.69082516	-0.4902591	0.4377336
0.30069312	0.6913456	-0.49022675	0.4373817
0.30001086	0.69189936	-0.4902093	0.43699396
0.29928786	0.6924764	-0.49021253	0.43657184
0.29851618	0.6930908	-0.49023992	0.43609408
0.29769814	0.69373894	-0.4902838	0.4355732
0.29630077	0.69494635	-0.4902326	0.43465805
0.29565614	0.69547284	-0.49018812	0.4343047
0.2949705	0.6960394	-0.49012893	0.43392992
0.29419336	0.69669974	-0.4900485	0.4334885
0.2941357	0.696758	-0.49008495	0.43339285
0.2930743	0.6978169	-0.48995396	0.43255526
0.29245427	0.6985344	-0.48994315	0.43182847
0.29197553	0.69910306	-0.4899345	0.4312417
0.2916545	0.69968617	-0.4900562	0.43037423
0.2914249	0.70019907	-0.4902142	0.4295148
0.2910986	0.70098037	-0.4905284	0.4281005
0.2908234	0.7014318	-0.49064732	0.4274112
0.29057634	0.7018652	-0.49066257	0.4268499
0.2901568	0.7025333	-0.4907514	0.42593324
0.2901299	0.7025519	-0.4907678	0.42590198
0.28980938	0.7031334	-0.49107856	0.42480093
0.28961647	0.70348185	-0.49135777	0.42403212
0.28947753	0.7037215	-0.4916162	0.42342925
0.28932065	0.7039628	-0.49186182	0.4228497
0.28888693	0.7045304	-0.49221644	0.4217869
0.2885272	0.70499545	-0.4924373	0.4209978
0.28849274	0.7050316	-0.49245808	0.42093658
0.28799632	0.70568097	-0.4928647	0.41971064
0.28769374	0.7060704	-0.49311247	0.4189715
0.28739908	0.70650405	-0.49330318	0.4182175
0.2871368	0.7069016	-0.49341375	0.41759485
0.28685433	0.7072771	-0.49349198	0.41706052
0.28658557	0.7075628	-0.4935656	0.4166734
0.2863066	0.7077905	-0.49367243	0.41635177
0.2860247	0.70801455	-0.49381453	0.41599596
0.28575444	0.7082498	-0.49401355	0.4155447
0.28551486	0.70848274	-0.4942725	0.41500387
0.28531682	0.7086997	-0.49459067	0.41439012
0.28515837	0.70888877	-0.4949496	0.41374674
0.28502584	0.7090434	-0.4953051	0.4131474
0.28491634	0.70917255	-0.49561194	0.41263273
0.28477892	0.7092921	-0.49585283	0.41223255
0.28457913	0.7094451	-0.4960131	0.4119143
0.28430107	0.7096834	-0.4960874	0.41160622
0.2839161	0.7100618	-0.49611333	0.4111881
0.28353798	0.71046716	-0.4961486	0.41070572
0.283179	0.7108474	-0.49624342	0.41018063
0.28287676	0.7111919	-0.49637902	0.40962765
0.28254914	0.7115499	-0.4964591	0.40913478
0.2821789	0.7119238	-0.49646446	0.40873292
0.28176692	0.71230835	-0.49641418	0.4084083
0.2807832	0.7133186	-0.4961787	0.40760794
0.28034368	0.71385247	-0.49606255	0.4071167
0.27993548	0.71441185	-0.49597338	0.40652463
0.27959314	0.71492934	-0.49592188	0.4059129
0.2793074	0.71536416	-0.4959004	0.40536943
0.2790287	0.71574354	-0.49590102	0.4048906
0.27869436	0.71610326	-0.4959101	0.4044736
0.27831805	0.7164204	-0.49591535	0.40416443
0.27791354	0.7167207	-0.49592638	0.4038969
0.27749568	0.717038	-0.49597284	0.4035638
0.2771531	0.71733546	-0.49606365	0.4031586
0.27651078	0.7179953	-0.4964636	0.40193102
0.27626216	0.7182617	-0.49673754	0.40128687
0.27602077	0.7184583	-0.49703	0.40073854
0.27575406	0.71862125	-0.49729767	0.4002978
0.27544457	0.7187819	-0.4974941	0.39997828
0.27508497	0.7189829	-0.4976383	0.39968506
0.27471122	0.71924704	-0.4977196	0.3993653
0.27430147	0.7196244	-0.4977579	0.3989192
0.27390352	0.7200874	-0.49776962	0.39834225
0.27353877	0.7205885	-0.497787	0.39766446
0.27319077	0.721057	-0.49786317	0.39695823
0.27289438	0.7214289	-0.4979447	0.3963839
0.27257293	0.7217629	-0.49803293	0.3958857
0.27225307	0.722068	-0.49814546	0.39540753
0.27193555	0.7223718	-0.49828437	0.39489585
0.27160722	0.7227148	-0.49845272	0.3942814
0.2712833	0.7230844	-0.49863964	0.39358965
0.2709811	0.7234311	-0.49884066	0.39290547
0.270691	0.72372997	-0.49904484	0.39229536
0.27039167	0.72395915	-0.49924415	0.3918251
0.2700358	0.7241333	-0.49944907	0.39148742
0.26955405	0.7242848	-0.4996468	0.39128676
0.26916206	0.7244186	-0.49973676	0.39119384
0.26867485	0.72463614	-0.49977204	0.3910808
0.2681544	0.72494763	-0.49974325	0.39089748
0.26763004	0.7253545	-0.49965772	0.3906113
0.2671129	0.7258551	-0.49951622	0.39021602
0.2666094	0.72640085	-0.4993496	0.38975796
0.26611656	0.72696704	-0.49916247	0.38927868
0.26565093	0.7274926	-0.49899396	0.38883045
0.2652146	0.7279411	-0.4988746	0.38844195
0.26474455	0.7283889	-0.4987801	0.38804415
0.26428655	0.72881585	-0.49871302	0.38764104
0.26386726	0.72923255	-0.49864548	0.38722962
0.26344487	0.7296766	-0.49857697	0.38676846
0.2631018	0.73005754	-0.4985598	0.3863053
0.26278135	0.7304153	-0.49861476	0.3857756
0.26243615	0.7306955	-0.49880797	0.38522983
0.2621323	0.730954	-0.49900922	0.38468525
0.2618463	0.73105085	-0.49935344	0.38424912
0.26160735	0.7311062	-0.49970782	0.38384575
0.26135463	0.7312209	-0.500009	0.3834068
0.26108968	0.7314293	-0.50025105	0.38287392
0.26089585	0.7316617	-0.50044566	0.38230714
0.2607524	0.7318765	-0.5006424	0.3817357
0.26062763	0.7320661	-0.50091434	0.38110012
0.2605507	0.73216456	-0.50124604	0.38052693
0.2604835	0.732179	-0.5016631	0.3799954
0.26039153	0.7321322	-0.5021466	0.37950957
0.26038027	0.73214865	-0.50215244	0.3794779
0.26011875	0.73221433	-0.5024774	0.37910002
0.25974366	0.73243165	-0.5027128	0.37862515
0.2594703	0.73268497	-0.5027936	0.3782151
0.25917333	0.7330356	-0.502822	0.37770095
0.25885108	0.7334586	-0.5028306	0.3770889
0.25853643	0.7338695	-0.5028575	0.3764689
0.25821638	0.7342532	-0.5029139	0.3758645
0.2579097	0.73457605	-0.5029702	0.3753688
0.25759766	0.7348878	-0.5029943	0.37494028
0.25727442	0.73519725	-0.50296205	0.37459874
0.256921	0.73551744	-0.5028724	0.37433285
0.2564789	0.7358751	-0.5027477	0.37410045
0.25599855	0.73618805	-0.5026818	0.3739023
0.2555067	0.73651063	-0.50261897	0.37368795
0.255002	0.73677224	-0.5026464	0.37347996
0.25453722	0.7370312	-0.5026957	0.37321958
0.25410438	0.73723406	-0.50282323	0.3729421
0.2537661	0.73741746	-0.50295997	0.3726253
0.25356188	0.737572	-0.50311273	0.37225196
0.2534166	0.7377288	-0.5032566	0.3718455
0.25331724	0.7379051	-0.50338054	0.37139547
0.25323135	0.73812306	-0.5034893	0.37087297
0.25314176	0.7383842	-0.5035977	0.37026668
0.2530458	0.7386267	-0.5037115	0.36969328
0.25291446	0.73885643	-0.50388426	0.36908832
0.25274536	0.7390509	-0.5041082	0.3685086
0.25256053	0.73918635	-0.50430775	0.3680904
0.2523304	0.73930264	-0.50444883	0.36782122
0.25206107	0.73941916	-0.50451314	0.36768347
0.25174907	0.73955935	-0.5045081	0.36762214
0.251387	0.7397411	-0.5044638	0.3675651
0.25098458	0.7399722	-0.50439256	0.36747277
0.2506797	0.7401778	-0.5043411	0.36733723
0.2503921	0.7404201	-0.5042843	0.36712298
0.25020686	0.74063325	-0.50424355	0.3668751
0.250108	0.74081296	-0.50422233	0.3666089
0.2500679	0.7409759	-0.50420177	0.36633524
0.25002828	0.7411409	-0.50416696	0.36607617
0.24999256	0.74129426	-0.5040976	0.3658856
0.24981263	0.74172145	-0.50373405	0.3656433
0.2496645	0.7420472	-0.50346774	0.36545035
0.24941996	0.7427231	-0.50293285	0.36498037
0.24938725	0.7427633	-0.50294876	0.364899
0.24926834	0.74311954	-0.50272316	0.36456555
0.2491783	0.7433302	-0.5025873	0.36438516
0.24908794	0.7434712	-0.50248486	0.36430043
0.24885437	0.74363005	-0.50234354	0.36433065
0.24863106	0.74382627	-0.502112	0.36440194
0.24801187	0.744425	-0.50153923	0.36439005
0.24773547	0.74478394	-0.50123656	0.364261
0.24747027	0.7451891	-0.50093424	0.36402842
0.24724576	0.74551684	-0.5007383	0.3637792
0.24700572	0.7457727	-0.5006431	0.36354905
0.24674049	0.74592674	-0.50063837	0.36341944
0.24646445	0.74607307	-0.5006105	0.3633449
0.24615772	0.746176	-0.5006222	0.36332542
0.24585609	0.7462668	-0.50058985	0.3633876
0.2455512	0.7464078	-0.50047165	0.36346707
0.24524522	0.746585	-0.50028294	0.3635694
0.24496871	0.7468061	-0.5000273	0.3636534
0.24469143	0.7470308	-0.4997689	0.3637337
0.2444211	0.7472636	-0.49950886	0.36379445
0.24413759	0.74750423	-0.49931297	0.3637594
0.2438501	0.74774903	-0.49916306	0.36365476
0.2436154	0.7479578	-0.49908116	0.36349508
0.24341093	0.7481684	-0.4990301	0.36326882
0.24325676	0.7483576	-0.49897873	0.36305273
0.2431637	0.7485284	-0.4988841	0.362893
0.24306916	0.7487042	-0.49877408	0.3627448
0.24296634	0.74891365	-0.49859694	0.36262503
0.24282107	0.74912643	-0.4983385	0.3626379
0.24268535	0.7493271	-0.49806967	0.36268362
0.24251065	0.74953413	-0.4977939	0.36275125
0.24234231	0.74972963	-0.49756774	0.36276993
0.24217418	0.7499416	-0.49737963	0.36270213
0.24205938	0.7501176	-0.49728203	0.36254865
0.2420125	0.75023085	-0.4972712	0.3623605
0.24205157	0.7502794	-0.4973212	0.36216527
0.24216792	0.7502658	-0.4974034	0.36200252
0.24233538	0.7502142	-0.4974782	0.3618946
0.24250208	0.7501537	-0.4975399	0.3618235
0.24262401	0.75010705	-0.4975787	0.36178517
0.24267012	0.75008285	-0.49760932	0.36176237
0.2426425	0.7501017	-0.4976082	0.3617434
0.2425511	0.7501742	-0.49753493	0.3617548
0.24241312	0.7503083	-0.49736407	0.36180413
0.2422802	0.7505575	-0.49695393	0.36194018
0.24212454	0.750926	-0.49623784	0.36226246
0.24206115	0.751174	-0.49580005	0.3623902
0.24199128	0.7514644	-0.49532095	0.36248955
0.24191079	0.7517713	-0.49485534	0.36254314
0.24178782	0.75210595	-0.49442694	0.36251566
0.24164575	0.7523768	-0.494117	0.36247078
0.24151936	0.7526425	-0.4938172	0.3624117
0.24143673	0.7528213	-0.49355644	0.36245036
0.2414185	0.7528963	-0.4933395	0.36260217
0.24144256	0.75289524	-0.4931001	0.36291385
0.24147773	0.7528986	-0.492913	0.3631377
0.24145578	0.75295645	-0.49266896	0.36336356
0.24139564	0.75305945	-0.49243206	0.36351132
0.24125572	0.75326806	-0.4920949	0.3636284
0.24105223	0.7535914	-0.49164554	0.36370102
0.24081862	0.75400454	-0.49110198	0.36373395
0.24058746	0.7544487	-0.49052536	0.36374405
0.24037504	0.7548556	-0.4899677	0.36379203
0.24018484	0.7552016	-0.4894417	0.3639076
0.23999296	0.75550866	-0.48893723	0.36407483
0.23978025	0.75579953	-0.48844737	0.36426872
0.23952623	0.75611484	-0.48792174	0.36448586
0.23933852	0.7563773	-0.487491	0.36464095
0.2391621	0.7566753	-0.48699972	0.36479485
0.23900639	0.75699943	-0.48647538	0.36492404
0.2388423	0.75735253	-0.48589036	0.36507827
0.2387002	0.7576036	-0.48543635	0.36525404
0.23850411	0.75783306	-0.4849661	0.36553106
0.23825783	0.75802267	-0.48453602	0.36586863
0.23794104	0.7582195	-0.48411992	0.3662176
0.23762278	0.7584153	-0.48374626	0.3665123
0.23728868	0.75869405	-0.48331174	0.36672524
0.23701255	0.7589446	-0.4829095	0.36691502
0.23677793	0.7592317	-0.48245314	0.3670731
0.23659617	0.75952685	-0.48197252	0.3672109
0.23638864	0.7598553	-0.48141417	0.3673975
0.23619011	0.76011634	-0.48093817	0.3676084
0.23589222	0.7604002	-0.48041835	0.3678922
0.23552775	0.76067084	-0.4799454	0.36818343
0.23507087	0.7609561	-0.47949123	0.3684777
0.234585	0.76125747	-0.4790318	0.3687621
0.23414041	0.761568	-0.4785504	0.36902845
0.23371036	0.7619049	-0.4780824	0.36921233
0.23331232	0.762235	-0.4776376	0.36935833
0.23290737	0.7625485	-0.47721586	0.36951193
0.23247992	0.76285154	-0.47674838	0.36975908
0.23202166	0.76317465	-0.4762251	0.37005427
0.23152323	0.7635305	-0.47569224	0.3703177
0.23102184	0.76390386	-0.4751924	0.37050256
0.23054332	0.76428723	-0.4747225	0.3706122
0.2300918	0.76468307	-0.47424215	0.3706914
0.22961108	0.7651545	-0.47365284	0.37077
0.229193	0.7655956	-0.47306	0.37087482
0.22872238	0.7660673	-0.4724141	0.37101477
0.2281535	0.7665942	-0.47163612	0.37126666
0.22752915	0.7671259	-0.47082955	0.3715749
0.22687505	0.7676485	-0.47001454	0.37192735
0.22619742	0.76820034	-0.4691657	0.37227222
0.22556841	0.76874435	-0.46835753	0.3725481
0.22494972	0.76932615	-0.46751463	0.37278032
0.2245617	0.769739	-0.46690282	0.3729286
0.22422394	0.77013624	-0.46626267	0.37311247
0.22391765	0.7705216	-0.46559495	0.3733346
0.22365576	0.7708707	-0.46497208	0.37354735
0.2233661	0.77124363	-0.46433046	0.37374878
0.22306956	0.77160966	-0.4637316	0.37391397
0.22275335	0.77196276	-0.46316344	0.3740776
0.2224366	0.7722651	-0.46263468	0.3742964
0.22206686	0.77256155	-0.46209073	0.3745761
0.22168532	0.7728528	-0.46156082	0.37485436
0.22127092	0.7731959	-0.46099442	0.3750887
0.22086748	0.7735683	-0.4604469	0.375231
0.2204642	0.7739814	-0.45988864	0.37530106
0.22006617	0.7744056	-0.4593365	0.37533557
0.21964745	0.7748464	-0.45874777	0.37539107
0.21918535	0.775304	-0.45813084	0.3754702
0.21874842	0.7756989	-0.45751196	0.37566373
0.21825609	0.7761066	-0.4568041	0.3759691
0.21767908	0.77656746	-0.45598415	0.37634733
0.21656005	0.7776166	-0.45435658	0.37679467
0.21603717	0.7781858	-0.4536181	0.37680948
0.2155942	0.7787307	-0.45298406	0.37670043
0.21526764	0.77920103	-0.45244598	0.37656116
0.215015	0.7795934	-0.45190072	0.37654808
0.21482572	0.77984226	-0.45159066	0.37651277
0.21463872	0.780034	-0.45128044	0.37659407
0.21440984	0.7802	-0.450923	0.3768089
0.2141253	0.7803751	-0.45053524	0.37707198
0.21377918	0.78060746	-0.45008415	0.3773257
0.21336657	0.78091794	-0.44955292	0.37755024
0.2130028	0.7812569	-0.4489558	0.37776473
0.21265028	0.78160775	-0.44833478	0.37797534
0.21240765	0.78187025	-0.4477719	0.37823564
0.21219389	0.7820817	-0.44726056	0.37852338
0.21195114	0.7822967	-0.44668877	0.37888995
0.21172272	0.7824811	-0.44619617	0.3792174
0.21144557	0.7827212	-0.44560936	0.3795665
0.21116258	0.7829864	-0.44500682	0.3798838
0.21090466	0.7832525	-0.44442943	0.3801542
0.21069314	0.7834955	-0.44390193	0.38038722
0.21049586	0.7837418	-0.4433596	0.38062146
0.2103493	0.783912	-0.44296917	0.38080633
0.21014015	0.78414977	-0.4424711	0.3810114
0.20989835	0.78438884	-0.4419832	0.3812188
0.20949538	0.78476006	-0.44126937	0.38150334
0.20946069	0.7847134	-0.44128567	0.38159952
0.20866859	0.7853437	-0.4401149	0.3820883
0.20810719	0.7857205	-0.43940675	0.38243484
0.20748018	0.78611094	-0.43869328	0.38279215
0.20683785	0.7864837	-0.4380089	0.38315752
0.2061474	0.78686774	-0.43731835	0.38352984
0.20544297	0.7872564	-0.4366442	0.38387808
0.20485845	0.7876068	-0.43608382	0.38410878
0.20424645	0.7880384	-0.43546155	0.38425544
0.20424026	0.7880363	-0.4354645	0.3842597
0.20371452	0.7885445	-0.43475288	0.38430208
0.2031743	0.78915185	-0.43392143	0.38428092
0.20286378	0.78949606	-0.43345273	0.38426685
0.20252116	0.789816	-0.43294588	0.38436154
0.20219886	0.79008025	-0.4324534	0.38454255
0.20179911	0.79035085	-0.43189833	0.3848201
0.20139746	0.79058206	-0.4313949	0.3851203
0.20098624	0.7908411	-0.43089196	0.38536623
0.20074446	0.79111236	-0.4304432	0.38543686
0.20057131	0.7914859	-0.42990375	0.38536227
0.2005514	0.7915075	-0.42991373	0.38531718
0.2005013	0.79192036	-0.42928848	0.38519177
0.20043583	0.79233783	-0.42855203	0.38518745
0.20033129	0.79258275	-0.42805228	0.38529372
0.2001358	0.79284847	-0.42744783	0.3855197
0.19981246	0.79317516	-0.4266564	0.38589165
0.19954367	0.7934092	-0.42608675	0.3861792
0.19922797	0.79366845	-0.42542374	0.38654044
0.1989157	0.7939367	-0.42473942	0.38690245
0.19857064	0.7942702	-0.42396733	0.38724202
0.19830082	0.79458123	-0.42336386	0.38740253
0.19800702	0.79494476	-0.42271176	0.3875189
0.19772653	0.7952887	-0.42210126	0.38762182
0.19744691	0.79558915	-0.4215456	0.38775256
0.19717039	0.79584074	-0.4210299	0.38793698
0.19685562	0.7960901	-0.42047492	0.3881872
0.19624446	0.7965025	-0.41939422	0.38881958
0.19627509	0.7965371	-0.41937995	0.38874814
0.19594556	0.7968774	-0.41843143	0.38923898
0.19597094	0.796921	-0.4184199	0.38914928
0.19579059	0.79719114	-0.41774136	0.3894157
0.19544299	0.797628	-0.41668218	0.3898303
0.19521068	0.79787797	-0.41615748	0.38999557
0.19494008	0.79809445	-0.4156535	0.3902255
0.19471025	0.7982477	-0.4151282	0.3905858
0.1946083	0.798327	-0.41478807	0.39083567
0.19451934	0.7984317	-0.41435695	0.39112365
0.19442943	0.7985743	-0.41386858	0.3913936
0.19425508	0.7988075	-0.41315702	0.39175624
0.19409078	0.79901576	-0.41255763	0.3920443
0.19370003	0.7994138	-0.41154507	0.3924902
0.19376893	0.7993769	-0.41151088	0.39256713
0.192891	0.80005896	-0.40999964	0.39319083
0.19231676	0.80042845	-0.40912035	0.39363605
0.1916773	0.80079037	-0.40825716	0.3941076
0.19096868	0.801187	-0.4073568	0.39457658
0.19031835	0.80158305	-0.40647557	0.3949953
0.18964316	0.80201906	-0.40551376	0.39542314
0.18891975	0.8024728	-0.40446296	0.39592496
0.1884288	0.8027675	-0.40374252	0.39629644
0.18790361	0.8030635	-0.4030177	0.39668366
0.1873446	0.80336475	-0.4022755	0.39709115
0.18678518	0.8036581	-0.40161633	0.39742833
0.18628459	0.803935	-0.40099332	0.3977324
0.18591988	0.8042081	-0.40038812	0.39796036
0.1855763	0.80447733	-0.39978734	0.39818066
0.18525194	0.80478555	-0.3991098	0.39838868
0.18532504	0.8048041	-0.39907444	0.39835232
0.1848582	0.805266	-0.398168	0.39854288
0.18447635	0.8056053	-0.39747974	0.39872116
0.18377143	0.80615294	-0.3963536	0.39906052
0.18330458	0.80648565	-0.3956498	0.39930147
0.182781	0.80679095	-0.39499563	0.3995723
0.18225697	0.80708843	-0.39437947	0.39981937
0.18173306	0.8073651	-0.39378503	0.40008503
0.1812842	0.8075971	-0.3932008	0.40039498
0.18082726	0.8078119	-0.39260525	0.40075245
0.18029717	0.80803967	-0.39194542	0.401178
0.17971915	0.8082735	-0.39127883	0.40161654
0.17908674	0.8085231	-0.39058614	0.4020706
0.17838879	0.8088071	-0.38983163	0.40254197
0.17773731	0.8090948	-0.3891174	0.40294257
0.17711961	0.8093905	-0.3884326	0.40328148
0.17647545	0.80973005	-0.38768765	0.40359864
0.1758162	0.81011623	-0.38684234	0.40392262
0.17522655	0.8104984	-0.3859853	0.40423208
0.17465608	0.8109017	-0.38509354	0.40452027
0.17402248	0.8113635	-0.38411644	0.4047961
0.17323263	0.812005	-0.3828435	0.40505457
0.17323792	0.8120062	-0.38284102	0.4050526
0.17213187	0.8129442	-0.38108617	0.40529692
0.17149721	0.81346506	-0.38012582	0.40542284
0.17080078	0.8139832	-0.37913767	0.40560195
0.17002524	0.81451064	-0.3780505	0.40588388
0.16918686	0.81505007	-0.37682766	0.40628836
0.16844444	0.81548744	-0.3757519	0.4067154
0.1675875	0.8159857	-0.3744821	0.40724072
0.16647723	0.81659496	-0.37291878	0.40790886
0.16647784	0.81659335	-0.37291843	0.40791214
0.16490407	0.81745625	-0.37086567	0.40869397
0.16394204	0.81796837	-0.3696552	0.4091525
0.16233964	0.8187702	-0.3677234	0.40992796
0.1616222	0.819142	-0.36679253	0.41030216
0.16097985	0.8194899	-0.36591402	0.41064453
0.16041142	0.8198153	-0.36505517	0.4109816
0.15990853	0.82012933	-0.3642425	0.4112719
0.15942642	0.8204615	-0.36342263	0.41152164
0.15884471	0.8208684	-0.3624429	0.41179937
0.15822835	0.82129055	-0.36146024	0.41205838
0.15765841	0.8216753	-0.36058328	0.41227832
0.15698487	0.82213295	-0.35957465	0.41250363
0.15641505	0.82253087	-0.3587088	0.4126808
0.15583268	0.82294333	-0.357791	0.41287532
0.15529016	0.8233337	-0.3568787	0.41309097
0.1543348	0.82414544	-0.35495538	0.4134872
0.15368292	0.82474196	-0.3535656	0.41373143
0.15367319	0.8247352	-0.35357004	0.41374472
0.15266225	0.8255022	-0.35162947	0.41424298
0.1519765	0.82595074	-0.35044286	0.41460633
0.15124686	0.82638943	-0.34926045	0.41499653
0.15049334	0.82683057	-0.34807557	0.41538724
0.14976285	0.82726985	-0.34690928	0.41575184
0.14912291	0.8276787	-0.3458378	0.41606078
0.14857845	0.828083	-0.34482285	0.4162935
0.14811923	0.8285268	-0.3437989	0.41642106
0.14776608	0.8289418	-0.34284294	0.41650847
0.14741099	0.8293914	-0.3418142	0.4165848
0.1470002	0.82982093	-0.34077752	0.416724
0.14653413	0.83024013	-0.33969903	0.41693383
0.14601788	0.8306352	-0.3385979	0.41722357
0.14546314	0.83098614	-0.33754367	0.4175726
0.14485593	0.8313214	-0.336493	0.41796425
0.14420514	0.8316663	-0.3354157	0.41836885
0.14350243	0.83204186	-0.33428982	0.4187646
0.14281148	0.83245015	-0.3331653	0.4190855
0.1420959	0.8329145	-0.33193445	0.41938272
0.14141223	0.83338684	-0.33069846	0.4196519
0.14075094	0.8338502	-0.32944864	0.41993675
0.14003207	0.8343299	-0.328112	0.42027038
0.13928565	0.8347922	-0.3267813	0.42063716
0.13850854	0.8352153	-0.32550034	0.42104694
0.13773888	0.83557904	-0.32434553	0.42146844
0.1361686	0.8361746	-0.32216874	0.42246604
0.13539991	0.8364103	-0.32109988	0.42305985
0.13466625	0.83663213	-0.32001007	0.42368066
0.13399762	0.83686507	-0.3189351	0.42424288
0.13334814	0.83715844	-0.31778923	0.42472827
0.13264364	0.8376539	-0.31638077	0.42502338
0.13209826	0.83805776	-0.31521854	0.42526057
0.1314821	0.8386295	-0.31375742	0.42540497
0.13102084	0.83905244	-0.3126669	0.42551613
0.13046712	0.8395336	-0.31137463	0.4256849
0.12986122	0.8399944	-0.30989033	0.42604408
0.12939572	0.8403231	-0.30875856	0.42635912
0.12880293	0.8407186	-0.30739397	0.42674467
0.12817533	0.8411136	-0.3060618	0.42711243
0.12756503	0.8414709	-0.30487916	0.42743725
0.12688175	0.84185976	-0.30364043	0.42775667
0.12625858	0.84220135	-0.30256042	0.42803374
0.12566866	0.84250814	-0.3015126	0.42834285
0.12513538	0.84278905	-0.3004921	0.42866346
0.124633685	0.8430604	-0.2994716	0.42898992
0.12411672	0.8433441	-0.2983905	0.42933556