0.18037425	0.7878553	-0.40153614	0.4307178
0.1803252	0.78795284	-0.40135282	0.43073088
0.18025638	0.788031	-0.40115204	0.43080357
0.18017492	0.7880806	-0.40097097	0.43091556
0.18005696	0.7881251	-0.4007746	0.43106613
0.17991693	0.78816	-0.40057573	0.43124586
0.17977545	0.78818864	-0.4003815	0.43143272
0.17965561	0.7882346	-0.40019822	0.43156877
0.17956367	0.78828347	-0.4000286	0.43167508
0.17952427	0.7883305	-0.39987582	0.4317472
0.17953219	0.7883688	-0.39975655	0.43178406
0.17954528	0.788402	-0.39964047	0.4318255
0.17956448	0.788409	-0.3995345	0.4319029
0.17958452	0.78837186	-0.39946014	0.43203115
0.17959854	0.78832614	-0.39940128	0.43216315
0.1796109	0.7882946	-0.39933497	0.43227684
0.17962128	0.7882846	-0.39925674	0.4323631
0.17964508	0.78827757	-0.39918464	0.43243265
0.17968604	0.7882555	-0.39913687	0.43249968
0.17973812	0.7882326	-0.39910352	0.43255052
0.17975503	0.7882314	-0.39905232	0.43259302
0.17973448	0.78824353	-0.39897943	0.4326466
0.17968227	0.78826594	-0.3988826	0.4327167
0.17962264	0.7883016	-0.39877665	0.43277425
0.1795714	0.78834546	-0.39864272	0.43283892
0.17953093	0.7883754	-0.3985214	0.43291318
0.17950407	0.7883924	-0.3984168	0.4329895
0.17949164	0.7884199	-0.39832523	0.43302882
0.17948797	0.7884488	-0.3982276	0.4330675
0.1794752	0.78847444	-0.39811775	0.43312714
0.17948379	0.7884887	-0.39801133	0.43319514
0.17952682	0.78849775	-0.39791903	0.4332457
0.17959511	0.78852636	-0.3978144	0.43326145
0.17968647	0.7885697	-0.3977095	0.43324098
0.17975721	0.7886108	-0.39761215	0.4332261
0.17980827	0.7886806	-0.3974893	0.43319082
0.17982642	0.7887668	-0.3973423	0.433161
0.17982908	0.78878015	-0.39727607	0.43319646
0.17976128	0.7887549	-0.39727414	0.4332724
0.17969635	0.7887235	-0.39729217	0.4333398
0.17961177	0.78868103	-0.39731735	0.43342915
0.17960776	0.7886739	-0.39731896	0.43344235
0.17950623	0.7886347	-0.39726037	0.43360928
0.17940317	0.7886895	-0.3970249	0.43376812
0.17930913	0.78876954	-0.39679676	0.43387002
0.17918631	0.7888676	-0.39653158	0.4339848
0.17881447	0.7890708	-0.39599133	0.43426228
0.17883314	0.7890837	-0.39598233	0.4342392
0.17866749	0.7891338	-0.39576998	0.4344098
0.17854008	0.78909904	-0.39566368	0.43462223
0.17850655	0.7890604	-0.39561576	0.43474954
0.1784543	0.78906107	-0.3955526	0.43482754
0.17843345	0.78907543	-0.39548656	0.43487006
0.17843044	0.7890947	-0.39540458	0.434911
0.17840898	0.78925186	-0.39523545	0.43478796
0.17842256	0.7892642	-0.39520335	0.43478948
0.17843536	0.7892366	-0.39519444	0.4348424
0.17840414	0.78925383	-0.39522472	0.43479612
0.17838284	0.7892552	-0.39523286	0.4347952
0.17836562	0.7892566	-0.39523894	0.4347943
0.17836708	0.78924614	-0.3952499	0.4348026
0.17839311	0.78922284	-0.39526525	0.4348203
0.1784489	0.78919435	-0.39527026	0.43484452
0.17850319	0.7891952	-0.39523894	0.43484923
0.17852685	0.78923035	-0.3951578	0.43484947
0.17850547	0.78928715	-0.3950331	0.4348683
0.1784524	0.7893624	-0.3948886	0.43488485
0.17837884	0.7894412	-0.39473134	0.4349146
0.17829466	0.7895117	-0.39458904	0.4349504
0.17823307	0.7895663	-0.39445838	0.43499509
0.17816508	0.7896267	-0.39431566	0.43504262
0.17810103	0.7896738	-0.3941973	0.43509066
0.1780454	0.7896873	-0.3940888	0.43518713
0.17800063	0.78967136	-0.3939932	0.43532094
0.17792904	0.789647	-0.39389852	0.43548012
0.17781338	0.78964025	-0.3937836	0.43564352
0.17766137	0.7896779	-0.39363387	0.43577242
0.17751774	0.7897285	-0.39349237	0.43586704
0.1774482	0.7897783	-0.39338082	0.43590584
0.1774016	0.7898401	-0.39327872	0.43590528
0.17736796	0.78990847	-0.39315587	0.4359056
0.17731489	0.7899852	-0.3929917	0.4359363
0.17724317	0.790047	-0.39281783	0.43601027
0.17714763	0.79010993	-0.39260316	0.43612814
0.17706174	0.79016906	-0.39236382	0.43627143
0.17699575	0.79023206	-0.3920958	0.43642485
0.17695838	0.7903129	-0.3918114	0.4365492
0.17693835	0.79040676	-0.39152268	0.43664643
0.17693375	0.7905027	-0.39125127	0.43671793
0.1769099	0.79062647	-0.3909697	0.43675554
0.1768884	0.79072434	-0.3907504	0.43678337
0.17681648	0.79085195	-0.39048138	0.43682215
0.17673008	0.7909715	-0.39023852	0.4368578
0.17660084	0.7911067	-0.3899717	0.43690333
0.1764898	0.79122645	-0.3897323	0.43694508
0.1763886	0.7913339	-0.38949758	0.4370004
0.17627747	0.7914373	-0.3892493	0.43707928
0.17613854	0.79154134	-0.38897243	0.43719357
0.1759288	0.79165524	-0.38863632	0.4373705
0.17566511	0.79177475	-0.38826632	0.43758884
0.17538966	0.7918958	-0.38791093	0.43779513
0.17506644	0.7920354	-0.38751626	0.4380216
0.17472482	0.7922182	-0.38710025	0.43819535
0.1744186	0.7923851	-0.3867156	0.43835512
0.17409295	0.79259527	-0.38628423	0.4384849
0.17374372	0.792807	-0.38585997	0.43861422
0.17337513	0.79300284	-0.38542	0.4387927
0.17298594	0.7932055	-0.38496163	0.43898234
0.17264494	0.79339564	-0.38454953	0.43913406
0.1722248	0.79363376	-0.38404912	0.43930694
0.1722385	0.7936481	-0.38404283	0.4392808
0.17203687	0.7937752	-0.38368496	0.4394431
0.17196614	0.7938245	-0.38349572	0.43954694
0.17188434	0.79386324	-0.3832976	0.4396816
0.17175491	0.7939025	-0.38307709	0.43985352
0.17155547	0.7939541	-0.38282186	0.4400606
0.17127404	0.7940231	-0.38251293	0.44031397
0.170975	0.7941202	-0.38219312	0.440533
0.17064895	0.7942702	-0.38181278	0.4407188
0.17035057	0.79445374	-0.38139805	0.44086236
0.1700728	0.794668	-0.38094375	0.4409761
0.16986223	0.79485893	-0.38053143	0.44106922
0.16964602	0.7950608	-0.38008958	0.4411696
0.16938217	0.79528886	-0.37957227	0.44130516
0.16916169	0.7954544	-0.37915733	0.4414484
0.16890238	0.79562306	-0.3786902	0.44164443
0.16866036	0.7957504	-0.37830693	0.44183603
0.1684304	0.7958591	-0.37797505	0.44201177
0.16820331	0.7959702	-0.37766942	0.4421596
0.16796064	0.79604954	-0.37742355	0.44231883
0.16770785	0.7961134	-0.37719402	0.44249544
0.16748092	0.7961586	-0.37698716	0.44267637
0.16719712	0.79622	-0.37675506	0.44287097
0.16688429	0.79630834	-0.3764966	0.44304994
0.16656482	0.79642457	-0.37620455	0.44320905
0.16625908	0.7965517	-0.37589672	0.44335645
0.16593607	0.7967143	-0.3756141	0.44342506
0.16556184	0.7968969	-0.3753201	0.4434856
0.16514698	0.79708314	-0.37501347	0.44356492
0.1647167	0.7972575	-0.37470767	0.44367003
0.16425514	0.79744244	-0.37438118	0.44378448
0.1638131	0.7976193	-0.374058	0.4439024
0.16382423	0.79763013	-0.3740529	0.4438831
0.16305421	0.79795784	-0.37334946	0.44416985
0.16284576	0.7980785	-0.3730758	0.44425952
0.16261083	0.79820305	-0.37275922	0.44438735
0.1623553	0.79832834	-0.3724335	0.44452876
0.16206217	0.7984628	-0.37209156	0.4446809
0.16171996	0.7986122	-0.37169388	0.44486976
0.16142075	0.7987484	-0.37132326	0.4450432
0.1611666	0.7988964	-0.3709648	0.4451688
0.16092698	0.79908943	-0.37057543	0.44523323
0.1607558	0.7992907	-0.3702029	0.4452434
0.16061573	0.7994979	-0.3698234	0.4452375
0.1604972	0.799688	-0.36946136	0.4452396
0.16036898	0.7998677	-0.36908972	0.4452709
0.1603861	0.7998773	-0.36908135	0.4452547
0.1600473	0.8001492	-0.36842072	0.44543505
0.15962948	0.8004352	-0.36767957	0.44568342
0.15930547	0.8006743	-0.36712098	0.44583026
0.15904407	0.80088997	-0.3666508	0.44592327
0.15877426	0.80111134	-0.36616853	0.4460179
0.15846564	0.80135596	-0.36564818	0.44611505
0.1581584	0.8015648	-0.36515975	0.44624907
0.1577799	0.80176437	-0.36462992	0.44645756
0.15739049	0.8019484	-0.3640907	0.4467045
0.15696506	0.80211735	-0.3635249	0.44701144
0.15662198	0.8022426	-0.36307344	0.4472742
0.15623313	0.8023955	-0.3625802	0.4475357
0.15579836	0.80257916	-0.36202717	0.44780555
0.15549931	0.80271477	-0.36164063	0.44797873
0.15512301	0.80287737	-0.36118463	0.4481858
0.15471517	0.80305105	-0.36072895	0.44838253
0.15422957	0.8032444	-0.36022645	0.4486076
0.15374638	0.80340517	-0.3597554	0.44886342
0.15326117	0.8035391	-0.35926932	0.44917867
0.15278676	0.80368114	-0.35875842	0.44949427
0.1522719	0.8038497	-0.35818815	0.44982257
0.15172967	0.8040465	-0.35756385	0.4501505
0.15115912	0.8042612	-0.35690567	0.450481
0.15057068	0.80447227	-0.35628283	0.4507944
0.1499438	0.804717	-0.35567725	0.45104432
0.14929834	0.80500394	-0.35511506	0.4511895
0.14869002	0.8053064	-0.35459247	0.4512617
0.14809988	0.8056116	-0.35409015	0.45130536
0.14760303	0.8058743	-0.353632	0.4513584
0.1471532	0.8061337	-0.3531375	0.45142928
0.1468269	0.80632627	-0.35273477	0.4515064
0.14649528	0.80649406	-0.352324	0.4516352
0.14649056	0.8064872	-0.3523259	0.4516475
0.14582321	0.80669576	-0.35165998	0.4520097
0.14534032	0.80682665	-0.35133213	0.45218644
0.14481455	0.80696887	-0.35099295	0.45236483
0.14429939	0.8071155	-0.35064593	0.452537
0.14379743	0.80727404	-0.35027254	0.4527031
0.14328302	0.80746937	-0.3498396	0.4528526
0.14275418	0.80770314	-0.34932798	0.45299762
0.14229809	0.80790454	-0.3488606	0.4531421
0.14178433	0.80811554	-0.34830034	0.45335805
0.14133793	0.80829245	-0.34778878	0.4535746
0.14088053	0.80849063	-0.3472345	0.45378843
0.14043222	0.80872387	-0.34664443	0.45396274
0.14000516	0.8089891	-0.3460486	0.4540767
0.1396163	0.80924696	-0.3454927	0.45416042
0.13930015	0.80945766	-0.34505534	0.4542143
0.1387533	0.80985075	-0.3442933	0.4542594
0.1384695	0.81001174	-0.34395987	0.45431155
0.1381654	0.8101601	-0.34359264	0.45441726
0.13764156	0.81038666	-0.34299546	0.4546234
0.13761179	0.8103669	-0.3430095	0.45465702
0.13692585	0.81064296	-0.34221813	0.4549683
0.13642736	0.8108185	-0.34166893	0.45521784
0.13586788	0.81099993	-0.34112418	0.45547032
0.13528082	0.8111899	-0.34055614	0.45573193
0.13468266	0.8113889	-0.3399949	0.45597386
0.13354883	0.8119031	-0.33880082	0.45628068
0.13301846	0.81217945	-0.3381442	0.45643097
0.13245298	0.8124896	-0.33738753	0.4566034
0.13196194	0.81277275	-0.33669043	0.456756
0.13146053	0.8130581	-0.3359605	0.45693037
0.13096029	0.8133198	-0.3352405	0.45713696
0.13045809	0.8135789	-0.33452842	0.45734122
0.1299794	0.8138488	-0.33381805	0.4575162
0.12951653	0.8141335	-0.3330881	0.457673
0.12906952	0.8144222	-0.33237207	0.45780608
0.12860356	0.81472397	-0.33166832	0.4579107
0.1281257	0.8150442	-0.33096868	0.45798102
0.12766874	0.8153497	-0.3303166	0.4580355
0.12722413	0.81563306	-0.32968694	0.4581084
0.12681456	0.8158847	-0.32909393	0.4582003
0.12647597	0.81610775	-0.32855144	0.45828596
0.12617245	0.8163504	-0.3279514	0.45836723
0.12590913	0.81660396	-0.32731122	0.45844534
0.12570643	0.81683934	-0.32670206	0.45851633
0.12548831	0.81710714	-0.325992	0.45860422
0.12524837	0.8173784	-0.32529202	0.4586836
0.124974765	0.81765795	-0.32456878	0.4587723
0.12465476	0.8179449	-0.32382572	0.45887306
0.124341436	0.81818426	-0.32320654	0.4589676
0.12397788	0.81844825	-0.32254785	0.45905885
0.1232393	0.8189589	-0.32120577	0.45928788
0.12319242	0.81894916	-0.32123017	0.45930076
0.12260873	0.8193245	-0.3201218	0.4595613
0.12229013	0.8195046	-0.3195453	0.45972613
0.12194557	0.81967956	-0.31898698	0.45989355
0.12155935	0.8198357	-0.31846827	0.46007687
0.12107089	0.82000166	-0.3178915	0.46030894
0.12063574	0.8201296	-0.31741828	0.4605218
0.12026572	0.82025003	-0.31700236	0.46069035
0.11990282	0.82041156	-0.3165276	0.46082366
0.1195762	0.82059795	-0.3160422	0.46090963
0.119183615	0.8208637	-0.31541693	0.46096668
0.119169235	0.82085353	-0.3154236	0.4609839
0.118656784	0.8211772	-0.3145871	0.4611113
0.11838538	0.8213305	-0.31415907	0.46119997
0.11806782	0.8215062	-0.31366163	0.46130687
0.11782688	0.82162964	-0.31331104	0.46138686
0.11752262	0.8217859	-0.31287366	0.46148276
0.11722731	0.82192457	-0.31246185	0.46159
0.11651536	0.8222208	-0.31153277	0.46187058
0.11650684	0.82221824	-0.31153715	0.46187463
0.11612865	0.82236487	-0.31107935	0.46201727
0.11561742	0.822552	-0.31049737	0.46220365
0.11519552	0.8226951	-0.31001928	0.4623753
0.11467583	0.82285637	-0.3094265	0.46261445
0.11411746	0.82302815	-0.30878508	0.46287552
0.11354194	0.82321346	-0.30812228	0.46312904
0.11300201	0.82342094	-0.30742708	0.46335408
0.11246723	0.8236273	-0.3067395	0.46357313
0.112467475	0.8236336	-0.30674013	0.46356145
0.111626364	0.8239691	-0.30555826	0.46394888
0.111229375	0.8241363	-0.3049899	0.46412128
0.110872105	0.82428753	-0.30444977	0.46429285
0.11024907	0.8245482	-0.30339733	0.46466708
0.10996348	0.82465833	-0.3028811	0.46487594
0.10959396	0.8247598	-0.3022446	0.46519756
0.10958322	0.82475936	-0.30225042	0.46519685
0.10893325	0.82490224	-0.30130327	0.4657105
0.10855019	0.8250134	-0.30073196	0.46597207
0.10815634	0.8251713	-0.30010888	0.4661859
0.10778559	0.82536334	-0.29945326	0.46635327
0.107453406	0.82558465	-0.2987714	0.46647567
0.10714258	0.82582617	-0.29804826	0.46658224
0.10683871	0.82605815	-0.2973441	0.46669045
0.10653048	0.8262557	-0.29669672	0.46682328
0.10616108	0.8264411	-0.29603317	0.4670003
0.1058443	0.826554	-0.29557845	0.46716064
0.10545426	0.8266382	-0.2951375	0.46737844
0.10503372	0.826675	-0.29476517	0.46764275
0.10465111	0.8266903	-0.29447636	0.4678834
0.104240835	0.8266668	-0.2941974	0.468192
0.10388478	0.82659376	-0.29398882	0.46853098
0.10358421	0.82653886	-0.29376322	0.46883607
0.10329764	0.82652646	-0.29353845	0.4690616
0.10301546	0.82652503	-0.2933304	0.4692565
0.10272464	0.826507	-0.29312366	0.46948102
0.1024859	0.8264963	-0.29295796	0.46965548
0.10248231	0.8265095	-0.2929616	0.46963078
0.10246832	0.8265206	-0.29297072	0.46960834
0.10217489	0.8263467	-0.29280198	0.4700836
0.10206789	0.8262423	-0.29279274	0.470296
0.101947844	0.8261204	-0.29280713	0.47052714
0.101768255	0.8259841	-0.29281485	0.4708002
0.10151647	0.8258242	-0.2927962	0.4711468
0.100941435	0.82547885	-0.29262158	0.47198334
0.100541	0.8253139	-0.29252785	0.4724149
0.10018287	0.82517004	-0.2924542	0.47278786
0.09989376	0.82502806	-0.2923989	0.4731311
0.09966116	0.8248921	-0.29234958	0.47344747
0.099447966	0.82478446	-0.29225317	0.47373924
0.09923308	0.8246984	-0.29209715	0.4740301
0.098813266	0.8245847	-0.2915883	0.47462878
0.098496884	0.82454467	-0.29127648	0.47495532
0.09813817	0.82453233	-0.2909141	0.47527286
0.09778496	0.8245378	-0.29052928	0.4755715
0.09747212	0.8245476	-0.29013586	0.4758589
0.09721048	0.8245598	-0.28975216	0.47612497
0.09699883	0.82458156	-0.2893843	0.47635415
0.096831396	0.82457495	-0.28906494	0.4765937
0.096722364	0.8245603	-0.28880042	0.4768014
0.09664813	0.82439685	-0.28844053	0.47731647
0.096595906	0.8243181	-0.2882946	0.4775512
0.09657086	0.82423747	-0.2881709	0.47777018
0.096638866	0.8241209	-0.2881207	0.47798762
0.09672409	0.82398933	-0.28810415	0.47820714
0.09679408	0.82386583	-0.28809533	0.4784111
0.09686618	0.82374907	-0.28807414	0.47861028
0.09695002	0.82362175	-0.28804398	0.47883034
0.0970497	0.8234778	-0.28801867	0.47907302
0.09717345	0.8233168	-0.28800103	0.47933525
0.09731388	0.8231529	-0.28797698	0.47960275
0.09746039	0.82300305	-0.28791994	0.47986418
0.097586155	0.8228766	-0.28783035	0.48010913
0.09767498	0.8227548	-0.28772002	0.4803659
0.09774094	0.82262814	-0.28759506	0.4806441
0.09762339	0.8223943	-0.28735653	0.48121062
0.09761255	0.82236415	-0.28735852	0.4812629
0.097504936	0.82223254	-0.28725094	0.48157382
0.09739618	0.82209533	-0.28714678	0.48189226
0.097331025	0.8219556	-0.28706303	0.48219344
0.09732793	0.8217943	-0.28699702	0.48250815
0.09736929	0.821648	-0.28694177	0.48278183
0.09743482	0.8214837	-0.28685963	0.4830969
0.097490415	0.8213345	-0.28675655	0.48340055
0.097523116	0.8211859	-0.28663954	0.48371556
0.09752178	0.8210387	-0.28650877	0.4840432
0.097477965	0.82085764	-0.2863961	0.48442563
0.09740309	0.8206855	-0.28627396	0.48480433
0.09730963	0.8205053	-0.28614044	0.4852067
0.09724216	0.8203259	-0.28594324	0.4856397
0.09718879	0.8201632	-0.28575832	0.48603386
0.097185865	0.82002544	-0.28551072	0.48641244
0.0972317	0.81988466	-0.2852496	0.48679343
0.09728446	0.8197414	-0.28498018	0.48718166
0.09733303	0.8195841	-0.28471917	0.48758936
0.097355284	0.8194143	-0.2844633	0.48801923
0.097339354	0.81925875	-0.28419897	0.4884374
0.09728781	0.8191204	-0.28391844	0.48884287
0.09721211	0.8189978	-0.2836274	0.48923194
0.09710375	0.8188969	-0.28328264	0.4896219
0.09695184	0.8188278	-0.2828837	0.48999828
0.09678893	0.8187488	-0.2824556	0.49040923
0.096613586	0.81869465	-0.28195915	0.4908197
0.096441835	0.8186575	-0.28148374	0.49118832
0.09627184	0.8185926	-0.28104427	0.49158123
0.096115485	0.8184729	-0.28066513	0.49202746
0.09594468	0.8183074	-0.28035346	0.49251372
0.09577427	0.8181199	-0.2801082	0.4929976
0.095640354	0.81790024	-0.2799344	0.4934866
0.095566556	0.817654	-0.27983123	0.49396715
0.095560886	0.8173851	-0.27978104	0.4944415
0.09564328	0.81713486	-0.27975124	0.494856
0.09582895	0.8168891	-0.279721	0.49524257
0.09612178	0.8166443	-0.27966857	0.495619
0.096476585	0.81641793	-0.2795894	0.4959676
0.09686976	0.81619906	-0.2794911	0.49630657
0.09725052	0.8159899	-0.27940857	0.4966222
0.09759697	0.81574506	-0.279408	0.496957
0.09790742	0.81548023	-0.27946323	0.4972992
0.09818441	0.81519973	-0.2795454	0.49765822
0.09841063	0.8149293	-0.27960777	0.49802127
0.09859834	0.81466854	-0.2796496	0.49838713
0.09876878	0.8144144	-0.27966908	0.49875763
0.09890986	0.81418294	-0.2796728	0.4991055
0.099039346	0.8139652	-0.27966133	0.4994412
0.0991561	0.8137479	-0.27964193	0.49978304
0.099273644	0.8135143	-0.27963632	0.50014275
0.099372625	0.81326365	-0.27965075	0.5005227
0.099450454	0.81298715	-0.27970067	0.50092816
0.09953048	0.81269175	-0.27980286	0.5013346
0.09959897	0.8123808	-0.27994987	0.50174254
0.0996926	0.81205124	-0.28012532	0.5021594
0.09982883	0.8117096	-0.28029856	0.502588
0.100024894	0.81139606	-0.28042832	0.5029826
0.10029865	0.8110876	-0.28051737	0.5033757
0.10064337	0.810764	-0.28056368	0.5038023
0.10100697	0.8104291	-0.28058425	0.50425684
0.101341516	0.8101168	-0.28058612	0.5046902
0.10167094	0.8098007	-0.28060383	0.5051212
0.10198819	0.80949277	-0.28064722	0.50552654
0.10229021	0.80920154	-0.28070468	0.50589955
0.1025887	0.8089412	-0.28075084	0.50622994
0.102919854	0.8086976	-0.2807818	0.5065347
0.103240244	0.8084875	-0.28077662	0.5068076
0.10356286	0.80826354	-0.2807522	0.5071126
0.103865825	0.80798113	-0.28080085	0.50747347
0.1041438	0.8076793	-0.2808954	0.50784445
0.10434078	0.8073888	-0.2809945	0.50821126
0.10448562	0.8071125	-0.2810882	0.50856835
0.10459122	0.80684996	-0.2811745	0.5089153
0.1046745	0.8066021	-0.28124335	0.50925297
0.10474137	0.806344	-0.2813231	0.50960374
0.1047905	0.8060829	-0.28142336	0.5099511
0.10484201	0.8058043	-0.2815607	0.5103051
0.10490259	0.8055165	-0.28173417	0.5106511
0.104981154	0.80520225	-0.28193575	0.51101923
0.10510631	0.80484474	-0.28216088	0.5114321
0.105298206	0.80445665	-0.28237978	0.51188225
0.10557257	0.8040469	-0.28256002	0.51236975
0.105906546	0.803677	-0.28266966	0.51282066
0.10629679	0.8033364	-0.2827272	0.5132417
0.10673418	0.80299217	-0.28278437	0.5136578
0.10719917	0.8026339	-0.2828696	0.514074
0.10767491	0.8022623	-0.28296548	0.51450175
0.10814364	0.80190086	-0.28307426	0.51490676
0.108607	0.8015472	-0.28320032	0.5152904
0.10910641	0.80118877	-0.28334618	0.5156621
0.10963772	0.80084074	-0.283501	0.51600486
0.11017927	0.8004994	-0.28363913	0.516343
0.110739835	0.80011594	-0.28379378	0.5167324
0.111211374	0.7997487	-0.28391123	0.5171347
0.111616746	0.79935735	-0.28399774	0.51760507
0.11192088	0.79895145	-0.2840672	0.51812774
0.11211592	0.79858345	-0.28410462	0.5186319
0.112254344	0.79822135	-0.2841124	0.51915497
0.11233029	0.79786843	-0.28405312	0.51971334
0.11241368	0.79753643	-0.28396142	0.52025443
0.11252314	0.7972217	-0.283866	0.5207649
0.11282834	0.79655355	-0.28379792	0.52175766
0.11283481	0.7965541	-0.28379387	0.5217576
0.11307361	0.79616565	-0.2838397	0.5222736
0.11334389	0.7957575	-0.28394723	0.5227782
0.113631554	0.79535145	-0.28410342	0.5232487
0.11397749	0.7949118	-0.2843108	0.5237288
0.11436974	0.794458	-0.28454685	0.5242035
0.1147886	0.7939967	-0.28479478	0.5246759
0.11524152	0.7935533	-0.285037	0.52511567
0.115681425	0.7931274	-0.28527784	0.52553153
0.11610228	0.7926922	-0.28553295	0.52595663
0.11650388	0.7922009	-0.28585607	0.5264322
0.11689125	0.7917121	-0.2861597	0.5269165
0.11725785	0.7912226	-0.2864494	0.52741265
0.117643915	0.7907192	-0.28671694	0.5279361
0.11806394	0.7902399	-0.28694385	0.52843654
0.11853776	0.789796	-0.28714603	0.5288841
0.119085796	0.7894346	-0.2873016	0.52921575
0.119686075	0.7890688	-0.28749174	0.5295226
0.12030042	0.788706	-0.2877095	0.5298056
0.12086726	0.78833675	-0.28794587	0.5300975
0.12133026	0.7879271	-0.2882472	0.5304372
0.121712185	0.7875769	-0.2885094	0.530727
0.12202003	0.7872043	-0.28882256	0.5310388
0.12233572	0.78678757	-0.2891219	0.5314205
0.1226517	0.7863824	-0.28939134	0.5318008
0.12298397	0.78599435	-0.2896291	0.53216815
0.123294756	0.7855878	-0.28984907	0.53257644
0.12363187	0.785111	-0.29011002	0.5330592
0.12393098	0.78466195	-0.29034272	0.53352416
0.1242278	0.7841829	-0.29057965	0.53403
0.124500945	0.78365177	-0.29084247	0.5346029
0.12477319	0.78310394	-0.29107028	0.5352177
0.12505452	0.78260857	-0.29129282	0.53575534
0.12538329	0.78215724	-0.29149964	0.5362249
0.12572488	0.7817594	-0.2916609	0.53663737
0.12608607	0.78143203	-0.2917531	0.53697884
0.12651023	0.7811176	-0.29183188	0.53729373
0.12687753	0.78089595	-0.2918675	0.5375101
0.12725785	0.78067684	-0.2919175	0.53771114
0.12763649	0.78046393	-0.2919664	0.5379038
0.12802017	0.7802457	-0.29200578	0.53810793
0.1284107	0.78001904	-0.29204118	0.5383241
0.12882105	0.7797927	-0.2920761	0.53853506
0.12925601	0.77959865	-0.29212403	0.5386858
0.12962677	0.7794258	-0.29215375	0.5388308
0.12995508	0.7792662	-0.2921954	0.5389601
0.13027272	0.7790774	-0.2922808	0.5391099
0.13053682	0.77890444	-0.29233456	0.5392668
0.1307745	0.77869976	-0.2924084	0.5394646
0.131011	0.77849084	-0.29247814	0.539671
0.1312601	0.7782715	-0.29256934	0.53987736
0.13155189	0.778059	-0.29267645	0.5400544
0.13191679	0.7778903	-0.2928265	0.54012716
0.13230118	0.7777511	-0.2930006	0.5401392
0.1327283	0.7776711	-0.29314783	0.5400697
0.13316809	0.77761096	-0.29332358	0.53995264
0.13358167	0.77755785	-0.2935318	0.53981364
0.13396755	0.77750516	-0.2937901	0.5396534
0.13430847	0.777443	-0.29408783	0.53949606
0.13486631	0.7773123	-0.2948646	0.53912127
0.13487817	0.7772201	-0.2948457	0.53926134
0.13509566	0.7770353	-0.29531726	0.53921527
0.13526124	0.7768211	-0.29582036	0.53920674
0.13537467	0.7766099	-0.29634687	0.5391933
0.13544177	0.7764222	-0.29686135	0.53916377
0.13548447	0.7762642	-0.2973424	0.5391154
0.13552067	0.77613056	-0.29779375	0.5390496
0.13553955	0.7760323	-0.29818466	0.5389701
0.13556024	0.77594393	-0.29853672	0.5388974
0.13560173	0.775853	-0.2988711	0.5388324
0.13569069	0.7757612	-0.2991953	0.53876233
0.13583204	0.7756826	-0.29949573	0.5386728
0.13603272	0.775622	-0.29976857	0.53855777
0.13662854	0.775512	-0.3002659	0.5382883
0.1369444	0.7754395	-0.30052924	0.53816545
0.137257	0.775376	-0.3007408	0.538059
0.13753594	0.77533126	-0.3009111	0.53795725
0.13780215	0.7752888	-0.30108127	0.5378549
0.13808087	0.77523726	-0.3013056	0.537732
0.13852994	0.7751297	-0.30170253	0.5375491
0.13908479	0.7749722	-0.3022014	0.53735256
0.13971908	0.77479523	-0.30275798	0.53713
0.14042723	0.7746122	-0.30333915	0.53688127
0.14199339	0.7741076	-0.30460098	0.53648263
0.14277022	0.7737701	-0.305342	0.5363419
0.14356573	0.7734027	-0.3061166	0.53621805
0.14417742	0.7730778	-0.30679342	0.5361357
0.14470312	0.77274513	-0.3074801	0.5360802
0.14514016	0.7724224	-0.30814794	0.5360437
0.1455134	0.7721085	-0.30880085	0.53601915
0.14584489	0.7718088	-0.30943742	0.53599346
0.14615408	0.77152365	-0.31006435	0.5359576
0.14649196	0.7712276	-0.3107142	0.53591496
0.14683169	0.7709229	-0.3113611	0.53588486
0.14717446	0.7705993	-0.31204844	0.5358565
0.14749266	0.7702872	-0.31274748	0.5358102
0.14780307	0.7699658	-0.31349003	0.53575265
0.14806668	0.7696777	-0.31412932	0.5357195
0.14833279	0.76945347	-0.31473017	0.53561515
0.1485917	0.76924706	-0.31533864	0.53548217
0.1488656	0.7690666	-0.31596357	0.535297
0.14917596	0.76890254	-0.31660402	0.5350676
0.14991465	0.76852334	-0.3178808	0.5346488
0.15033926	0.7683026	-0.3184707	0.5344958
0.15077014	0.7681043	-0.3189862	0.53435177
0.1512207	0.7679228	-0.31943524	0.53421724
0.15168384	0.76774573	-0.3198352	0.5341013
0.15214983	0.76755464	-0.3202033	0.53402275
0.1526124	0.7673698	-0.3205555	0.5339452
0.1530498	0.76721096	-0.3209258	0.53382576
0.15347712	0.76707405	-0.32132503	0.5336596
0.15438765	0.7668061	-0.32229245	0.53319824
0.154927	0.76667285	-0.3228031	0.5329244
0.155508	0.76653636	-0.3233469	0.53262204
0.15610933	0.7663747	-0.32393676	0.53232014
0.15667984	0.76617426	-0.3245436	0.53207153
0.15718	0.76586455	-0.32527488	0.5319233
0.15769516	0.7655508	-0.32602122	0.5317653
0.15816031	0.7652344	-0.3268126	0.5315968
0.15858148	0.76493883	-0.32759532	0.531415
0.1589908	0.7646564	-0.32837337	0.5312189
0.15940057	0.7643937	-0.3291058	0.53102094
0.15983725	0.7641342	-0.32981092	0.53082573
0.16031218	0.7638636	-0.3305168	0.5306327
0.16072048	0.76362485	-0.33109793	0.5304905
0.16111305	0.76338524	-0.33167893	0.5303534
0.16147867	0.7631356	-0.33227077	0.5302311
0.16183805	0.76288813	-0.3328346	0.5301239
0.16220179	0.76263	-0.333398	0.5300302
0.16258731	0.7623683	-0.333942	0.5299459
0.16301444	0.762117	-0.3344619	0.52984834
0.16343492	0.7619056	-0.33499947	0.529683
0.16387112	0.7616839	-0.3355672	0.5295079
0.16429514	0.76147884	-0.33617142	0.5292881
0.16467685	0.76128525	-0.33677456	0.5290646
0.16501063	0.7611018	-0.33735973	0.5288518
0.16538668	0.7608736	-0.33804795	0.528623
0.16567858	0.7606878	-0.33855048	0.5284775
0.16601057	0.76048535	-0.33907163	0.5283303
0.16639349	0.76029193	-0.33958173	0.5281607
0.16682069	0.7601157	-0.34007248	0.5279639
0.16726786	0.75994897	-0.34055045	0.52775425
0.16776924	0.75975686	-0.34110087	0.52751607
0.16813041	0.7596117	-0.34151325	0.5273432
0.16844366	0.7594708	-0.34191543	0.5271858
0.16872293	0.7593186	-0.34233767	0.52704155
0.16899507	0.7591422	-0.3428072	0.5269034
0.16927895	0.75895244	-0.34331945	0.5267521
0.16959855	0.7587524	-0.34389076	0.5265646
0.16994497	0.7585337	-0.34451488	0.52636003
0.17072041	0.7579687	-0.34589362	0.5260186
0.17113326	0.7576602	-0.34658402	0.5258746
0.17150961	0.7573845	-0.34717953	0.52575624
0.17188796	0.7571365	-0.34772804	0.5256273
0.1722755	0.7569188	-0.3482456	0.5254712
0.17272425	0.7566947	-0.34880328	0.52527684
0.17317203	0.75646514	-0.34936747	0.5250852
0.17361328	0.7561977	-0.35001656	0.5248923
0.17403626	0.7559185	-0.35069567	0.52470106
0.174437	0.75563395	-0.35140085	0.52450603
0.17481096	0.75536394	-0.35212153	0.52428705
0.17481267	0.7553413	-0.35211778	0.5243216
0.17568718	0.7548131	-0.3537232	0.52370894
0.17649516	0.75441194	-0.35498747	0.52315956
0.17695794	0.7541794	-0.3556841	0.52286536
0.17742789	0.7539169	-0.3564122	0.52258873
0.17779572	0.7536558	-0.35706663	0.5223935
0.17810242	0.7533711	-0.35772938	0.5222462
0.17835237	0.7530549	-0.35840398	0.5221546
0.17854476	0.75273395	-0.35903364	0.5221191
0.17872292	0.7524153	-0.35965732	0.52208817
0.17893717	0.75216836	-0.36017957	0.5220105
0.17916468	0.7519499	-0.36073175	0.5218659
0.17946118	0.75176173	-0.36129123	0.52164805
0.17980188	0.7515812	-0.3618574	0.5213983
0.18019876	0.7513592	-0.36247638	0.5211513
0.18060462	0.75110257	-0.36309874	0.5209474
0.18102142	0.7507952	-0.36372477	0.52080923
0.1814481	0.7504587	-0.36435395	0.5207059
0.18188393	0.7501316	-0.364942	0.5206133
0.18236451	0.7498149	-0.36552364	0.5204932
0.1829109	0.74951124	-0.36612263	0.5203179
0.18360873	0.7492012	-0.36683422	0.52001745
0.18411936	0.7489782	-0.3673449	0.5197975
0.18471184	0.74871165	-0.367986	0.5195178
0.18525809	0.74840426	-0.3687287	0.51923954
0.18573946	0.7480974	-0.36943507	0.51900756
0.18623805	0.7477467	-0.37011293	0.5188514
0.18670794	0.7473791	-0.37075657	0.51875263
0.18707766	0.74711627	-0.3712054	0.518677
0.18750235	0.74685967	-0.37167352	0.518558
0.18792853	0.74664384	-0.3721067	0.5184038
0.18833129	0.7464627	-0.3725078	0.51823044
0.18873589	0.7462776	-0.37292436	0.51805025
0.1891263	0.7460819	-0.37337077	0.5178681
0.18951775	0.7458562	-0.3738666	0.5176923
0.18991835	0.7455806	-0.3744279	0.5175368
0.19031526	0.74526405	-0.3750029	0.51743066
0.19071674	0.74491745	-0.37558606	0.51735896
0.19113803	0.744555	-0.37617064	0.5173005
0.19154166	0.744213	-0.37672082	0.5172429
0.19197275	0.74385524	-0.3772905	0.51718247
0.19243334	0.743501	-0.37785047	0.517112
0.19295247	0.74315	-0.37841427	0.5170107
0.19344394	0.74286526	-0.37888202	0.5168936
0.1939928	0.7425746	-0.37936735	0.51674974
0.19454102	0.7423013	-0.37983865	0.5165901
0.19505057	0.7420355	-0.38028097	0.5164542
0.19553633	0.741743	-0.38073012	0.5163598
0.19598702	0.74143076	-0.38118032	0.5163053
0.1964048	0.74110156	-0.38165256	0.51627034
0.19680537	0.74077976	-0.3821399	0.5162192
0.19725892	0.74042803	-0.3826987	0.5161365
0.19777021	0.7400557	-0.3833039	0.51602584
0.19835831	0.73965335	-0.38395193	0.51589525
0.19899818	0.7392271	-0.38462967	0.5157548
0.19953918	0.7388346	-0.38523483	0.51565653
0.2000733	0.7383911	-0.3858938	0.5155921
0.200559	0.7379117	-0.38657916	0.5155764
0.20103188	0.7373768	-0.38732162	0.51560026
0.20152761	0.73680085	-0.3881253	0.51562583
0.2020381	0.736223	-0.38893116	0.5156443
0.20257482	0.7356655	-0.38971487	0.51563746
0.20315765	0.7351214	-0.39048994	0.5155978
0.20379281	0.73459166	-0.39126593	0.51551384
0.20440587	0.7341258	-0.3919745	0.51539654
0.20505443	0.7336542	-0.39271116	0.5152497
0.205704	0.7331905	-0.3934394	0.51509523
0.20637038	0.73271126	-0.39417666	0.514947
0.20703223	0.7322361	-0.39488405	0.5148151
0.20774052	0.7317622	-0.39565057	0.51461506
0.20839193	0.7313316	-0.39636198	0.5144163
0.20908473	0.7308639	-0.3971638	0.51418126
0.20974684	0.73039424	-0.39799392	0.5139373
0.21041638	0.7299192	-0.3988083	0.51370704
0.21126139	0.7292816	-0.39977512	0.5135142
0.21125446	0.72926515	-0.39977795	0.51353824
0.21245384	0.7283266	-0.4011683	0.51329106
0.21310861	0.7277962	-0.40194964	0.51316065
0.21369228	0.7273014	-0.40270764	0.5130252
0.21425468	0.7268056	-0.40349123	0.51287764
0.21480346	0.726314	-0.4043051	0.5127034
0.21533802	0.7258646	-0.4050778	0.5125057
0.21591891	0.72541934	-0.40587795	0.5122587
0.2165356	0.72498804	-0.40668318	0.5119702
0.21715431	0.72459507	-0.40744305	0.5116603
0.21779694	0.7242177	-0.4081983	0.51131934
0.2184383	0.7238387	-0.4089431	0.51098716
0.2196693	0.7230226	-0.41045952	0.51039875
0.22024518	0.72259706	-0.41120926	0.5101495
0.22095914	0.722047	-0.41214243	0.5098666
0.22147149	0.7216551	-0.4127954	0.50967085
0.2220475	0.7212401	-0.41351014	0.5094282
0.22326328	0.7203858	-0.4150404	0.50886077
0.22326232	0.72038364	-0.4150408	0.508864
0.22397187	0.7198366	-0.41598168	0.50855803
0.2239706	0.7198319	-0.41598204	0.50856495
0.22518077	0.7186548	-0.41788995	0.5081309
0.2255703	0.71830475	-0.418497	0.50795346
0.22610503	0.7179575	-0.4191461	0.50767136
0.22611041	0.7179604	-0.41914278	0.50766754
0.22700454	0.7174822	-0.4201104	0.5071446
0.22757457	0.7172009	-0.42069846	0.5067994
0.22821487	0.7168851	-0.42135447	0.5064132
0.22879538	0.7165801	-0.42195502	0.5060828
0.22943293	0.71622664	-0.42263025	0.5057308
0.23007663	0.715844	-0.42332992	0.5053948
0.23071846	0.7154635	-0.42402372	0.5050593
0.23136228	0.71505	-0.4247595	0.5047322
0.23196138	0.71464574	-0.42544898	0.5044489
0.23252857	0.714275	-0.4261054	0.5041587
0.2330067	0.7139345	-0.42666808	0.50394434
0.23345561	0.71361285	-0.42719868	0.5037425
0.23389646	0.7132755	-0.42775357	0.50354487
0.23392448	0.71322227	-0.42772916	0.50362796
0.2344395	0.7128222	-0.42847666	0.5033195
0.23476872	0.71257275	-0.42895418	0.5031124
0.23509344	0.7123336	-0.42943227	0.5028915
0.23549859	0.7120353	-0.43004757	0.50259846
0.23549771	0.7120478	-0.43004948	0.5025795
0.23612726	0.7115671	-0.43099394	0.5021557
0.23699734	0.7108803	-0.43215775	0.50171834
0.23758084	0.71042466	-0.43289822	0.5014492
0.238237	0.7099198	-0.43371692	0.5011454
0.23876277	0.709527	-0.43435726	0.5008968
0.23940106	0.7090528	-0.43513188	0.50059116
0.24000934	0.7086091	-0.43586835	0.50028735
0.24063003	0.70814687	-0.4366437	0.4999676
0.24122001	0.70769423	-0.4373853	0.49967593
0.24176593	0.7072548	-0.4380726	0.4994319
0.24230422	0.7068112	-0.43876785	0.49918875
0.24276526	0.70642316	-0.43939123	0.4989657
0.2432043	0.70604247	-0.44003183	0.49872604
0.24369252	0.7056469	-0.4407483	0.49841484
0.24414077	0.7052859	-0.44141352	0.49811763
0.2446043	0.7049264	-0.44210428	0.49778664
0.24507561	0.7045928	-0.4427384	0.49746317
0.24552982	0.7042896	-0.44329166	0.4971758
0.2459513	0.7040505	-0.44373244	0.496913
0.24641107	0.7038352	-0.4441523	0.496615
0.24690963	0.7036179	-0.4445867	0.49628645
0.2474557	0.7033776	-0.44507802	0.49591455
0.24803151	0.70311224	-0.44562367	0.49551296
0.24866773	0.7027876	-0.44624546	0.495095
0.24933134	0.702403	-0.4469304	0.49468887
0.25000197	0.70200413	-0.44763654	0.494278
0.25128475	0.701246	-0.44902754	0.49344125
0.25192094	0.70085603	-0.4497562	0.49300727
0.2525536	0.7004684	-0.45047316	0.49257964
0.2531876	0.70009625	-0.45118392	0.49213263
0.2538199	0.69973904	-0.45188344	0.49167278
0.2544613	0.69934493	-0.4526598	0.4911876
0.2551478	0.6989208	-0.45351082	0.49064982
0.25568914	0.69856554	-0.4542383	0.4902008
0.25626	0.69812846	-0.45508626	0.48973876
0.25682944	0.6976372	-0.45598993	0.4892998
0.2573959	0.69712216	-0.4569148	0.4888732
0.25796613	0.6966003	-0.4578301	0.48846003
0.25869516	0.696004	-0.4588557	0.48796195
0.25928375	0.69554514	-0.4596455	0.48756018
0.25993565	0.69503665	-0.46052337	0.4871096
0.2605613	0.69456273	-0.46136832	0.48665163
0.2605597	0.6945611	-0.46136922	0.48665386
0.26171082	0.69363844	-0.46298662	0.48581535
0.26220733	0.6931861	-0.46375626	0.485459
0.26268756	0.69275683	-0.46450898	0.4850925
0.2631906	0.69233865	-0.46527404	0.48468348
0.26373878	0.69193166	-0.46604967	0.48422122
0.2643307	0.6915312	-0.4668299	0.48371878
0.26493758	0.69114995	-0.46759138	0.48319584
0.26552415	0.6907851	-0.46832025	0.48268935
0.2660842	0.6904039	-0.46903712	0.48223025
0.2666255	0.6899612	-0.4698008	0.48182115
0.26709813	0.68948114	-0.47057945	0.48148668
0.26751012	0.68898374	-0.47136593	0.48120058
0.26790017	0.68846166	-0.47217953	0.48093307
0.26827747	0.6879461	-0.47299203	0.480662
0.268676	0.687452	-0.4737736	0.4803766
0.26914483	0.68695563	-0.47457382	0.48003414
0.26960093	0.6865422	-0.4752455	0.47970504
0.27009165	0.6861527	-0.4758757	0.4793614
0.27056938	0.6858066	-0.47642547	0.47904107
0.27107632	0.68545264	-0.47698748	0.47870168
0.27148154	0.6851696	-0.47743973	0.4784264
0.27190125	0.6848499	-0.4779454	0.4781407
0.27234587	0.68447894	-0.47850564	0.47785842
0.27280697	0.6840762	-0.4790864	0.47759023
0.27333847	0.68371004	-0.47964504	0.4772497
0.27388924	0.6833456	-0.48020977	0.476888
0.27445304	0.682994	-0.4807365	0.47653663
0.27505246	0.6825897	-0.48130035	0.47620106
0.2757125	0.6820935	-0.48192012	0.4759034
0.2764179	0.6815002	-0.4826666	0.47558764
0.27722964	0.68066645	-0.48373574	0.47522277
0.27773395	0.68015665	-0.48437488	0.47500715
0.27824378	0.6796485	-0.48502547	0.47477224
0.2787386	0.67918533	-0.48565018	0.47450614
0.27922684	0.67876697	-0.48624447	0.4742091
0.27966896	0.6784285	-0.48676726	0.47389644
0.28010625	0.67812157	-0.48730204	0.47352752
0.28055578	0.6778032	-0.48787487	0.47312725
0.28102255	0.6774516	-0.48846537	0.4727445
0.2815144	0.67705184	-0.48910776	0.47236004
0.28202668	0.6766177	-0.48979363	0.47196588
0.28308636	0.67566895	-0.49131593	0.47110757
0.28353348	0.6752383	-0.4920011	0.47074094
0.28398532	0.67476994	-0.49273303	0.4703745
0.2844119	0.6743013	-0.4934473	0.4700397
0.28481784	0.6738454	-0.49412632	0.4697343
0.28521097	0.67340624	-0.49478155	0.46943587
0.28570274	0.6728616	-0.49560073	0.4690535
0.28575644	0.6728395	-0.49556336	0.46909186
0.28654128	0.67204946	-0.4968055	0.46843153
0.28703177	0.6716077	-0.49750546	0.46802166
0.28750435	0.67121553	-0.49820253	0.46755236
0.2879641	0.67085564	-0.49892157	0.46701896
0.28836277	0.6705517	-0.49957144	0.46651456
0.28877404	0.67022955	-0.5002548	0.46599048
0.28918356	0.66987514	-0.50099945	0.46544582
0.28964984	0.66946197	-0.50177974	0.4649095
0.29018366	0.6689689	-0.50262165	0.4643766
0.29069424	0.668472	-0.50340223	0.463927
0.29124013	0.6678887	-0.50426835	0.46348402
0.2917518	0.6672792	-0.5051613	0.4630676
0.29219136	0.66667545	-0.506068	0.46266982
0.29255503	0.6661001	-0.5069774	0.46227285
0.29287127	0.6655587	-0.507889	0.4618517
0.29313117	0.66512054	-0.5086691	0.46145928
0.29339975	0.6647158	-0.5094183	0.46104512
0.29371002	0.6643236	-0.51016206	0.46059003
0.2941118	0.66388255	-0.5109822	0.4600603
0.294492	0.66347504	-0.51167244	0.45963758
0.29497024	0.6629546	-0.51251787	0.4591397
0.29543996	0.6624151	-0.5133734	0.45866024
0.29587153	0.6618708	-0.51422805	0.45821035
0.2963036	0.66132146	-0.5151027	0.45774153
0.2967378	0.6607966	-0.5159579	0.457255
0.29717693	0.6603087	-0.51677907	0.4567469
0.29767865	0.6597992	-0.51766706	0.45615047
0.2982091	0.65936077	-0.51849604	0.45549598
0.29879203	0.658982	-0.5192977	0.45474824
0.29931995	0.65862507	-0.5199894	0.45412755
0.2998869	0.65820676	-0.5206842	0.4535634
0.30043986	0.65776	-0.5213289	0.45310465
0.30097473	0.6573192	-0.52193433	0.4526924
0.30143553	0.65693265	-0.52252644	0.45226339
0.3019384	0.6565141	-0.5232033	0.45175308
0.30237678	0.6561598	-0.5237713	0.45131627
0.30282295	0.6557998	-0.5244184	0.45078865
0.30322647	0.65545225	-0.52504635	0.45029142
0.3037055	0.65500766	-0.5258009	0.44973478
0.3037152	0.655005	-0.52579445	0.44973987
0.30432102	0.65437526	-0.5266645	0.44922844
0.30468398	0.6539951	-0.5271604	0.44895434
0.30542988	0.65320516	-0.528281	0.44827992
0.30584112	0.65278	-0.5289083	0.44787908
0.3062746	0.65232664	-0.52956325	0.44746926
0.3067646	0.6518106	-0.53029096	0.4470236
0.30727854	0.6512496	-0.53107756	0.446554
0.30775452	0.65072244	-0.5317739	0.44616586
0.3082206	0.6502062	-0.53244686	0.4457942
0.30868456	0.64968944	-0.5331313	0.4454083
0.3091428	0.649208	-0.5337923	0.4450007
0.30957812	0.6487868	-0.53441	0.44457063
0.30999804	0.64842117	-0.53499013	0.44411346
0.3104297	0.6480768	-0.535571	0.4436144
0.31090117	0.6477091	-0.5361926	0.44306988
0.3113427	0.6473568	-0.5367645	0.44258204
0.3118224	0.646953	-0.53740364	0.44205877
0.31225896	0.6465059	-0.53809065	0.4415687
0.31257972	0.6461563	-0.5386337	0.44119135
0.31287166	0.6457906	-0.53921634	0.44080797
0.31316766	0.6454376	-0.53977674	0.44042867
0.31346214	0.6450914	-0.54032695	0.4400517
0.31381717	0.6447359	-0.54090023	0.43961504
0.31424758	0.6443304	-0.54149085	0.43917492
0.31471163	0.64392096	-0.5420597	0.43874112
0.3152135	0.64350724	-0.54262364	0.4382906
0.3157126	0.64310396	-0.54317784	0.43783635
0.31622866	0.64268434	-0.5437605	0.43735668
0.31671894	0.6423009	-0.5443144	0.43687588
0.31724343	0.6418746	-0.54492533	0.43636006
0.3182784	0.6408311	-0.54630804	0.43541
0.31886154	0.6402784	-0.5470007	0.4349265
0.31954935	0.6395984	-0.5478134	0.4343992
0.3196515	0.6396367	-0.54775065	0.43434685
0.32049882	0.63877976	-0.54876673	0.43370056
0.3210597	0.6383034	-0.5493406	0.4332603
0.32155997	0.6379241	-0.54982656	0.43283126
0.32204705	0.6375685	-0.55030715	0.43238217
0.32256037	0.6371838	-0.55083454	0.4318946
0.3230756	0.63678336	-0.55137354	0.4314122
0.32359663	0.63636565	-0.55191594	0.43094411
0.3241053	0.6359399	-0.55244666	0.43051007
0.32458362	0.6355082	-0.55297035	0.43011478
0.32503566	0.6350627	-0.55349934	0.4297507
0.32543573	0.63463813	-0.55400705	0.42942083
0.32585853	0.6341623	-0.55463815	0.42898828
0.32592514	0.6341819	-0.55459684	0.42896214
0.32651466	0.6336185	-0.55537444	0.42833993
0.32692304	0.6333098	-0.5557898	0.427946
0.32737666	0.63299006	-0.5562087	0.4275277
0.32782528	0.6326738	-0.556616	0.42712194
0.3282363	0.63238704	-0.55698496	0.42674977
0.32866472	0.63205415	-0.5574065	0.42636284
0.3289466	0.63184136	-0.5576725	0.4261129
0.329192	0.6316138	-0.5579517	0.4258952
0.3293914	0.63138676	-0.5582208	0.42572492
0.32954556	0.6311819	-0.558448	0.42561144
0.32968822	0.630982	-0.5586524	0.42552906
0.32983753	0.6307723	-0.55886465	0.4254454
0.33010387	0.6303472	-0.55930936	0.4252847
0.3302092	0.63036925	-0.5592433	0.42525688
0.33043045	0.63018686	-0.5594617	0.42506802
0.3306381	0.6300677	-0.5596687	0.42481068
0.33087388	0.6299448	-0.5599317	0.42446274
0.33113313	0.62981164	-0.5602238	0.4240724
0.33144116	0.62965816	-0.5605819	0.42358637
0.3318313	0.62947273	-0.5610337	0.42295787
0.33185127	0.62947965	-0.5610214	0.4229483
0.332419	0.6292128	-0.5616213	0.42210242
0.33272994	0.62909055	-0.5619089	0.4216567
0.33299422	0.62899774	-0.56215584	0.4212572
0.33320925	0.62891567	-0.5623374	0.42096728
0.3334008	0.6287801	-0.5625444	0.4207414
0.33356938	0.6286293	-0.5627914	0.42050275
0.3339423	0.628344	-0.5633311	0.41991
0.3339467	0.6283001	-0.56332576	0.41997945
0.33435583	0.62801546	-0.5639614	0.41922584
0.33463734	0.6277828	-0.56430626	0.4188855
0.33491406	0.6275131	-0.5646597	0.41859215
0.33524036	0.62720156	-0.5650705	0.41824323
0.33547834	0.62695295	-0.5653941	0.41798782
0.33573276	0.62670547	-0.56576264	0.417656
0.33598274	0.6264596	-0.56615573	0.4172909
0.33619928	0.6262146	-0.5664895	0.41703123
0.33646023	0.6259321	-0.56682974	0.41678244
0.3368422	0.62561846	-0.5672661	0.41635108
0.33683303	0.6256006	-0.5672709	0.41637877
0.33715373	0.62530094	-0.56775284	0.41591212
0.33733162	0.6250667	-0.56807536	0.4156795
0.33750585	0.6247889	-0.5684233	0.41548014
0.3376636	0.6244993	-0.5687746	0.41530633
0.3378446	0.6241766	-0.5691631	0.41511217
0.33805034	0.62386966	-0.5695764	0.41483915
0.33830327	0.62357813	-0.5700204	0.4144612
0.33856198	0.6233461	-0.5704121	0.41405967
0.3389171	0.6230776	-0.57088494	0.41352135
0.33915967	0.6228907	-0.571217	0.41314524
0.3394424	0.6226601	-0.5716274	0.41269293
0.33972985	0.6223888	-0.57204247	0.41229042
0.3400246	0.62204146	-0.5724998	0.41193652
0.3403129	0.6216494	-0.5729805	0.41162175
0.3405495	0.6212324	-0.5735235	0.4112995
0.34076393	0.62079805	-0.57412004	0.41094512
0.34094733	0.6204104	-0.57470185	0.41056517
0.34110597	0.6200808	-0.5752693	0.41013637
0.34126234	0.6197905	-0.5758356	0.40965015
0.34127042	0.6197826	-0.57583004	0.40966308
0.34158945	0.61942834	-0.5765392	0.40893495
0.34180573	0.6192362	-0.57691485	0.4085153
0.3420665	0.61900294	-0.577316	0.4080836
0.34232548	0.61874306	-0.5777393	0.40766108
0.34259918	0.61844975	-0.57817847	0.40725347
0.34284237	0.6181795	-0.57859313	0.4068702
0.3430781	0.6179206	-0.5790006	0.4064849
0.3433034	0.6177158	-0.5793786	0.4060672
0.3434861	0.6176056	-0.57969004	0.4056354
0.34365234	0.61756986	-0.5800186	0.40507895
0.343813	0.6175441	-0.5803529	0.40450266
0.34402117	0.6174962	-0.5806888	0.40391645
0.34429064	0.6173735	-0.5810505	0.4033538
0.34458622	0.617187	-0.5814064	0.40287352
0.344905	0.6169577	-0.5817809	0.4024111
0.3451877	0.61676264	-0.5821197	0.4019777
0.3454268	0.6165972	-0.5824416	0.40155968
0.34561238	0.6164597	-0.58276385	0.40114325
0.3456097	0.61644346	-0.5831831	0.40056077
0.34569347	0.6164388	-0.58313066	0.40057203
0.34557784	0.61650944	-0.58370394	0.3997273
0.34550956	0.6165885	-0.5839987	0.3992334
0.3454428	0.6167019	-0.5842551	0.39874068
0.34543	0.6167846	-0.5844562	0.398329
0.34547618	0.61682606	-0.5846625	0.39792153
0.34553894	0.6168264	-0.5848926	0.39752835
0.3455791	0.6168165	-0.58510673	0.39719352
0.3455642	0.61684257	-0.58533335	0.39683193
0.34546474	0.61691964	-0.58558	0.39643455
0.34532368	0.6170834	-0.58579206	0.3959892
0.34515098	0.61730415	-0.58600605	0.39547879
0.3449821	0.6175327	-0.5862329	0.3949328
0.34483555	0.61774665	-0.5864611	0.39438677
0.34470937	0.6179396	-0.58669406	0.39384797
0.344623	0.6180852	-0.5869468	0.39331815
0.34456992	0.6181811	-0.58721083	0.39281952
0.34452882	0.61825854	-0.58748484	0.3923236
0.34449545	0.61832994	-0.58775485	0.3918359
0.3444762	0.6184347	-0.5880123	0.39130074
0.34448624	0.61857724	-0.5881848	0.39080697
0.34450537	0.6188041	-0.58831096	0.39024064
0.34454373	0.6190716	-0.58840257	0.38964388
0.34457442	0.6193661	-0.5885058	0.38899237
0.3445595	0.61966854	-0.5886358	0.3883266
0.34431937	0.62014776	-0.58905494	0.38713735
0.34412497	0.6203014	-0.58936715	0.38658848
0.34387356	0.6204455	-0.58967024	0.3861185
0.34348768	0.6207478	-0.58986205	0.38568288
0.34320968	0.62100005	-0.5899822	0.3853403
0.34289798	0.6212733	-0.59010494	0.38498926
0.3425815	0.621561	-0.59022737	0.38461867
0.34228566	0.6218183	-0.590362	0.38425943
0.34195822	0.6220936	-0.5905277	0.3838504
0.34162286	0.6223893	-0.59071594	0.38337997
0.341299	0.6226896	-0.59091276	0.38287696
0.3409872	0.6230038	-0.59112054	0.3823227
0.3409926	0.6230271	-0.591118	0.38228363
0.34053275	0.6234991	-0.59143823	0.38142774
0.34010997	0.6239535	-0.5916737	0.3806961
0.33982912	0.6242037	-0.5918313	0.38029158
0.33953208	0.6244003	-0.5920161	0.37994635
0.33923975	0.62453634	-0.59223884	0.37963662
0.33899805	0.6246248	-0.5924692	0.3793475
0.3387801	0.6247038	-0.59272397	0.3790138
0.33859637	0.6247825	-0.5929985	0.37861866
0.33842665	0.6248802	-0.59330326	0.37813142
0.33825448	0.62501806	-0.59361213	0.37757254
0.33800623	0.62525094	-0.5939844	0.376823
0.33780524	0.6254378	-0.594204	0.37634653
0.3375208	0.6257097	-0.59441674	0.37581357
0.33708742	0.62610525	-0.594641	0.3751885
0.33674324	0.6263738	-0.5947379	0.37489572
0.3363257	0.6267052	-0.5948567	0.374528
0.3358668	0.6270432	-0.5950008	0.37414503
0.3349676	0.6275849	-0.59550875	0.3732336
0.33496907	0.62755674	-0.5955071	0.37328213
0.3345395	0.6277712	-0.5958051	0.37283105
0.33414486	0.62798285	-0.596101	0.37235516
0.33376408	0.62822455	-0.59639573	0.3718166
0.333395	0.6285038	-0.59665346	0.37126195
0.33300623	0.62882286	-0.59684545	0.37076166
0.3326335	0.6291495	-0.5970197	0.37026137
0.33230177	0.62946093	-0.59721065	0.36972144
0.3320375	0.6297243	-0.59744114	0.36913747
0.33181322	0.62995297	-0.5977225	0.36849308
0.33161217	0.63016504	-0.59804195	0.36779234
0.33139572	0.6304066	-0.59842014	0.3669574
0.33122948	0.63059115	-0.59870857	0.36631942
0.33106044	0.630764	-0.59901536	0.36567265
0.33091345	0.6308877	-0.5993281	0.36507934
0.33077067	0.6309643	-0.599682	0.36449474
0.33062008	0.6310267	-0.6000234	0.36396104
0.3304417	0.6311023	-0.6003874	0.36339125
0.33024427	0.63118196	-0.60079795	0.36275324
0.33005038	0.6312583	-0.60123867	0.36206618
0.32985672	0.63135433	-0.6017014	0.36130574
0.32960185	0.63149315	-0.60230845	0.36028266
0.3295893	0.6314796	-0.6023152	0.36030653
0.32921305	0.6316491	-0.60305095	0.3591209
0.32894954	0.6317467	-0.60352105	0.3584002
0.32867914	0.6318271	-0.6039993	0.35770017
0.3283927	0.6319304	-0.60448694	0.35695642
0.32810467	0.63206536	-0.6049624	0.35617602
0.32784393	0.6322256	-0.60541	0.3553701
0.3275884	0.63241875	-0.605825	0.35455403
0.3273173	0.6326234	-0.6062546	0.35370392
0.3270699	0.63277316	-0.60664815	0.3529895
0.32677844	0.6329112	-0.60702366	0.3523657
0.32648763	0.6330561	-0.60734403	0.35182247
0.32611942	0.63328695	-0.6076906	0.35114956
0.32579473	0.63353604	-0.6079914	0.3504803
0.32544425	0.63383245	-0.6083531	0.34964138
0.3251144	0.6341249	-0.608758	0.3487121
0.32477137	0.63439804	-0.60921615	0.3477331
0.32440472	0.6346404	-0.6096687	0.34683892
0.32399398	0.63486105	-0.61009175	0.3460743
0.32346472	0.635107	-0.6105106	0.34537897
0.323455	0.6351009	-0.6105158	0.3453902
0.32258338	0.6355866	-0.61081266	0.34478608
0.32202724	0.6359506	-0.6109451	0.34439996
0.32146427	0.6363839	-0.6110653	0.34391198
0.32092425	0.6368595	-0.61121315	0.34327286
0.32042047	0.63735574	-0.6114071	0.34247586
0.31998345	0.63781065	-0.61165386	0.34159607
0.31961468	0.63820344	-0.61193275	0.3407068
0.3192963	0.63852096	-0.6122238	0.33988658
0.31880423	0.6389309	-0.61254317	0.33900154
0.31878164	0.63893515	-0.6125551	0.3389933
0.31811705	0.6394861	-0.6128446	0.3380541
0.31766525	0.6398588	-0.6129859	0.33751717
0.3171812	0.64027137	-0.6131227	0.33694118
0.31669855	0.640685	-0.61327344	0.33633384
0.3162241	0.64108443	-0.61345375	0.33568987
0.31572977	0.641504	-0.61363673	0.3350186
0.3152645	0.6418723	-0.6137877	0.33447418
0.3147528	0.64225954	-0.6138931	0.33401892
0.31411645	0.64269793	-0.61391395	0.33373624
0.31343308	0.6431719	-0.6138885	0.3335125
0.31279245	0.64364064	-0.6138402	0.33329836
0.3121325	0.6441436	-0.6138131	0.3329954
0.31149715	0.6446448	-0.6138422	0.33256653
0.31093627	0.6450855	-0.6139427	0.33205098
0.3104096	0.64548904	-0.6141063	0.33145627
0.30986574	0.6458931	-0.61432034	0.33078068
0.30936238	0.64626163	-0.6145047	0.3301893
0.30886063	0.64663416	-0.6146795	0.32960367
0.30822563	0.64711523	-0.6147874	0.3290522
0.30765072	0.6475848	-0.614843	0.32856217
0.3071881	0.64799815	-0.6148719	0.32812554
0.3066327	0.6485237	-0.6149251	0.32750672
0.3061691	0.6489912	-0.6150021	0.3268689
0.3057085	0.6494752	-0.6151126	0.32613006
0.305223	0.64998704	-0.6152533	0.32529864
0.30476785	0.6504583	-0.61538833	0.32452732