0.45947963	-0.42094064	-0.7605414	-0.18238483
0.45936483	-0.42092228	-0.7606166	-0.18240352
0.45927215	-0.42080885	-0.7607381	-0.18239139
0.4592453	-0.42057043	-0.76090235	-0.182324
0.45939377	-0.42029107	-0.7609977	-0.18219586
0.45956722	-0.42007875	-0.7610308	-0.18211
0.45971808	-0.41995892	-0.76100326	-0.18212025
0.4598058	-0.4199347	-0.76093304	-0.18224886
0.4597957	-0.4200133	-0.76085466	-0.18242022
0.4597131	-0.4201685	-0.76077014	-0.18262292
0.4596148	-0.42037	-0.7606659	-0.18284078
0.45946306	-0.42058128	-0.7605907	-0.18304916
0.45932728	-0.42073002	-0.76054305	-0.1832459
0.45924538	-0.42080045	-0.7605267	-0.18335707
0.4592103	-0.42080408	-0.7605342	-0.18340534
0.4592375	-0.4207342	-0.7605598	-0.1833922
0.4593298	-0.42058915	-0.760603	-0.18331379
0.45945308	-0.42039368	-0.76066124	-0.18321174
0.45963216	-0.42014474	-0.7607157	-0.18310702
0.4598842	-0.4198487	-0.7607506	-0.18300854
0.46018013	-0.41952989	-0.7607663	-0.18293078
0.460448	-0.41922405	-0.7607952	-0.1828377
0.4606442	-0.41893464	-0.76086444	-0.18271895
0.4607477	-0.4186838	-0.7609692	-0.18259653
0.4607762	-0.41848466	-0.7610848	-0.1824989
0.46075258	-0.41834018	-0.7611954	-0.18242848
0.46067512	-0.41827217	-0.761287	-0.18239807
0.4605694	-0.41827765	-0.76133734	-0.18244231
0.4604768	-0.41830403	-0.76135004	-0.18256281
0.46041134	-0.41829967	-0.76135916	-0.18269993
0.4603816	-0.4182502	-0.76137286	-0.18283089
0.46038777	-0.41814372	-0.7614166	-0.18287657
0.4604023	-0.41803336	-0.7614678	-0.18287921
0.4603941	-0.41793922	-0.76153594	-0.1828308
0.4603515	-0.4178799	-0.7616137	-0.18274966
0.46036997	-0.4178555	-0.76160616	-0.18279055
0.46016818	-0.41784132	-0.76176375	-0.1826745
0.46007833	-0.41787055	-0.76179034	-0.1827232
0.46006194	-0.41785058	-0.7618022	-0.18276055
0.4599389	-0.41799134	-0.76175946	-0.18292587
0.4599281	-0.41799328	-0.76173687	-0.18304263
0.45991388	-0.41793317	-0.761758	-0.18312748
0.45989072	-0.4178649	-0.76179373	-0.18319295
0.45983508	-0.4178233	-0.7618375	-0.18324557
0.45979044	-0.41781893	-0.7618495	-0.18331754
0.45976436	-0.41785222	-0.76182705	-0.18340053
0.45974535	-0.41788453	-0.7618023	-0.1834774
0.45972344	-0.41790187	-0.761795	-0.18352324
0.45972207	-0.41790402	-0.7617882	-0.18354982
0.45974958	-0.4178993	-0.7617731	-0.18355493
0.4598527	-0.41776496	-0.7618145	-0.18343094
0.45992783	-0.4176652	-0.7618506	-0.18331903
0.45999214	-0.41753292	-0.7619229	-0.18315873
0.46004146	-0.41736484	-0.7620294	-0.18297423
0.4600983	-0.41715804	-0.7621562	-0.18277504
0.46014738	-0.41691408	-0.762305	-0.18258782
0.4601767	-0.41668797	-0.7624505	-0.18242192
0.46016854	-0.4164797	-0.7626044	-0.18227494
0.46013406	-0.41632345	-0.7627373	-0.18216306
0.4601248	-0.4162177	-0.7628192	-0.18208471
0.46008646	-0.4161498	-0.7628781	-0.18208988
0.46001753	-0.4161236	-0.7629197	-0.18214972
0.4599491	-0.41615674	-0.7629189	-0.18225032
0.45991877	-0.416239	-0.762857	-0.18239807
0.45993918	-0.41632485	-0.76276493	-0.18253581
0.4599965	-0.41637984	-0.76267695	-0.18263362
0.4600572	-0.4163856	-0.7626296	-0.18266518
0.46007937	-0.41638112	-0.7626174	-0.18267041
0.4600554	-0.41630656	-0.762658	-0.18273139
0.46014476	-0.4161397	-0.7627346	-0.18256685
0.46021852	-0.41606167	-0.7627597	-0.18245395
0.46027613	-0.41593796	-0.7628489	-0.1822175
0.46026477	-0.41589576	-0.762907	-0.18209933
0.46023983	-0.41586053	-0.7629665	-0.18199359
0.4602196	-0.415792	-0.7630376	-0.18190317
0.46021116	-0.41570732	-0.76310575	-0.18183206
0.46023512	-0.4156	-0.76316506	-0.18176794
0.4602547	-0.4154993	-0.7632198	-0.18171886
0.4602624	-0.41538778	-0.7632854	-0.18167858
0.46025386	-0.4153824	-0.7632908	-0.18168904
0.46030688	-0.41505203	-0.7634692	-0.1815604
0.46036625	-0.41487783	-0.76355124	-0.18146299
0.4604524	-0.41470173	-0.76363105	-0.18131171
0.46060547	-0.41453454	-0.76367706	-0.18111119
0.46085474	-0.4141725	-0.76382875	-0.18066476
0.46089506	-0.41396716	-0.7639665	-0.18045019
0.46090674	-0.41377267	-0.76411045	-0.1802572
0.46091458	-0.4136004	-0.7642361	-0.1800991
0.46093446	-0.41345158	-0.7643396	-0.1799505
0.46098304	-0.41329655	-0.7644265	-0.17981322
0.46118647	-0.41283664	-0.76461	-0.17956796
0.4612386	-0.41255382	-0.76474994	-0.17948782
0.4613133	-0.412226	-0.7648981	-0.17941733
0.46141633	-0.41188908	-0.7650276	-0.17937475
0.4615562	-0.41151214	-0.76515514	-0.17933547
0.461659	-0.41114354	-0.7653087	-0.17926167
0.46171582	-0.41070846	-0.7655426	-0.17911331
0.4617703	-0.4102105	-0.76582307	-0.17891534
0.46181878	-0.40966418	-0.766141	-0.17868058
0.46187732	-0.40906712	-0.7664872	-0.1784123
0.4619634	-0.40844584	-0.76683277	-0.17812727
0.4619995	-0.4078122	-0.76722467	-0.17779751
0.4621145	-0.40709323	-0.7676226	-0.177429
0.4623075	-0.40646347	-0.76791424	-0.17710736
0.46245205	-0.40581733	-0.7682785	-0.17663124
0.462697	-0.40509588	-0.76859987	-0.17624721
0.46295184	-0.4044139	-0.7689006	-0.17583212
0.46319377	-0.4037415	-0.7692061	-0.17540337
0.46333325	-0.4030567	-0.769586	-0.17494294
0.46343872	-0.40238371	-0.76997447	-0.17450276
0.46357492	-0.40173954	-0.77032405	-0.17408171
0.46378592	-0.40118426	-0.77058417	-0.17364885
0.46414533	-0.40059093	-0.77077335	-0.17321831
0.4644668	-0.400063	-0.7709368	-0.17284942
0.46479738	-0.39942843	-0.7711649	-0.17240942
0.46497408	-0.3988761	-0.7714167	-0.17208493
0.46506843	-0.39824092	-0.77176195	-0.1717532
0.46508363	-0.39757824	-0.772155	-0.1714804
0.4650871	-0.39689156	-0.77255696	-0.17125067
0.46527585	-0.39558566	-0.77323055	-0.17071865
0.46543872	-0.3948326	-0.77359504	-0.17036642
0.46561265	-0.3942883	-0.773833	-0.1700712
0.46586278	-0.3937266	-0.77405566	-0.16967404
0.46614835	-0.39318508	-0.7742533	-0.16924262
0.46643117	-0.39262906	-0.77446175	-0.1687996
0.46661478	-0.3921218	-0.77468574	-0.16844355
0.46674776	-0.3915502	-0.7749687	-0.16810313
0.4668538	-0.39096236	-0.7752627	-0.1678209
0.46696478	-0.39033312	-0.7755656	-0.16757734
0.4670814	-0.3896507	-0.77589333	-0.16732264
0.46724367	-0.38887492	-0.7762529	-0.16700615
0.4675212	-0.38806573	-0.7765838	-0.16657314
0.4678211	-0.3871994	-0.776938	-0.16609454
0.46818358	-0.38623467	-0.77732766	-0.16549565
0.46856794	-0.3852845	-0.77770215	-0.16486183
0.46896994	-0.38434243	-0.7780688	-0.16418615
0.46940073	-0.38338426	-0.7784357	-0.16345443
0.4698486	-0.3824904	-0.77876216	-0.16270538
0.47030982	-0.38157392	-0.779095	-0.16192906
0.47075292	-0.38064414	-0.77943903	-0.16117254
0.4710142	-0.37974533	-0.77987885	-0.16039991
0.47126567	-0.378816	-0.7803389	-0.15962021
0.47149807	-0.37791148	-0.78078955	-0.15887152
0.47183394	-0.37700477	-0.7811681	-0.15816662
0.47219694	-0.3761142	-0.78151435	-0.157492
0.47254217	-0.37528113	-0.7818268	-0.15689145
0.4728256	-0.37448376	-0.78214896	-0.15633625
0.47304899	-0.3736779	-0.7825052	-0.15580493
0.47322953	-0.37295896	-0.78283185	-0.15533789
0.47339737	-0.37222752	-0.7831742	-0.15485412
0.47354627	-0.37148052	-0.78353626	-0.15436037
0.4737326	-0.37064645	-0.7839336	-0.15377559
0.47395164	-0.36985764	-0.7842907	-0.15317766
0.4742332	-0.36900043	-0.7846598	-0.15248153
0.47457817	-0.36808988	-0.78503436	-0.15167922
0.47489932	-0.3672868	-0.78535897	-0.15093847
0.47521648	-0.3664012	-0.7857424	-0.15009512
0.47551116	-0.3654843	-0.7861534	-0.14924257
0.47571993	-0.36462104	-0.7865737	-0.14847203
0.47589502	-0.36367658	-0.78705704	-0.1476641
0.47604764	-0.3627175	-0.787561	-0.14684169
0.4762004	-0.36171398	-0.7880855	-0.1460046
0.47639987	-0.36071575	-0.7885721	-0.14519513
0.47677118	-0.35974187	-0.7889399	-0.1443918
0.47719693	-0.35877	-0.78927135	-0.1435896
0.47758135	-0.35785484	-0.7895864	-0.14286096
0.4779578	-0.35683537	-0.78995454	-0.14211524
0.4782637	-0.3558127	-0.79035956	-0.1413961
0.47845012	-0.35483828	-0.79079294	-0.14079036
0.47857115	-0.35387915	-0.79125017	-0.1402232
0.47868046	-0.35297683	-0.79167926	-0.13970065
0.47885403	-0.35196462	-0.79213464	-0.13907735
0.4790594	-0.35115758	-0.7924631	-0.13853754
0.47933677	-0.35030124	-0.7927835	-0.13791232
0.47973257	-0.34923235	-0.79315925	-0.1370842
0.4797403	-0.34923536	-0.7931542	-0.13707775
0.48015463	-0.3480266	-0.7936061	-0.13608275
0.48050967	-0.34646237	-0.7942699	-0.13494281
0.48069364	-0.3454119	-0.79475343	-0.1341315
0.48086786	-0.34430122	-0.7952724	-0.13328384
0.481056	-0.34324268	-0.79575294	-0.13246411
0.4813102	-0.34208238	-0.7962528	-0.13153611
0.48163703	-0.34085965	-0.7967454	-0.13052699
0.48245245	-0.33858743	-0.79754215	-0.12854859
0.48305646	-0.33697328	-0.79809237	-0.12709838
0.48351792	-0.33565992	-0.7985576	-0.12589155
0.483938	-0.3344034	-0.7990086	-0.12475405
0.4843111	-0.333144	-0.79948044	-0.12364816
0.48462903	-0.33186665	-0.79998165	-0.12259117
0.48489255	-0.33063826	-0.800476	-0.12163792
0.48515412	-0.32937002	-0.80097854	-0.12072414
0.4854146	-0.3281731	-0.80143154	-0.119927764
0.4856964	-0.32697335	-0.8018625	-0.119180605
0.48610255	-0.32581612	-0.8021944	-0.11845808
0.48658702	-0.32464817	-0.80248106	-0.11773273
0.48704678	-0.3236177	-0.80271333	-0.11708275
0.4879371	-0.3215191	-0.80320567	-0.11577389
0.4883468	-0.32048455	-0.80346674	-0.1151018
0.48874265	-0.31941092	-0.80375683	-0.11437806
0.48909727	-0.31834462	-0.8040682	-0.11364401
0.48944622	-0.31718948	-0.80442584	-0.112837456
0.4897716	-0.31597582	-0.80482256	-0.11199864
0.49008536	-0.31471112	-0.8052435	-0.111158006
0.49040005	-0.31337714	-0.80568945	-0.110304624
0.4906685	-0.31207243	-0.8061421	-0.10949977
0.49108496	-0.31066778	-0.8065297	-0.108770505
0.49156082	-0.30930755	-0.80684865	-0.10812986
0.49253234	-0.30641577	-0.8075153	-0.106959455
0.49255848	-0.3064355	-0.80749696	-0.10692137
0.49299803	-0.3042514	-0.80817735	-0.10598881
0.49328366	-0.3028209	-0.80863136	-0.10529139
0.49352396	-0.30173635	-0.8089682	-0.10468905
0.4938442	-0.30038902	-0.8093771	-0.103890605
0.49418294	-0.29939476	-0.8096211	-0.103246175
0.49532756	-0.2973135	-0.8098628	-0.1018705
0.49598217	-0.29637998	-0.80989045	-0.10118411
0.4966769	-0.29551378	-0.8098577	-0.10056966
0.49730265	-0.29468748	-0.8098412	-0.10003302
0.49774253	-0.29383042	-0.8099491	-0.0994916
0.49803233	-0.292989	-0.8101356	-0.09900402
0.49837643	-0.29201233	-0.81033105	-0.09855659
0.49871874	-0.29118288	-0.81045914	-0.09822538
0.49871486	-0.29120123	-0.81045866	-0.09819449
0.49910745	-0.29037353	-0.8105459	-0.0979299
0.49995407	-0.2889561	-0.8105575	-0.097707555
0.50046575	-0.2883465	-0.8104636	-0.09766927
0.50048214	-0.2883909	-0.8104471	-0.09759104
0.50159365	-0.2872382	-0.8101574	-0.09768768
0.50209033	-0.2867265	-0.81003404	-0.09766305
0.50260264	-0.2862192	-0.80990154	-0.09761556
0.50309134	-0.28573117	-0.8097761	-0.09756735
0.50350726	-0.2852647	-0.80968934	-0.097507164
0.5035272	-0.28529277	-0.80967313	-0.09745669
0.5042871	-0.284509	-0.80950516	-0.09721453
0.50475425	-0.28433564	-0.80930394	-0.096971974
0.50532967	-0.284231	-0.80901074	-0.096727826
0.50597334	-0.28417605	-0.8086531	-0.09651562
0.5066247	-0.2841648	-0.80827016	-0.096339576
0.50731015	-0.28412634	-0.8078761	-0.09615155
0.5079734	-0.28400543	-0.8075251	-0.09595452
0.50865895	-0.2837878	-0.80720127	-0.09569156
0.50936544	-0.28340957	-0.8069262	-0.09537289
0.50999874	-0.28286532	-0.8067609	-0.09500152
0.5105695	-0.2822045	-0.806686	-0.09453625
0.5111097	-0.2815874	-0.80661386	-0.09407238
0.51176286	-0.28104094	-0.8064474	-0.09358073
0.51251316	-0.28055802	-0.8061838	-0.093194775
0.513124	-0.28022483	-0.80594957	-0.092861354
0.5138196	-0.2799764	-0.8056175	-0.09264613
0.51495606	-0.2796942	-0.8049994	-0.09256086
0.5148442	-0.27977222	-0.80505663	-0.0924499
0.51629084	-0.27944475	-0.8042212	-0.0926432
0.5172751	-0.27919212	-0.80365807	-0.0928009
0.5182504	-0.27890813	-0.80311227	-0.09293808
0.5192275	-0.27856374	-0.8025937	-0.09299697
0.5201458	-0.27815786	-0.8021448	-0.09295298
0.5210209	-0.2777403	-0.8017306	-0.09287465
0.52179575	-0.27742	-0.8013426	-0.09282932
0.5226491	-0.27717897	-0.8008666	-0.09285766
0.523537	-0.27700245	-0.8003367	-0.09295084
0.5245337	-0.2768271	-0.79972863	-0.09308765
0.52555174	-0.27663	-0.7991121	-0.09322675
0.5266329	-0.2763859	-0.7984703	-0.09334733
0.5276825	-0.27611822	-0.79786223	-0.093412094
0.52874494	-0.2758308	-0.79725516	-0.09343689
0.5298111	-0.27558842	-0.79663	-0.093444355
0.53091913	-0.27539933	-0.7959529	-0.093482375
0.53196913	-0.2752459	-0.7952945	-0.09356852
0.53302133	-0.27508873	-0.7946266	-0.093718454
0.5340612	-0.2748899	-0.79397064	-0.09393989
0.53506094	-0.2746071	-0.79336345	-0.0942085
0.53598225	-0.27421558	-0.7928428	-0.09449396
0.53759396	-0.2727106	-0.7921857	-0.095202364
0.5375986	-0.27271074	-0.7921826	-0.095201395
0.53866553	-0.2716212	-0.7917755	-0.09567154
0.53982925	-0.27048713	-0.7913085	-0.09618699
0.54072934	-0.26972598	-0.7909052	-0.09658541
0.541713	-0.26904318	-0.79041195	-0.09701522
0.54281265	-0.26848093	-0.7897921	-0.09747201
0.5439733	-0.26808465	-0.78907293	-0.09791672
0.5450619	-0.26785427	-0.78834957	-0.098319024
0.54609483	-0.26770428	-0.7876362	-0.09871186
0.54773355	-0.2674644	-0.7864819	-0.09948432
0.5484087	-0.2673697	-0.7859853	-0.09994329
0.549064	-0.26726156	-0.7854986	-0.100458466
0.54977226	-0.2671318	-0.7849762	-0.10101224
0.54977953	-0.2671328	-0.78497124	-0.101009764
0.5514293	-0.26680088	-0.7837707	-0.102208726
0.5522555	-0.2665801	-0.78318596	-0.10280418
0.5531242	-0.2662946	-0.78258735	-0.10343048
0.55388796	-0.2659998	-0.7820706	-0.10400979
0.55515015	-0.26536813	-0.7812236	-0.10525168
0.55568576	-0.26513073	-0.7808416	-0.105855994
0.5561971	-0.26499963	-0.7804359	-0.10648921
0.55659455	-0.26499385	-0.780091	-0.106952265
0.55708146	-0.2650433	-0.77966344	-0.10741183
0.5579372	-0.2650167	-0.7789994	-0.10785358
0.5579567	-0.26501763	-0.7789855	-0.10784947
0.55927736	-0.26486415	-0.77800566	-0.10845788
0.5600739	-0.2647582	-0.77741957	-0.10880883
0.56193787	-0.26467392	-0.775986	-0.10963313
0.5627756	-0.26485118	-0.77525735	-0.110061154
0.5634606	-0.26513767	-0.7746053	-0.11045818
0.56405306	-0.26550904	-0.77398944	-0.11085828
0.5645165	-0.2659033	-0.77346075	-0.111243844
0.56492597	-0.266326	-0.7729545	-0.1116711
0.56534827	-0.26680988	-0.7724001	-0.1122143
0.56581044	-0.2672667	-0.77184236	-0.112635024
0.566016	-0.2673065	-0.7716901	-0.112549685
0.5668532	-0.2681065	-0.77061737	-0.11377737
0.5674862	-0.2684089	-0.7699502	-0.11442367
0.5681474	-0.26865858	-0.7692754	-0.115094
0.5688213	-0.26888523	-0.7685954	-0.11577732
0.56942827	-0.26913366	-0.7679528	-0.11647849
0.5699164	-0.26944253	-0.7673842	-0.117122404
0.5701134	-0.2698559	-0.7669218	-0.11823513
0.5701847	-0.26988566	-0.76686615	-0.11818354
0.5702068	-0.2708062	-0.76631105	-0.1195637
0.5702244	-0.27150166	-0.7659332	-0.12032205
0.57031244	-0.27153742	-0.7658646	-0.12025989
0.5704034	-0.27257565	-0.7652779	-0.12121185
0.5704984	-0.27409345	-0.7644353	-0.1226504
0.5704771	-0.2749733	-0.7640031	-0.12347081
0.5704452	-0.27587605	-0.76356333	-0.12432142
0.5704033	-0.2767154	-0.7631636	-0.12509961
0.57032454	-0.277655	-0.762743	-0.1259395
0.5702303	-0.27871233	-0.7623008	-0.12670584
0.5701523	-0.27970684	-0.76188004	-0.12739493
0.570192	-0.2806971	-0.7613625	-0.12813103
0.57027894	-0.2816003	-0.76084507	-0.12883356
0.5703402	-0.2824	-0.7603779	-0.1295678
0.5703061	-0.28314134	-0.7600007	-0.1303107
0.5701449	-0.28389817	-0.75970674	-0.13108163
0.5698307	-0.28473622	-0.7594927	-0.1318688
0.5693448	-0.28572464	-0.7593465	-0.13266829
0.56877023	-0.28685325	-0.7592106	-0.13347277
0.5682477	-0.2880781	-0.7589981	-0.13426714
0.56781125	-0.2893603	-0.7586998	-0.13503924
0.56749016	-0.29072133	-0.7582803	-0.13582043
0.56728584	-0.29211447	-0.75775194	-0.13663106
0.5671541	-0.29349557	-0.7571653	-0.1374677
0.5670958	-0.29480287	-0.75654685	-0.13831303
0.56704754	-0.29605132	-0.75594217	-0.13914804
0.56696683	-0.2972536	-0.75538146	-0.13995658
0.566862	-0.29843047	-0.7548455	-0.14076605
0.566729	-0.2995163	-0.7543733	-0.14152478
0.5664934	-0.30065462	-0.75394565	-0.14233053
0.56618226	-0.301721	-0.7535999	-0.14314112
0.56577635	-0.30281082	-0.7532928	-0.1440579
0.5652639	-0.30390194	-0.753046	-0.1450589
0.56465685	-0.30498722	-0.752854	-0.14613847
0.5640067	-0.30609083	-0.75267047	-0.14728247
0.56340015	-0.30718014	-0.7524496	-0.14845969
0.56291837	-0.30825418	-0.75214654	-0.1495926
0.562533	-0.30944592	-0.7517235	-0.15070415
0.56218505	-0.31075314	-0.75120306	-0.15190315
0.5618932	-0.31181952	-0.7507875	-0.15284917
0.5615214	-0.3130431	-0.7503414	-0.1539014
0.5611337	-0.31423303	-0.74993175	-0.15488379
0.560713	-0.31542453	-0.74955004	-0.15583038
0.56022626	-0.3166156	-0.74922186	-0.1567413
0.5597132	-0.31780112	-0.7489176	-0.15762648
0.55923826	-0.31895718	-0.74860024	-0.15848237
0.5587902	-0.3201652	-0.74823093	-0.15936846
0.5583696	-0.32146764	-0.7477773	-0.16034707
0.55796623	-0.32282704	-0.7472593	-0.16143066
0.55759615	-0.32409495	-0.74675626	-0.16249381
0.55718744	-0.3254747	-0.74620223	-0.16367853
0.55672514	-0.32690516	-0.74564904	-0.16491705
0.5561894	-0.32839757	-0.74511015	-0.16619055
0.5556714	-0.32989526	-0.7445555	-0.1674384
0.55516404	-0.33143163	-0.7439722	-0.16867547
0.55469775	-0.33296648	-0.74336207	-0.16987221
0.55426884	-0.33450782	-0.742719	-0.17105325
0.5538925	-0.33601215	-0.74205214	-0.17221391
0.5535468	-0.33754268	-0.7413433	-0.1733813
0.553244	-0.33888242	-0.74071735	-0.17440696
0.5528922	-0.34020695	-0.7401323	-0.17542465
0.5524642	-0.34151036	-0.73960555	-0.17645867
0.5514142	-0.3439836	-0.7387642	-0.17845206
0.5504526	-0.34691697	-0.7375544	-0.18073246
0.5502213	-0.34820086	-0.73688215	-0.18170683
0.55005264	-0.34977764	-0.73596185	-0.18291493
0.5499923	-0.3513912	-0.734913	-0.18421648
0.5499454	-0.3531482	-0.73375386	-0.18561165
0.54976296	-0.3549407	-0.73267835	-0.18697661
0.54949826	-0.35657457	-0.73175883	-0.18824258
0.5491092	-0.3582578	-0.730889	-0.18955654
0.5485916	-0.35999113	-0.7300729	-0.19091183
0.54800904	-0.36177033	-0.72926396	-0.1923083
0.54744244	-0.36352873	-0.7284447	-0.1937058
0.54647654	-0.36713198	-0.7265882	-0.19658864
0.5460673	-0.36911938	-0.7254409	-0.19823456
0.5458087	-0.37062553	-0.7245194	-0.1995028
0.54555714	-0.37232006	-0.72345597	-0.20089008
0.54531294	-0.3739086	-0.7224742	-0.20213181
0.5450223	-0.375511	-0.72152966	-0.20331551
0.5447049	-0.37704057	-0.72066706	-0.2043919
0.54431283	-0.3785899	-0.7198443	-0.20546906
0.5438792	-0.3800676	-0.7191044	-0.2064776
0.5434088	-0.38159844	-0.7183433	-0.20753899
0.54296595	-0.38305718	-0.7175926	-0.20860514
0.5425539	-0.3844642	-0.71682876	-0.20971188
0.5422094	-0.3857629	-0.7160719	-0.21080108
0.54197603	-0.38701966	-0.71524924	-0.21188752
0.54177994	-0.38816485	-0.7144872	-0.21286301
0.54154074	-0.38942823	-0.71366805	-0.21390924
0.54128516	-0.39059797	-0.71293384	-0.21486999
0.5408058	-0.39201406	-0.71218413	-0.21598138
0.54021317	-0.39348242	-0.7114783	-0.21711738
0.5396649	-0.39472958	-0.71089876	-0.21811308
0.53903776	-0.39611617	-0.7102471	-0.21927023
0.53838575	-0.3976654	-0.70945567	-0.22062598
0.5379649	-0.398771	-0.70883286	-0.22165653
0.5375129	-0.40018088	-0.7079621	-0.22299077
0.53718615	-0.40131843	-0.70721966	-0.22408713
0.5368007	-0.4026219	-0.70637846	-0.22532274
0.5363301	-0.4039972	-0.70553964	-0.22660573
0.53574854	-0.40540028	-0.7047641	-0.22788522
0.53502864	-0.40695542	-0.7039641	-0.22927335
0.53439766	-0.4082297	-0.7033323	-0.2304158
0.53367954	-0.4095799	-0.70270705	-0.23158869
0.5329939	-0.41086	-0.70211816	-0.23268372
0.5324024	-0.41207418	-0.7015125	-0.23371512
0.5318993	-0.41323382	-0.70088446	-0.23469566
0.53142935	-0.41440207	-0.70022607	-0.23566377
0.5309751	-0.4155263	-0.69959325	-0.23658541
0.53048027	-0.4166445	-0.69899815	-0.23748632
0.5298764	-0.41785583	-0.69840384	-0.23845243
0.52849317	-0.42022672	-0.6974	-0.24028683
0.5277415	-0.42142352	-0.6969136	-0.24125214
0.5269666	-0.4227722	-0.6963301	-0.24226916
0.52642477	-0.4238498	-0.6958033	-0.2430763
0.5258891	-0.42503494	-0.69517046	-0.24397525
0.52532274	-0.42625988	-0.69449794	-0.244972
0.5246999	-0.4275443	-0.6938108	-0.24601334
0.5241123	-0.428757	-0.6931665	-0.24696963
0.5234473	-0.43001893	-0.69250226	-0.24804717
0.52276874	-0.43125626	-0.6918596	-0.24912117
0.522047	-0.43252003	-0.6912204	-0.2502156
0.52129745	-0.4337917	-0.69060254	-0.25128046
0.5205421	-0.43508205	-0.6899852	-0.25230956
0.5198179	-0.43639177	-0.68933195	-0.25332403
0.51914555	-0.43767408	-0.6886572	-0.25432405
0.5185081	-0.4389524	-0.68793696	-0.25536823
0.51795423	-0.4401168	-0.68724436	-0.25635114
0.51739013	-0.4412972	-0.6865401	-0.25734618
0.5167759	-0.44254595	-0.6858229	-0.25834635
0.516194	-0.443741	-0.68515193	-0.25923848
0.51559424	-0.44509313	-0.68436414	-0.260193
0.51505303	-0.44644013	-0.68354553	-0.26110753
0.514529	-0.44773287	-0.6827682	-0.26195958
0.51397485	-0.44895574	-0.68206525	-0.26278433
0.5134009	-0.45011204	-0.6814012	-0.2636495
0.5127103	-0.45119876	-0.68090093	-0.26442742
0.5119557	-0.45226562	-0.6804623	-0.26519486
0.51115966	-0.45331421	-0.68006986	-0.2659456
0.5103899	-0.45436916	-0.6796537	-0.26668644
0.5096523	-0.4554893	-0.6791657	-0.26742837
0.5090296	-0.45659077	-0.67861664	-0.2681292
0.5084652	-0.45775074	-0.6779817	-0.2688277
0.50791526	-0.458988	-0.6772632	-0.26956767
0.50659686	-0.4616338	-0.6758607	-0.27104655
0.5057471	-0.46312973	-0.67511994	-0.27192637
0.5049831	-0.46442196	-0.6744914	-0.27270076
0.5043199	-0.46555898	-0.6739266	-0.27338472
0.50362957	-0.46681306	-0.67325616	-0.27416965
0.5030196	-0.4679667	-0.672598	-0.274937
0.5018229	-0.47022122	-0.67126405	-0.2765329
0.5011219	-0.4713733	-0.6706057	-0.2774385
0.500424	-0.47242624	-0.6700342	-0.27828658
0.49963903	-0.47352976	-0.6694683	-0.27918205
0.4989017	-0.4745423	-0.66896874	-0.2799779
0.4981349	-0.47560608	-0.66844636	-0.2807846
0.49742728	-0.4766221	-0.66793966	-0.28152114
0.4967835	-0.4775901	-0.6674484	-0.28218162
0.49616957	-0.47860783	-0.6668943	-0.2828467
0.49569884	-0.47946057	-0.66639215	-0.28341094
0.49516684	-0.48043647	-0.6658067	-0.28406358
0.49468842	-0.48128238	-0.6653176	-0.2846105
0.49420244	-0.48212537	-0.6648529	-0.28511375
0.49369976	-0.48301893	-0.66437143	-0.2855939
0.49325436	-0.48388663	-0.6638962	-0.2859997
0.49285242	-0.48470417	-0.6634488	-0.28634617
0.4924484	-0.48551923	-0.66302145	-0.28665
0.49208444	-0.48622766	-0.6626477	-0.28693852
0.49166954	-0.4869617	-0.66226596	-0.2872861
0.49121115	-0.48772812	-0.6618566	-0.287713
0.4907006	-0.48853946	-0.6614148	-0.2882234
0.4901378	-0.48941395	-0.66092813	-0.2888133
0.48954582	-0.49037847	-0.6603565	-0.28948772
0.4888822	-0.4914032	-0.65978134	-0.29018235
0.4882321	-0.49240437	-0.65921736	-0.2908608
0.48758018	-0.4933711	-0.65869415	-0.2915006
0.4868556	-0.49441615	-0.658153	-0.2921625
0.48538324	-0.49650887	-0.6570705	-0.293497
0.48537928	-0.49648875	-0.65707535	-0.29352677
0.4839587	-0.49846226	-0.6560063	-0.29491562
0.48335716	-0.4993637	-0.65543824	-0.2956393
0.48281828	-0.5001852	-0.6548948	-0.2963344
0.48227686	-0.50095546	-0.65440917	-0.29698727
0.48164245	-0.5017431	-0.65397096	-0.2976515
0.48096308	-0.50248873	-0.65362394	-0.2982539
0.4802203	-0.5032706	-0.6532962	-0.29885006
0.4794791	-0.504094	-0.6529414	-0.29942697
0.47814906	-0.50580215	-0.6521466	-0.3004041
0.4776296	-0.5065771	-0.65172505	-0.30083928
0.47716594	-0.50733477	-0.651279	-0.30126372
0.47683436	-0.50795317	-0.6508779	-0.30161333
0.4764827	-0.50866395	-0.6503908	-0.30202174
0.47609463	-0.5094642	-0.6498163	-0.30252105
0.4757049	-0.5102048	-0.6492842	-0.3030282
0.47517136	-0.5110806	-0.64870036	-0.30363902
0.47444645	-0.512074	-0.6481528	-0.30426762
0.47367427	-0.5131181	-0.6475634	-0.30496594
0.47280845	-0.51419693	-0.6470441	-0.305594
0.47194013	-0.51523113	-0.64656824	-0.30620104
0.4711741	-0.5161811	-0.64613384	-0.3066972
0.470476	-0.5170827	-0.64570427	-0.3071543
0.46982756	-0.5179417	-0.6452739	-0.30760384
0.46914512	-0.5188532	-0.6447876	-0.30812836
0.468643	-0.5195207	-0.6444024	-0.30857348
0.46806628	-0.520215	-0.6440483	-0.30901825
0.467425	-0.5208588	-0.643809	-0.30940273
0.466765	-0.52145725	-0.6436634	-0.30969372
0.46603566	-0.5220964	-0.64357305	-0.3099031
0.46532542	-0.52272177	-0.6435282	-0.310009
0.46453863	-0.52339303	-0.64353627	-0.31003973
0.46367642	-0.52414113	-0.6435508	-0.31003666
0.46272597	-0.52498657	-0.6435545	-0.31001857
0.46169066	-0.525954	-0.64350367	-0.3100279
0.4603257	-0.52735204	-0.6433203	-0.31006297
0.45844886	-0.5292897	-0.6430556	-0.31009144
0.4575218	-0.530281	-0.64287937	-0.31013227
0.45671445	-0.5311588	-0.64272183	-0.31014672
0.45600727	-0.53188354	-0.6426516	-0.31009072
0.45531183	-0.5325314	-0.6426605	-0.30998242
0.4546552	-0.53306735	-0.64274096	-0.30985802
0.45396355	-0.53354716	-0.6429038	-0.30970857
0.4532443	-0.5339647	-0.6431479	-0.3095355
0.45250165	-0.534269	-0.64354044	-0.30928096
0.45184314	-0.5345077	-0.64390343	-0.3090756
0.45114154	-0.53473324	-0.64435166	-0.30877617
0.45049283	-0.5349237	-0.6448137	-0.3084288
0.4497912	-0.53514045	-0.6453125	-0.3080331
0.4490108	-0.5354219	-0.6457973	-0.30766645
0.4481837	-0.5357544	-0.64624614	-0.3073511
0.44723204	-0.5361691	-0.64672416	-0.30700827
0.4462026	-0.5366335	-0.6472232	-0.30664298
0.44515994	-0.537094	-0.64772314	-0.30629617
0.44406754	-0.5375495	-0.64827853	-0.30590764
0.4431116	-0.5379046	-0.6488191	-0.30552354
0.44210526	-0.5382284	-0.64944756	-0.30507562
0.44102332	-0.53852725	-0.6501753	-0.30456358
0.44011918	-0.53873354	-0.65081704	-0.30413577
0.43911144	-0.5389526	-0.6515397	-0.30365664
0.4381295	-0.53918654	-0.6522252	-0.30318767
0.43718433	-0.5394492	-0.6528487	-0.30274254
0.43622342	-0.53973776	-0.6534589	-0.30229762
0.43524885	-0.54003954	-0.6540672	-0.30184734
0.4342988	-0.54032606	-0.6546734	-0.30138856
0.4333545	-0.54059476	-0.65528345	-0.30094007
0.43219447	-0.54095197	-0.6559928	-0.30042046
0.4322049	-0.54092777	-0.6559882	-0.30045873
0.43082044	-0.5414554	-0.6567803	-0.29976583
0.4300404	-0.54174066	-0.65722686	-0.29939163
0.4292767	-0.54204494	-0.657655	-0.2989961
0.42841884	-0.54240656	-0.65812457	-0.29853714
0.42756948	-0.54275715	-0.65859425	-0.2980817
0.42647094	-0.54317105	-0.65922993	-0.29749587
0.42549568	-0.54350775	-0.65981114	-0.29698828
0.4245092	-0.5438336	-0.66041994	-0.29644996
0.4235726	-0.5441378	-0.6610179	-0.29589832
0.42270362	-0.54441166	-0.6615978	-0.29534042
0.4218572	-0.5446704	-0.66221356	-0.29469284
0.421053	-0.5449152	-0.6628231	-0.2940193
0.42023233	-0.54515284	-0.66348857	-0.293251
0.41944483	-0.5453364	-0.6641923	-0.29244286
0.41863582	-0.54546386	-0.6649813	-0.29157022
0.41774434	-0.5455513	-0.66590923	-0.2905657
0.41675454	-0.54560655	-0.6669704	-0.28944728
0.4159088	-0.54565394	-0.6678724	-0.28849295
0.41500184	-0.54574656	-0.66880363	-0.28746483
0.41419807	-0.54589427	-0.66956335	-0.2865736
0.4134426	-0.54607534	-0.6702137	-0.28579816
0.41277778	-0.54625475	-0.67075133	-0.2851543
0.4121768	-0.5464353	-0.6712158	-0.28458446
0.41158023	-0.5466431	-0.6716428	-0.28404078
0.410927	-0.5468744	-0.67208934	-0.2834845
0.40973875	-0.5472313	-0.672958	-0.28245288
0.40975052	-0.54721856	-0.6729523	-0.28247428
0.40853217	-0.5475708	-0.67385215	-0.281409
0.40761787	-0.5478531	-0.674508	-0.28061324
0.40556604	-0.5486816	-0.6757606	-0.27894852
0.40445858	-0.54930985	-0.67623204	-0.27817658
0.4033572	-0.5500253	-0.67655903	-0.2775664
0.40232223	-0.5507635	-0.6767582	-0.27711886
0.40149465	-0.551423	-0.67684716	-0.27679008
0.40082425	-0.5519694	-0.67694855	-0.27642438
0.4002756	-0.5524134	-0.6770976	-0.27596706
0.3998696	-0.5527382	-0.6772655	-0.27549264
0.39946735	-0.5530386	-0.67746973	-0.2749709
0.39899203	-0.5533589	-0.6777158	-0.2744097
0.39841324	-0.55371773	-0.6779953	-0.2738357
0.39766148	-0.55415046	-0.6783149	-0.27326083
0.39682958	-0.554594	-0.67863226	-0.2727824
0.39584836	-0.5551046	-0.6789604	-0.2723524
0.39484662	-0.5556484	-0.6792284	-0.2720292
0.39351532	-0.5564234	-0.6795137	-0.27166158
0.3935186	-0.5564218	-0.6795119	-0.2716642
0.39249113	-0.5570494	-0.6797326	-0.27131218
0.39139426	-0.5577453	-0.6800833	-0.27058735
0.39086306	-0.5580558	-0.68032146	-0.2701157
0.39022654	-0.55841357	-0.68061715	-0.26955134
0.38955697	-0.5587599	-0.68091875	-0.26903978
0.3887251	-0.55914086	-0.6812965	-0.26849493
0.38778985	-0.5595243	-0.6817144	-0.26798716
0.38674423	-0.55996054	-0.68213767	-0.26750946
0.38569456	-0.5604887	-0.6824963	-0.26700374
0.3846394	-0.5610761	-0.68281674	-0.2664723
0.38373268	-0.56160086	-0.6830657	-0.26603577
0.38285294	-0.562175	-0.68326294	-0.26558393
0.38204965	-0.5627092	-0.6834282	-0.26518342
0.38128033	-0.5631995	-0.6836008	-0.26480475
0.3806365	-0.56363016	-0.683753	-0.26442164
0.3799496	-0.56413335	-0.68388337	-0.2639988
0.37924436	-0.5646777	-0.68401176	-0.26351616
0.37853745	-0.5652144	-0.6841846	-0.26293284
0.37776423	-0.5657564	-0.6844346	-0.2622274
0.3769506	-0.5662488	-0.68476254	-0.26147842
0.3760803	-0.5666932	-0.68517876	-0.26067716
0.37514696	-0.5670853	-0.6856757	-0.25986117
0.37419564	-0.5674395	-0.6861716	-0.25915006
0.37328148	-0.5677826	-0.68659556	-0.25859323
0.37243307	-0.56814533	-0.6869104	-0.2581836
0.37164468	-0.5685469	-0.68712604	-0.25786147
0.3710144	-0.5689521	-0.6872294	-0.25759977
0.37028632	-0.56951916	-0.68730384	-0.25719547
0.3702827	-0.56952035	-0.68730557	-0.25719333
0.3694561	-0.5701253	-0.6875762	-0.25631696
0.36895302	-0.570365	-0.68786216	-0.25574046
0.36831728	-0.57052	-0.688319	-0.255081
0.36754084	-0.5706429	-0.6888858	-0.25439492
0.36683285	-0.57076293	-0.68936205	-0.25385702
0.36594504	-0.5709759	-0.6898843	-0.25324014
0.36529678	-0.5711921	-0.69021267	-0.2527934
0.364657	-0.57148254	-0.6904964	-0.25228494
0.36417675	-0.5717726	-0.6906936	-0.25178108
0.3637158	-0.5720655	-0.6909027	-0.251208
0.36331874	-0.5723159	-0.69110155	-0.25066453
0.36283833	-0.5725477	-0.6913934	-0.25002545
0.36157387	-0.5729302	-0.69224614	-0.24861751
0.36082813	-0.57310355	-0.69268894	-0.24806733
0.36004615	-0.5732426	-0.6931694	-0.24753968
0.35924712	-0.573354	-0.69366807	-0.24704531
0.35844177	-0.5734492	-0.6941642	-0.2466
0.35762504	-0.5735325	-0.6946616	-0.24619107
0.3569541	-0.573623	-0.6950511	-0.24585466
0.35624138	-0.57373655	-0.6954697	-0.24543941
0.35551754	-0.5738438	-0.6959191	-0.24496381
0.35478288	-0.5739562	-0.6963909	-0.24442422
0.3540314	-0.57409567	-0.6968598	-0.24384929
0.3532518	-0.5742599	-0.69732094	-0.24327411
0.35247773	-0.5744421	-0.69774437	-0.24275197
0.35170844	-0.57464856	-0.69813025	-0.24226937
0.35090145	-0.57487726	-0.6985149	-0.24178773
0.3501204	-0.57510674	-0.698873	-0.24133916
0.3493621	-0.5753672	-0.6991933	-0.24088894
0.3488209	-0.57556504	-0.69942087	-0.24053966
0.3482686	-0.57576287	-0.6996718	-0.24013649
0.34775427	-0.57590055	-0.6999515	-0.23973602
0.34725288	-0.57598865	-0.7002798	-0.23929234
0.34666893	-0.57606834	-0.70069665	-0.23872614
0.34608185	-0.57614374	-0.70111686	-0.23816185
0.34542686	-0.5762341	-0.7015775	-0.23753686
0.34469667	-0.57634634	-0.7020752	-0.23685361
0.3439194	-0.5764605	-0.7025998	-0.23614909
0.34312558	-0.5765758	-0.7031374	-0.23542127
0.34234828	-0.57671773	-0.7036338	-0.23472106
0.34170982	-0.5768991	-0.70397323	-0.23418736
0.34101194	-0.57723826	-0.70415044	-0.2338358
0.34032637	-0.5776884	-0.7041986	-0.23357752
0.33968157	-0.5781749	-0.7041767	-0.23337844
0.33906847	-0.57859224	-0.7042054	-0.23314878
0.3383782	-0.57890636	-0.704389	-0.23281728
0.33761615	-0.57913065	-0.7047128	-0.23238535
0.33682403	-0.57928896	-0.7051138	-0.23192331
0.3360545	-0.57942677	-0.70552486	-0.23144487
0.3352725	-0.5795761	-0.7059642	-0.23086466
0.3346085	-0.57972723	-0.7063658	-0.23021905
0.33405042	-0.57982266	-0.7067296	-0.2296721
0.33353645	-0.5799304	-0.70706344	-0.22911887
0.33311185	-0.5800074	-0.70735264	-0.22864881
0.33264193	-0.5800888	-0.7076677	-0.22815093
0.3320851	-0.58018845	-0.7080054	-0.22766046
0.3314651	-0.58030885	-0.7083714	-0.22711802
0.33085012	-0.58039916	-0.70876557	-0.22655359
0.33017394	-0.5804563	-0.7092554	-0.22585957
0.32966995	-0.58043724	-0.7097034	-0.22523642
0.3292072	-0.5803415	-0.71023077	-0.22449645
0.32880598	-0.5801913	-0.710783	-0.22372378
0.32842004	-0.58000696	-0.7113662	-0.22291346
0.3280129	-0.5798087	-0.71198684	-0.22204539
0.32761717	-0.5796568	-0.71257097	-0.2211508
0.32717493	-0.5795147	-0.7131658	-0.22025864
0.32671395	-0.5794119	-0.7137263	-0.21939611
0.32631746	-0.5793777	-0.7141722	-0.21862428
0.3259835	-0.57932353	-0.7145928	-0.21789011
0.32566577	-0.5792114	-0.71505743	-0.21713778
0.3253418	-0.57904303	-0.71557593	-0.21636336
0.32499534	-0.57884395	-0.71612614	-0.21559495
0.32460332	-0.57867235	-0.71666497	-0.21485451
0.3242295	-0.57854176	-0.7171531	-0.21414068
0.323743	-0.57840693	-0.7177177	-0.21334787
0.32331544	-0.578283	-0.7182024	-0.21270005
0.32293952	-0.5781786	-0.7186214	-0.21213904
0.32254735	-0.5780801	-0.71904886	-0.21155483
0.3221015	-0.5779765	-0.7194902	-0.21101588
0.3216802	-0.57781655	-0.7199719	-0.2104528
0.3213046	-0.5775514	-0.7205262	-0.20985645
0.32093963	-0.5771852	-0.72117186	-0.20920396
0.32059056	-0.5767619	-0.7218686	-0.20850234
0.32022652	-0.5763585	-0.7225589	-0.20778479
0.3198319	-0.5759456	-0.72327864	-0.20703192
0.31947154	-0.5755438	-0.7239539	-0.20634437
0.3191557	-0.5751171	-0.7246124	-0.2057107
0.3188939	-0.57467866	-0.7252185	-0.20520584
0.31862727	-0.57413614	-0.72590405	-0.20471358
0.3182992	-0.5735622	-0.7266336	-0.204244
0.3180724	-0.57361764	-0.7267213	-0.2041299
0.31713182	-0.5718381	-0.7288624	-0.20294881
0.31669596	-0.5714629	-0.729482	-0.20245951
0.31642866	-0.5711694	-0.72994584	-0.2020339
0.31626356	-0.5709827	-0.730288	-0.20158252
0.31619352	-0.57075506	-0.7306045	-0.20118976
0.31620422	-0.57044053	-0.73094326	-0.2008346
0.31623247	-0.5700993	-0.7312766	-0.2005455
0.31627303	-0.5695979	-0.731738	-0.20022297
0.31629193	-0.56899494	-0.7323015	-0.19984676
0.316299	-0.568314	-0.7329488	-0.19939987
0.3162952	-0.56758285	-0.73365223	-0.19890083
0.3162483	-0.5668009	-0.7344302	-0.19833368
0.31618845	-0.5660201	-0.73521817	-0.19773825
0.31610033	-0.5651743	-0.73609644	-0.1970296
0.3160203	-0.5642936	-0.7370232	-0.19621581
0.3160178	-0.56341374	-0.73791975	-0.195377
0.31611067	-0.56253004	-0.7387831	-0.19450875
0.3162808	-0.5616683	-0.7396099	-0.193578
0.316524	-0.5608274	-0.7403934	-0.19262086
0.3168237	-0.55998355	-0.7411637	-0.19161837
0.31715256	-0.55909705	-0.7419687	-0.19054483
0.31749266	-0.55820733	-0.74277204	-0.18945377
0.31787512	-0.5573122	-0.7435507	-0.18839042
0.3182831	-0.55642194	-0.7442942	-0.1873943
0.31867555	-0.55552006	-0.7450336	-0.18646249
0.31906858	-0.5543428	-0.74601054	-0.18538523
0.31902874	-0.55433846	-0.74602693	-0.18540071
0.31954864	-0.5526367	-0.7474179	-0.18397816
0.3197989	-0.55161446	-0.74825394	-0.18321095
0.32003486	-0.5505607	-0.7491042	-0.18249252
0.3202229	-0.5495407	-0.74993557	-0.18182132
0.32033983	-0.5485548	-0.75077116	-0.18114299
0.32030967	-0.54770535	-0.7515616	-0.18048799
0.3203116	-0.54616517	-0.7529923	-0.17918387
0.32036304	-0.54538876	-0.7536848	-0.17854397
0.32053983	-0.54456127	-0.7543503	-0.17794134
0.32074633	-0.5437137	-0.7550131	-0.17734861
0.32100204	-0.54278255	-0.7557232	-0.17671241
0.32130793	-0.5418735	-0.7563846	-0.176116
0.32164156	-0.5409339	-0.75705886	-0.17549703
0.32198083	-0.5399547	-0.7577663	-0.17483555
0.32226953	-0.5389259	-0.758544	-0.17410436
0.32247207	-0.5378341	-0.75941354	-0.17331292
0.3226019	-0.53670335	-0.7603329	-0.17254439
0.32269183	-0.5354856	-0.76132363	-0.17178893
0.322789	-0.5342394	-0.7623137	-0.17109427
0.3229528	-0.53289783	-0.76333857	-0.17039856
0.3232432	-0.53156656	-0.7642946	-0.16971943
0.32370308	-0.5302787	-0.76514417	-0.1690426
0.32435775	-0.52898705	-0.765927	-0.16828752
0.325146	-0.5277526	-0.7666232	-0.16747007
0.32604054	-0.5264133	-0.76739115	-0.1664254
0.32686415	-0.5250786	-0.7681593	-0.16547972
0.32745114	-0.5239748	-0.7688444	-0.16463505
0.3280105	-0.5225861	-0.7697713	-0.16359994
0.3283891	-0.52130204	-0.7706704	-0.16270168
0.3287244	-0.5199556	-0.7716208	-0.16182704
0.3290494	-0.5187412	-0.7724639	-0.16103984
0.32948387	-0.51756847	-0.77319735	-0.16040277
0.3298876	-0.5164137	-0.7739204	-0.15980715
0.33039132	-0.51532423	-0.77454555	-0.15925378
0.33101028	-0.51414037	-0.775177	-0.1587218
0.33155188	-0.51311564	-0.77571326	-0.15828685
0.33213294	-0.511989	-0.77630144	-0.15783282
0.33269063	-0.5108074	-0.77693194	-0.15738374
0.33316553	-0.5095574	-0.7776412	-0.1569276
0.33353606	-0.5082132	-0.778453	-0.15647398
0.33379045	-0.5068538	-0.7793181	-0.15603341
0.33397135	-0.50550526	-0.7802005	-0.15561171
0.3341984	-0.5041676	-0.7810474	-0.15521424
0.33455318	-0.5028503	-0.78181785	-0.15484402
0.33503914	-0.5014657	-0.7825759	-0.15445365
0.33549094	-0.5003348	-0.78317064	-0.15412563
0.33597207	-0.4991678	-0.7837788	-0.15376972
0.3364867	-0.49794728	-0.7844082	-0.15339221
0.33693424	-0.49689075	-0.78495264	-0.1530505
0.33739278	-0.49580115	-0.7855159	-0.15268262
0.33842146	-0.49336097	-0.7867968	-0.15171318
0.3384184	-0.49336112	-0.7867979	-0.151713
0.33940682	-0.49082014	-0.7882009	-0.1504597
0.33987418	-0.4894996	-0.78895754	-0.14973891
0.3403061	-0.48817885	-0.78972983	-0.14899729
0.34073526	-0.48676237	-0.7905703	-0.14819145
0.3411965	-0.48521882	-0.7914839	-0.1473129
0.34170192	-0.48347566	-0.79250115	-0.1464006
0.34219685	-0.48182687	-0.7934491	-0.14554302
0.34269127	-0.48014164	-0.79441977	-0.14465176
0.34365392	-0.47677028	-0.7963809	-0.14272226
0.3440537	-0.47517258	-0.79733783	-0.14174113
0.34447753	-0.47352153	-0.79832554	-0.14067326
0.3448856	-0.47197303	-0.79924804	-0.13963585
0.34535176	-0.47033924	-0.80020005	-0.13853902
0.3459075	-0.46862122	-0.8011592	-0.13742676
0.34649715	-0.46695668	-0.802048	-0.13641913
0.34708318	-0.46521196	-0.802976	-0.13542773
0.3476094	-0.46351928	-0.8038767	-0.13453582
0.34814447	-0.4618655	-0.8047339	-0.13371325
0.34869778	-0.46030965	-0.8055123	-0.13294725
0.34929812	-0.45875874	-0.80626935	-0.13214076
0.3499608	-0.4572133	-0.8070053	-0.13124785
0.35058424	-0.45584896	-0.8076445	-0.13039549
0.35123017	-0.45447934	-0.8082812	-0.12948883
0.35201228	-0.45280638	-0.8090635	-0.12833552
0.3519872	-0.45280457	-0.80907404	-0.1283441
0.35295466	-0.4509219	-0.80989915	-0.12710562
0.35411486	-0.44883543	-0.8107666	-0.12572609
0.35488534	-0.44748735	-0.81131935	-0.12478891
0.35563442	-0.4461917	-0.8118511	-0.12383526
0.35634658	-0.4448427	-0.8124339	-0.12281434
0.35690856	-0.44333094	-0.81318027	-0.12170441
0.3574742	-0.44165152	-0.81401056	-0.12059507
0.35793424	-0.44007847	-0.81482226	-0.11949347
0.3583939	-0.43823364	-0.81577194	-0.11841232
0.35881135	-0.43639538	-0.81670916	-0.11747204
0.35923478	-0.43465045	-0.8175756	-0.11661775
0.35966393	-0.43287328	-0.81843853	-0.1158488
0.36009344	-0.43114874	-0.81926405	-0.11510831
0.36055586	-0.4294133	-0.8200846	-0.11430285
0.3610338	-0.4278124	-0.82082486	-0.11348017
0.3615557	-0.42614082	-0.8215948	-0.1125325
0.36209694	-0.42441624	-0.8223906	-0.11149145
0.36265036	-0.42272368	-0.8231596	-0.110443324
0.36333087	-0.4206604	-0.8240912	-0.10912901
0.3638069	-0.4192434	-0.82472545	-0.108201355
0.36439613	-0.41750562	-0.82549655	-0.107051566
0.364896	-0.41580567	-0.82628644	-0.10586476
0.3658041	-0.41246927	-0.82784194	-0.10360569
0.36626515	-0.41076198	-0.82861984	-0.10253625
0.36673942	-0.40904155	-0.8293871	-0.10151001
0.36720502	-0.40725592	-0.83018196	-0.1005042
0.36763296	-0.40550146	-0.8309636	-0.0995698
0.36806604	-0.40374792	-0.8317361	-0.09864176
0.36846957	-0.40208474	-0.8324725	-0.09771214
0.36884677	-0.400443	-0.8332104	-0.09673674
0.3692137	-0.39880788	-0.8339485	-0.09572654
0.3695468	-0.3972181	-0.83467245	-0.09473561
0.3698483	-0.3955215	-0.8354644	-0.09367077
0.37010664	-0.39386746	-0.83624715	-0.092629336
0.37038258	-0.39210418	-0.8370649	-0.09161491
0.37064835	-0.3903625	-0.8378717	-0.09059834
0.3709131	-0.38865927	-0.83865005	-0.089630246
0.37125596	-0.3864857	-0.8396232	-0.0884911
0.37123796	-0.38648906	-0.8396301	-0.08848643
0.37195104	-0.3835653	-0.8407888	-0.087202005
0.37229314	-0.3819688	-0.8414381	-0.086485155
0.37227863	-0.38197377	-0.84144324	-0.08647585
0.3729769	-0.37900952	-0.84260726	-0.08516515
0.37330174	-0.37755695	-0.8431826	-0.08449744
0.37366167	-0.37612814	-0.84372854	-0.083825365
0.3740782	-0.37472698	-0.84423316	-0.083160825
0.37451696	-0.37333786	-0.8447187	-0.08250072
0.37494937	-0.3720184	-0.8451667	-0.08190568
0.37538022	-0.3707314	-0.8455955	-0.08133982
0.37577695	-0.3694958	-0.84601426	-0.08077435
0.37614763	-0.3682303	-0.84646195	-0.08013488
0.3765371	-0.36689028	-0.84694034	-0.07939443
0.37694427	-0.36558014	-0.8473995	-0.07860376
0.3774129	-0.36414897	-0.8478931	-0.0776686
0.37794048	-0.36264193	-0.84839725	-0.07664229
0.37849838	-0.36116642	-0.84886867	-0.07563023
0.37908477	-0.35964388	-0.8493433	-0.07461365
0.3796301	-0.3581831	-0.8497975	-0.07368876
0.38012955	-0.35670328	-0.850271	-0.07282543
0.38059026	-0.35523865	-0.8507443	-0.072045706
0.38102528	-0.35378757	-0.8512147	-0.07132777
0.38143665	-0.35231188	-0.8517018	-0.07061676
0.38179928	-0.35096672	-0.8521488	-0.06995903
0.3821717	-0.34958488	-0.8526087	-0.06923686
0.38255087	-0.34814718	-0.85308856	-0.06847142
0.38284868	-0.34693655	-0.8535025	-0.06778852
0.38316932	-0.34567258	-0.8539261	-0.067095734
0.3835472	-0.34441724	-0.8543167	-0.06641704
0.38394693	-0.3432427	-0.85465676	-0.06581117
0.38436908	-0.34198153	-0.8550203	-0.06518884
0.3848105	-0.34057572	-0.85543334	-0.064520456
0.38529846	-0.3389905	-0.8558983	-0.06378705
0.38566312	-0.33777335	-0.85625863	-0.06320085
0.38612732	-0.3362334	-0.8567125	-0.06242235
0.38660058	-0.3347074	-0.85715586	-0.061603513
0.3870447	-0.3333163	-0.857552	-0.060838316
0.38752976	-0.33190465	-0.85793674	-0.06003793
0.38811892	-0.33034143	-0.8583342	-0.05916741
0.3885917	-0.32913807	-0.85862637	-0.058527764
0.38909248	-0.32782918	-0.85894495	-0.057869636
0.38953876	-0.32655376	-0.85927176	-0.05722164
0.38998234	-0.32527554	-0.85960007	-0.05654446
0.3904641	-0.32406065	-0.8598846	-0.05586617
0.39097437	-0.3229496	-0.86011416	-0.055194143
0.39156	-0.3218928	-0.86028767	-0.05450625
0.39221781	-0.32091483	-0.8603963	-0.05382416
0.3929487	-0.32001	-0.8604409	-0.053163152
0.3937314	-0.31911626	-0.86045766	-0.052470874
0.39446148	-0.31818292	-0.8605146	-0.051715422
0.395117	-0.3172034	-0.8606224	-0.050926615
0.3957442	-0.31616235	-0.86076665	-0.050087463
0.3963383	-0.31510574	-0.8609303	-0.049226597
0.39690757	-0.3140492	-0.86110216	-0.048379682
0.39753628	-0.31296048	-0.8612562	-0.047526244
0.39818102	-0.31182253	-0.8614178	-0.046671063
0.39875236	-0.3107322	-0.8615885	-0.045906093
0.39929235	-0.3095675	-0.8617977	-0.04514873
0.39988577	-0.30815446	-0.8620745	-0.04427156
0.40030718	-0.3070642	-0.86230254	-0.04359099
0.4007933	-0.30572248	-0.86259776	-0.042702515
0.4013837	-0.30429128	-0.86287785	-0.041711107
0.40205535	-0.3029092	-0.86309886	-0.04071855
0.4028381	-0.30141208	-0.86330914	-0.039617762
0.40362623	-0.2999224	-0.86350954	-0.03851781
0.40439844	-0.2984262	-0.86371464	-0.037427444
0.40509433	-0.29692277	-0.8639533	-0.03633797
0.40563682	-0.29552895	-0.8642194	-0.035301596
0.40610415	-0.29421356	-0.8644883	-0.034320123
0.4066434	-0.29289687	-0.8647178	-0.033404358
0.4073321	-0.29168227	-0.8648343	-0.03261747
0.4080564	-0.29044017	-0.864941	-0.031805694
0.40871426	-0.28917477	-0.8650827	-0.03102349
0.4094663	-0.2878351	-0.86520046	-0.030273097
0.41016987	-0.28668898	-0.86526704	-0.029718831
0.41085255	-0.2855684	-0.865329	-0.029270057
0.41143832	-0.2845084	-0.8654115	-0.028922228
0.4119186	-0.28347328	-0.86553204	-0.028641563
0.4123207	-0.28238866	-0.8657038	-0.028374555
0.41264403	-0.2814324	-0.86586946	-0.028122602
0.41299278	-0.2804818	-0.86602044	-0.027851477
0.41343135	-0.27958405	-0.86611056	-0.027565232
0.4139147	-0.27878985	-0.86614496	-0.027272966
0.41452065	-0.27801844	-0.866113	-0.026960429
0.4151793	-0.27727184	-0.8660478	-0.026603255
0.415958	-0.27645135	-0.8659498	-0.026166271
0.41651073	-0.27591506	-0.86586505	-0.02583693
0.41719934	-0.27526474	-0.8657523	-0.02544161
0.4178927	-0.2746286	-0.865631	-0.025059016
0.41864374	-0.2739925	-0.86547977	-0.024705146
0.4193789	-0.27342936	-0.8653102	-0.024415262
0.42017832	-0.27290836	-0.8650934	-0.024181444
0.42101997	-0.27243415	-0.86483866	-0.023998559
0.42187524	-0.271995	-0.86456484	-0.023827868
0.42274088	-0.27157402	-0.86427915	-0.023651958
0.42359367	-0.27116826	-0.8639936	-0.023479428
0.42446434	-0.27079725	-0.8636873	-0.023305703
0.42534146	-0.27048558	-0.86335695	-0.023173185
0.4264231	-0.27014703	-0.8629306	-0.023126213
0.42721456	-0.26996696	-0.86259675	-0.023075595
0.42818144	-0.2696908	-0.86220324	-0.023088716
0.4291147	-0.26938015	-0.86183465	-0.023152215
0.43005875	-0.2690979	-0.86144835	-0.023293288
0.43104193	-0.2688512	-0.8610275	-0.023531396
0.43205234	-0.26861617	-0.8605855	-0.023848454
0.43299627	-0.2683335	-0.8601906	-0.02415722
0.4338326	-0.267969	-0.8598743	-0.024458922
0.4345977	-0.26763123	-0.85958356	-0.024788303
0.4354389	-0.26736656	-0.8592274	-0.025226077
0.4364221	-0.2672463	-0.85874975	-0.025769463
0.43733358	-0.26724708	-0.85826784	-0.026359577
0.43829083	-0.26741466	-0.85770106	-0.02719141
0.43932664	-0.267713	-0.8570458	-0.02818434
0.44012758	-0.26800528	-0.8565171	-0.028975213
0.44098935	-0.2683342	-0.85593945	-0.029881401
0.44182408	-0.26866513	-0.8553703	-0.030860698
0.4425927	-0.26896042	-0.85484475	-0.031819396
0.44338915	-0.26924947	-0.8543029	-0.032823738
0.4442524	-0.2695729	-0.85370934	-0.033922266
0.44495037	-0.26991382	-0.8531991	-0.03488838
0.44558096	-0.27033547	-0.8526936	-0.035915818
0.44619954	-0.27088448	-0.8521451	-0.03709944
0.44673628	-0.27144885	-0.851637	-0.038165998
0.4473582	-0.27211007	-0.8510466	-0.03932343
0.44808882	-0.2727895	-0.8503904	-0.040481206
0.44898024	-0.2734656	-0.84964687	-0.04163826
0.4497751	-0.2740197	-0.8490035	-0.042528313
0.4506217	-0.27464837	-0.848305	-0.043442696
0.4514199	-0.27532345	-0.8476175	-0.044292297
0.45220053	-0.2760666	-0.8469163	-0.04510835
0.45293266	-0.27678165	-0.84625113	-0.04585994
0.4536984	-0.2774984	-0.8455642	-0.04662275
0.45440844	-0.27807024	-0.8449583	-0.047279954
0.455155	-0.27853143	-0.8443665	-0.047953177
0.45590425	-0.27886853	-0.84381354	-0.04860428
0.4567894	-0.2790804	-0.8432273	-0.04924759
0.4574347	-0.27922633	-0.8428026	-0.049700297
0.45817527	-0.2794061	-0.842312	-0.050182972
0.45891106	-0.2795309	-0.84185	-0.050514665
0.45960748	-0.2796127	-0.84142977	-0.05073045
0.4603259	-0.27967182	-0.841008	-0.050885458
0.46107152	-0.27971336	-0.8405773	-0.051022768
0.46184897	-0.2797736	-0.8401196	-0.05119933
0.46188903	-0.27978113	-0.8400965	-0.05117606
0.46292004	-0.27985203	-0.83948046	-0.051580183
0.46347952	-0.27989763	-0.8391409	-0.051833615
0.46401647	-0.2799658	-0.83880067	-0.052168053
0.46455702	-0.28004757	-0.8384476	-0.05259226
0.46516308	-0.28009668	-0.8380619	-0.053117312
0.4656912	-0.28003225	-0.8377594	-0.0536
0.46631223	-0.27988672	-0.8374288	-0.054123487
0.46702513	-0.27970013	-0.83706206	-0.054612167
0.4677824	-0.27949703	-0.8366804	-0.05501852
0.46854085	-0.27929607	-0.83630407	-0.05530596
0.4692634	-0.27914697	-0.8359339	-0.055527195
0.47011107	-0.27895796	-0.8355147	-0.055616457
0.47074395	-0.27884436	-0.8351948	-0.055639576
0.4714313	-0.27874568	-0.8348367	-0.055686813
0.47200468	-0.2786995	-0.8345219	-0.05578052
0.47246906	-0.27870107	-0.8342478	-0.055941198
0.4729376	-0.27877286	-0.83394116	-0.056196816
0.4734914	-0.27893472	-0.83354384	-0.056620277
0.47398922	-0.2791757	-0.8331408	-0.05719747
0.4744238	-0.27940282	-0.83278286	-0.0576972
0.4749197	-0.27973434	-0.8323444	-0.058334842
0.47544196	-0.28024727	-0.83180857	-0.059253283
0.47575003	-0.28075993	-0.8314053	-0.06000857
0.47605962	-0.28143096	-0.8309376	-0.060882427
0.4763344	-0.28217196	-0.8304545	-0.061884496
0.4765524	-0.28295025	-0.8299923	-0.062847234
0.47670734	-0.28388026	-0.829503	-0.06393008
0.47676882	-0.2848391	-0.8290547	-0.06501144
0.47687984	-0.2858499	-0.8285474	-0.06621741
0.47708362	-0.28668883	-0.82805467	-0.06727754
0.4774407	-0.2875802	-0.8274413	-0.06847657
0.47784522	-0.2884117	-0.82682025	-0.06964912
0.47826102	-0.28927144	-0.82617366	-0.07089139
0.4786115	-0.29010963	-0.8255727	-0.07209115
0.47888744	-0.2909116	-0.82503223	-0.07320618
0.47916386	-0.29167366	-0.8245114	-0.07422482
0.47944093	-0.2923754	-0.82402396	-0.075083315
0.4797334	-0.29309398	-0.8235277	-0.07585417
0.4800456	-0.29378694	-0.82303643	-0.07652918
0.4804297	-0.2944417	-0.8225189	-0.077164054
0.48087928	-0.2949583	-0.82202035	-0.077699885
0.48155218	-0.29558226	-0.8213411	-0.07834261
0.48211214	-0.2960419	-0.8208027	-0.07880522
0.4827956	-0.29652295	-0.8201824	-0.07926783
0.48350906	-0.2969732	-0.81954896	-0.07978389
0.484075	-0.29727983	-0.8190695	-0.08013331
0.48463443	-0.29757747	-0.8185963	-0.08048187
0.48506206	-0.29771528	-0.81827444	-0.08066909
0.4854777	-0.2978414	-0.8179658	-0.08083222
0.48579785	-0.29794937	-0.81772417	-0.0809563
0.48614657	-0.29809117	-0.8174526	-0.081082836
0.48649448	-0.29827106	-0.8171641	-0.08124215
0.48686704	-0.29848778	-0.8168371	-0.081503384
0.48720533	-0.29879925	-0.8164819	-0.08189817
0.48753002	-0.29921854	-0.8160811	-0.08242825
0.4877962	-0.2997635	-0.815652	-0.08311784
0.4879168	-0.30041042	-0.81526244	-0.08389306
0.48801708	-0.3010479	-0.81487566	-0.08477843
0.48812988	-0.30162942	-0.8144967	-0.08569814
0.4883596	-0.30214635	-0.81406146	-0.086697824
0.48866603	-0.30266976	-0.8135692	-0.08775969
0.48896572	-0.3031801	-0.813088	-0.088782474
0.48927423	-0.30361786	-0.8126335	-0.08974245
0.4895892	-0.30398202	-0.81221396	-0.09058715
0.48993632	-0.3042794	-0.8118116	-0.091315195
0.49035066	-0.30446675	-0.8114201	-0.09194437
0.49081582	-0.30448583	-0.811077	-0.09242503
0.49135455	-0.30422422	-0.8108194	-0.092683926
0.49184597	-0.30372486	-0.81069976	-0.09276246
0.49219653	-0.3032856	-0.81064904	-0.092783496
0.49251917	-0.30275273	-0.81065565	-0.092753865
0.4929522	-0.3017359	-0.8108145	-0.09237768
0.49332952	-0.30113766	-0.8108253	-0.09222011
0.49376112	-0.30051595	-0.8108216	-0.09197053
0.49418423	-0.29997677	-0.8107933	-0.09170707
0.49460697	-0.29948354	-0.81075263	-0.09139896
0.49493003	-0.29921225	-0.8106686	-0.091284916
0.49513286	-0.2991062	-0.81057787	-0.09133684
0.49515277	-0.29918578	-0.8105078	-0.09158983
0.49501103	-0.29947096	-0.8104338	-0.09207767
0.4947518	-0.29992205	-0.8103469	-0.09276615
0.4944264	-0.30052024	-0.8102263	-0.093613006
0.49410182	-0.30114317	-0.8100891	-0.09450808
0.4938308	-0.30180898	-0.8098942	-0.09546729
0.4936623	-0.30244157	-0.80965245	-0.09638189
0.49357057	-0.3030781	-0.8093687	-0.09723165
0.4935556	-0.30371195	-0.8090499	-0.09798061
0.49359146	-0.304446	-0.80866337	-0.09871027
0.49366564	-0.30511662	-0.8082976	-0.099262826
0.49383396	-0.30509725	-0.8082014	-0.09926893
0.49385118	-0.30641487	-0.8076019	-0.10000086
0.49399626	-0.30688423	-0.80732167	-0.10010759
0.49418443	-0.30724013	-0.80707437	-0.10008175
0.49441335	-0.30740795	-0.8068863	-0.09995138
0.49465334	-0.3074513	-0.806756	-0.09968176
0.49486405	-0.3073489	-0.8067185	-0.099254854
0.49503222	-0.3071873	-0.8067282	-0.09883738
0.4951507	-0.30699366	-0.8067839	-0.09838982
0.49520075	-0.30686122	-0.80684996	-0.09800818
0.49525717	-0.30683693	-0.8068597	-0.097718105
0.495257	-0.30686346	-0.8068715	-0.097538136
0.49524227	-0.30693462	-0.80686396	-0.0974515
0.4952442	-0.3070302	-0.8068292	-0.09742848
0.4951944	-0.3072412	-0.80677944	-0.097429074
0.49523297	-0.30741888	-0.80667603	-0.09752932
0.49524796	-0.30770206	-0.80652905	-0.09777548
0.49523726	-0.30809727	-0.806343	-0.09811798
0.49520078	-0.30851102	-0.80615574	-0.098539725
0.4951646	-0.308956	-0.8059467	-0.09903619
0.49521184	-0.3094191	-0.80567557	-0.099559724
0.49537152	-0.3098414	-0.8053461	-0.10011588
0.49561846	-0.31024563	-0.80496645	-0.10069312
0.49581027	-0.31064948	-0.80462426	-0.10123758
0.495836	-0.31104934	-0.8043953	-0.10170208
0.49576956	-0.31139797	-0.8042486	-0.102118626
0.49563643	-0.31169385	-0.8041742	-0.10244638
0.49544963	-0.31189638	-0.8041855	-0.102645464
0.49528858	-0.31196713	-0.80424505	-0.10274132
0.49525252	-0.3119164	-0.80428547	-0.10275297
0.4954076	-0.31171897	-0.804274	-0.10269285
0.49567574	-0.31141683	-0.80424315	-0.10255822
0.49597198	-0.31110355	-0.8042063	-0.10236558
0.49620324	-0.31089994	-0.804165	-0.102188334
0.49628496	-0.31087598	-0.80414146	-0.10204863
0.4962019	-0.31101453	-0.80415255	-0.10194333
0.49594912	-0.31125152	-0.80422145	-0.101906426
0.49564314	-0.31148136	-0.80431545	-0.10195043
0.49542603	-0.3116097	-0.8043833	-0.10207873
0.49530968	-0.31161642	-0.80442846	-0.102266826
0.49526772	-0.31150085	-0.8044727	-0.10247389
0.49521714	-0.31128764	-0.8045587	-0.102691
0.49508458	-0.31101918	-0.8047197	-0.102881305
0.49483648	-0.31083018	-0.8049105	-0.10315357
0.49457362	-0.31080228	-0.80504036	-0.10348365
0.49427608	-0.31092262	-0.8051225	-0.10390469
0.4939696	-0.31116056	-0.80515563	-0.10439245
0.49371636	-0.3115511	-0.8050889	-0.104937755
0.4935323	-0.31203505	-0.8049447	-0.10547101
0.4933725	-0.3125437	-0.8047752	-0.10600514
0.49321175	-0.31307653	-0.8045966	-0.10653444
0.49309248	-0.31357503	-0.8044142	-0.1069978
0.49303547	-0.31397396	-0.8042445	-0.107364886
0.49297658	-0.3143003	-0.80411506	-0.107650615
0.49291477	-0.31456605	-0.8040183	-0.10787903
0.4928451	-0.31478363	-0.8039525	-0.10805338
0.49275488	-0.31495196	-0.80392486	-0.10817934
0.49267036	-0.31508455	-0.803913	-0.108266935
0.49278295	-0.31504732	-0.80385214	-0.108313546
0.49265426	-0.31515226	-0.80388516	-0.10834941
0.4928129	-0.31511787	-0.80379677	-0.1083839
0.49271724	-0.31502917	-0.8038815	-0.10844778
0.49273887	-0.31484795	-0.8039344	-0.10848393
0.4927737	-0.31471413	-0.8039668	-0.10847302
0.4927507	-0.31458384	-0.8040406	-0.10840879
0.49270806	-0.3145043	-0.8041147	-0.108284175
0.4926635	-0.31438842	-0.8042303	-0.107963815
0.4926721	-0.31431714	-0.80428356	-0.10773547
0.49275362	-0.3142196	-0.80430543	-0.10748378
0.49282712	-0.31410164	-0.80434304	-0.107208885
0.492944	-0.3139961	-0.8043461	-0.10695823
0.4930705	-0.31385848	-0.8043519	-0.1067349
0.4932216	-0.31370744	-0.8043398	-0.10657179
0.4933367	-0.3135516	-0.8043419	-0.10648221
0.49337614	-0.31338158	-0.8043901	-0.10643621
0.49335435	-0.31316477	-0.8044933	-0.10639421
0.49329522	-0.3128723	-0.8046494	-0.10634925
0.49322107	-0.31263703	-0.8047911	-0.10631349
0.49308988	-0.31236857	-0.80497944	-0.106284596
0.4928946	-0.31213325	-0.80519176	-0.106273204
0.4926867	-0.3119618	-0.80538255	-0.10629538
0.4925168	-0.3118925	-0.80550814	-0.10633479
0.49216774	-0.31206486	-0.805604	-0.106717646
0.4921722	-0.31207582	-0.80559963	-0.10669794
0.49210823	-0.31215104	-0.80558884	-0.1068553
0.4920478	-0.31221247	-0.8055825	-0.10700043
0.49198502	-0.3122443	-0.8055926	-0.10712141
0.49190855	-0.31224054	-0.8056327	-0.10718153
0.49183738	-0.31221718	-0.8056861	-0.1071739
0.49178103	-0.3122298	-0.80572206	-0.10712559
0.49174565	-0.312283	-0.8057312	-0.107064344
0.49169987	-0.312339	-0.80575186	-0.10695514
0.49165338	-0.31235617	-0.80579257	-0.10681225
0.49168187	-0.31226695	-0.8058377	-0.10660132
0.49177587	-0.31207883	-0.8058836	-0.106372155
0.49190474	-0.311812	-0.8059418	-0.10611653
0.4921204	-0.3114742	-0.8059726	-0.105874844
0.49237868	-0.31114978	-0.8059659	-0.10567861
0.492645	-0.31089774	-0.8059277	-0.10547137
0.49267972	-0.31074628	-0.8059899	-0.105280064
0.49264222	-0.3106831	-0.80604416	-0.10522567
0.4925719	-0.31064796	-0.8061009	-0.10522376
0.492439	-0.3106467	-0.80617356	-0.10529311
0.49227083	-0.31069857	-0.80623657	-0.10544425
0.49210367	-0.3107797	-0.8062794	-0.1056577
0.4919405	-0.3108565	-0.80631775	-0.10589821
0.4917978	-0.31087515	-0.8063706	-0.10610445
0.49165937	-0.31075808	-0.8064873	-0.106201865
0.49156055	-0.31048012	-0.80665785	-0.106176384
0.4915251	-0.31003946	-0.80686843	-0.106027864