0.20809719	0.7622731	-0.32875708	0.5172563
0.20801313	0.76238513	-0.32848158	0.5173001
0.2078535	0.76246995	-0.32818416	0.517428
0.20766936	0.7625212	-0.3279117	0.5175989
0.20749491	0.762549	-0.32771307	0.517754
0.2073314	0.7625654	-0.32756475	0.5178893
0.20720333	0.7625492	-0.327445	0.5180398
0.20714763	0.7624943	-0.3273837	0.5181816
0.20717745	0.7624136	-0.3274293	0.51825964
0.20723549	0.7623026	-0.32757074	0.5183104
0.20732796	0.7622119	-0.32775596	0.5182897
0.20741849	0.76217455	-0.3278958	0.51822007
0.20746754	0.762158	-0.3279795	0.5181718
0.2074852	0.76212436	-0.32805726	0.5181649
0.20748168	0.7620703	-0.3281649	0.51817757
0.2074705	0.7620122	-0.32829085	0.51818776
0.2074618	0.761975	-0.3283999	0.51817685
0.20747542	0.7619456	-0.32849243	0.518156
0.20750758	0.761925	-0.32858407	0.51811534
0.20753954	0.7619245	-0.32867444	0.51804584
0.20754513	0.7619267	-0.32873863	0.5179998
0.20751919	0.7619106	-0.32875925	0.5180206
0.20745857	0.7618643	-0.32874876	0.51811963
0.20734428	0.7618004	-0.3287426	0.5182633
0.20723027	0.7617165	-0.3287356	0.5184367
0.20714952	0.7616356	-0.328777	0.51856154
0.20710796	0.76157874	-0.32884404	0.51861894
0.2070972	0.7615577	-0.32891363	0.51861006
0.2071379	0.76155764	-0.3289683	0.5185593
0.20721793	0.7615773	-0.32900608	0.51847446
0.20727707	0.7616254	-0.32897937	0.51839715
0.20730418	0.7617051	-0.3289224	0.51830536
0.20731293	0.7618049	-0.3288836	0.5181798
0.2073551	0.76192296	-0.32892424	0.5179635
0.20737688	0.7619166	-0.32898304	0.5179268
0.20741297	0.76187515	-0.32902965	0.5179437
0.20745315	0.7618527	-0.32904726	0.51794946
0.20750107	0.7618533	-0.32901934	0.5179471
0.20749308	0.7618927	-0.32885045	0.51799953
0.20750746	0.76190186	-0.328841	0.5179863
0.20747031	0.7619544	-0.328636	0.518054
0.20742422	0.7619985	-0.32851762	0.5180828
0.20733489	0.7620386	-0.3284417	0.51810765
0.20730017	0.7620425	-0.32845777	0.5181056
0.20729412	0.76202196	-0.3285219	0.51809764
0.20734753	0.7619908	-0.3285966	0.51807475
0.20744276	0.7619845	-0.3286241	0.5180283
0.20756479	0.76201516	-0.328589	0.51795673
0.2077189	0.76209956	-0.3284426	0.5178634
0.2078133	0.762181	-0.32831037	0.5177898
0.20786405	0.7622356	-0.3282382	0.5177348
0.20785381	0.7622716	-0.32822558	0.51769376
0.20782691	0.7622726	-0.32829073	0.51766187
0.2077772	0.7622549	-0.3284048	0.5176353
0.2077128	0.7622559	-0.3285116	0.51759213
0.20765646	0.76228344	-0.32857192	0.5175359
0.20759864	0.76231134	-0.32859424	0.5175036
0.20751023	0.7623624	-0.3285708	0.5174789
0.20735954	0.76245356	-0.32850525	0.51744664
0.20713644	0.762595	-0.328379	0.51740754
0.20693342	0.76271826	-0.32826158	0.51738167
0.20671986	0.76284575	-0.32812867	0.51736355
0.20652738	0.76294255	-0.32801706	0.51736844
0.20640229	0.76300466	-0.32794106	0.5173749
0.20635508	0.76300865	-0.32792142	0.5174
0.20634642	0.7629854	-0.32790923	0.51744545
0.20633678	0.7629773	-0.32785964	0.51749283
0.2063123	0.7629978	-0.32775658	0.51753765
0.20620792	0.76306677	-0.3275337	0.5176188
0.2061953	0.7630819	-0.32754254	0.5175959
0.20604268	0.7631706	-0.32735273	0.51764584
0.20593566	0.7632203	-0.32728046	0.5176609
0.20584242	0.76323706	-0.32724577	0.5176952
0.20576388	0.7632225	-0.32720932	0.51777095
0.20572837	0.76318693	-0.32712767	0.5178891
0.20572914	0.76317126	-0.3269801	0.5180051
0.2057776	0.76322126	-0.3267371	0.5180656
0.20583232	0.7632976	-0.3264847	0.5180903
0.20588754	0.7634184	-0.32615972	0.5180951
0.20590799	0.7634269	-0.3261462	0.5180829
0.20607427	0.7635197	-0.32593504	0.518013
0.20619102	0.76352537	-0.3258783	0.5179939
0.2062903	0.7634848	-0.32588226	0.51801175
0.20637256	0.7633827	-0.3259563	0.5180826
0.20639773	0.7632388	-0.32605442	0.51822287
0.2063302	0.763059	-0.32611775	0.51847476
0.20614928	0.7628985	-0.32611772	0.5187829
0.20586659	0.7627819	-0.32603163	0.5191206
0.20555955	0.7627385	-0.32588565	0.51939756
0.2052839	0.76277053	-0.32571736	0.5195652
0.20504345	0.76286095	-0.32554618	0.5196346
0.20483002	0.7629978	-0.32537532	0.51962477
0.20456931	0.7632783	-0.32504267	0.5195238
0.20448293	0.7633746	-0.32484767	0.5195383
0.20440155	0.76343286	-0.32465422	0.51960576
0.2043106	0.7634698	-0.32446986	0.51970214
0.20422028	0.7634889	-0.32432485	0.5198001
0.2041313	0.7635023	-0.3241945	0.51989675
0.2040564	0.7635073	-0.32409513	0.51998085
0.20399278	0.76351887	-0.32405615	0.52001315
0.20392884	0.76355594	-0.32405302	0.51998574
0.20388111	0.76360184	-0.32405323	0.5199369
0.2038383	0.76362747	-0.3240262	0.51993275
0.20378551	0.7636111	-0.32394564	0.5200277
0.20371868	0.7635785	-0.32377267	0.5202095
0.2035084	0.76357603	-0.32344416	0.5204998
0.20331892	0.76359713	-0.32312816	0.520739
0.20301595	0.76368415	-0.32269946	0.52099526
0.20274176	0.76378596	-0.32230476	0.52119714
0.20243484	0.76391995	-0.3218984	0.5213712
0.20207232	0.7640872	-0.32144943	0.5215437
0.20167369	0.76425356	-0.32100204	0.5217299
0.20124875	0.76439494	-0.32054067	0.5219704
0.2008276	0.76450634	-0.32006565	0.52226084
0.20039701	0.76459545	-0.31960115	0.52257997
0.2000367	0.764651	-0.31917238	0.52289885
0.19974521	0.7646711	-0.31882933	0.5231902
0.19949721	0.76466924	-0.3185487	0.52345836
0.1992996	0.76467663	-0.31834406	0.5236472
0.1991316	0.7647064	-0.3181626	0.52377784
0.19898145	0.7647461	-0.3179651	0.52389693
0.19886555	0.7647831	-0.31775326	0.52401537
0.19876334	0.7648223	-0.31750464	0.5241477
0.19869336	0.76483953	-0.31725368	0.5243011
0.19864142	0.7648232	-0.3169792	0.5245107
0.19860691	0.7647673	-0.3166935	0.5247776
0.19856492	0.7646889	-0.31642166	0.5250715
0.19849539	0.764635	-0.31615466	0.5253371
0.19837293	0.7646141	-0.31592003	0.525555
0.19820562	0.764623	-0.31567222	0.5257539
0.1979663	0.7646464	-0.31536856	0.5259924
0.19770803	0.7646949	-0.31506467	0.52620107
0.19741252	0.7647608	-0.3147489	0.5264053
0.19710958	0.7647939	-0.314479	0.5266318
0.19683394	0.76477873	-0.31422967	0.5269058
0.19656725	0.76473206	-0.31398463	0.5272192
0.19629921	0.7646854	-0.3137242	0.5275415
0.19599804	0.7646437	-0.31342763	0.5278899
0.1957695	0.764626	-0.3131708	0.5281529
0.19552188	0.7646248	-0.31285262	0.5284348
0.19529676	0.7646557	-0.3125057	0.52867866
0.19504316	0.7647215	-0.31204736	0.52894765
0.19481547	0.7647935	-0.31158265	0.5292014
0.1945497	0.7648894	-0.3110601	0.5294678
0.1942585	0.7649907	-0.3105436	0.5297316
0.19394074	0.7650787	-0.31007016	0.52999824
0.19356787	0.7651411	-0.3095855	0.5303277
0.19302681	0.7651896	-0.30891138	0.5308477
0.19304195	0.7651956	-0.30890122	0.53083944
0.19234848	0.76523477	-0.30805713	0.53152466
0.19192131	0.765268	-0.30752444	0.53193974
0.191495	0.7653119	-0.30696228	0.5323546
0.19113857	0.7653275	-0.30644023	0.53276104
0.19084437	0.76531386	-0.3059271	0.5331809
0.19063808	0.7653486	-0.3054073	0.5335027
0.19043727	0.7653732	-0.30490395	0.5338271
0.19024472	0.765419	-0.3042657	0.53419393
0.1900348	0.7654585	-0.3036575	0.5345578
0.18977876	0.7655404	-0.3029469	0.53493476
0.1894133	0.7656593	-0.3021721	0.53533226
0.18901375	0.7657762	-0.3014547	0.53571045
0.18854794	0.7658975	-0.30070767	0.5361209
0.18805799	0.76602036	-0.29992452	0.536556
0.1876379	0.7661223	-0.29925832	0.5369295
0.18723734	0.7661974	-0.2985711	0.53734446
0.18692076	0.7662241	-0.29802	0.5377224
0.18662652	0.7662099	-0.29745358	0.53815824
0.1863449	0.76616675	-0.29689634	0.53862494
0.18607938	0.7661177	-0.29639354	0.5390631
0.18577811	0.7660495	-0.29587376	0.53954935
0.18544668	0.7659635	-0.29534304	0.5400759
0.18516025	0.7658901	-0.29488504	0.5405284
0.1848427	0.765805	-0.29438588	0.5410296
0.18449149	0.76572025	-0.29384622	0.54156244
0.18412025	0.765634	-0.29332352	0.5420938
0.1837324	0.7655307	-0.29277053	0.5426699
0.18329279	0.7654035	-0.2922146	0.5432973
0.18281007	0.7652323	-0.29168218	0.54398656
0.18232924	0.7650281	-0.2912346	0.54467475
0.18182836	0.7648043	-0.290817	0.54537904
0.18130408	0.7645953	-0.2903819	0.546078
0.18069181	0.76444155	-0.2898534	0.5467768
0.18018328	0.76436824	-0.28940547	0.5472841
0.17953645	0.7642949	-0.28884038	0.547897
0.17889981	0.76423174	-0.2882742	0.54849136
0.17823176	0.764173	-0.28768003	0.5491023
0.17757611	0.7641117	-0.28707063	0.5497188
0.17691517	0.7640559	-0.28640905	0.550354
0.17646088	0.7640939	-0.28579623	0.55076545
0.17605187	0.76416385	-0.28507206	0.5511744
0.17567857	0.7643389	-0.28435192	0.5514227
0.17534493	0.7645007	-0.28361407	0.5516846
0.17503132	0.7645875	-0.282902	0.5520294
0.17468509	0.76460725	-0.28217453	0.5524839
0.17425166	0.76457715	-0.28136858	0.5530731
0.17420834	0.7646	-0.28140053	0.5530389
0.17358954	0.7645497	-0.28037596	0.5538229
0.17321126	0.7645461	-0.27980855	0.5542331
0.17287223	0.7645666	-0.2792506	0.55459195
0.17253874	0.76460415	-0.27861792	0.5549623
0.17217849	0.76465136	-0.2778486	0.5553944
0.17177288	0.76470995	-0.27695712	0.5558846
0.1713467	0.76474464	-0.27599365	0.5564473
0.17090116	0.7647564	-0.2749659	0.5570766
0.17043087	0.7647723	-0.2739095	0.5577187
0.16994533	0.7647845	-0.27284905	0.5583696
0.16949083	0.7648033	-0.2718722	0.5589584
0.1690174	0.7648498	-0.27095047	0.5594854
0.16850232	0.76492167	-0.2700114	0.559996
0.16803667	0.76499707	-0.26918632	0.5604301
0.16754702	0.7650926	-0.26836845	0.5608383
0.16711043	0.7651761	-0.26760268	0.56122047
0.16669661	0.765232	-0.26685828	0.56162155
0.16628414	0.7652389	-0.26614437	0.56207323
0.16584526	0.7651801	-0.2654517	0.56261003
0.16543768	0.7650039	-0.26488343	0.5632373
0.16501206	0.7648263	-0.26432294	0.5638664
0.16468541	0.7646521	-0.2638569	0.5644161
0.16441113	0.7644871	-0.26342854	0.5649195
0.16419615	0.7643096	-0.2630383	0.56540376
0.16396314	0.7640837	-0.26260298	0.5659789
0.16369201	0.7638478	-0.262134	0.5665928
0.16335516	0.7635833	-0.2615983	0.5672937
0.16293494	0.7633192	-0.26104426	0.5680246
0.16243346	0.7630431	-0.2604443	0.5688141
0.16185938	0.76278496	-0.25979733	0.56961924
0.16131552	0.7626045	-0.25918022	0.57029605
0.16062336	0.7624564	-0.25834966	0.5710654
0.16008484	0.76234835	-0.2576296	0.57168585
0.15951788	0.76223373	-0.25683707	0.57235354
0.15892799	0.7621287	-0.25599635	0.57303363
0.15836158	0.76204014	-0.25517565	0.57367396
0.15781537	0.7619472	-0.25435084	0.574314
0.1572878	0.76185495	-0.25350872	0.5749531
0.15681829	0.7617926	-0.2527271	0.57550764
0.15634742	0.76174235	-0.25191206	0.57605946
0.15592204	0.76168543	-0.25118652	0.57656664
0.15545848	0.76160055	-0.25042504	0.5771348
0.15494843	0.7614829	-0.24963129	0.5777707
0.15448159	0.76136976	-0.24892204	0.57835054
0.15397626	0.76125675	-0.24816643	0.5789586
0.15346302	0.761166	-0.24737293	0.57955354
0.1529582	0.76110923	-0.2465683	0.5801041
0.1524569	0.7610493	-0.24576388	0.58065563
0.15197033	0.7609859	-0.2449866	0.5811947
0.15145843	0.7609453	-0.24417774	0.58172154
0.15090004	0.7609575	-0.24331547	0.58221173
0.15034616	0.7610204	-0.24244529	0.5826355
0.14980339	0.7611405	-0.24153988	0.58299464
0.14938863	0.76128036	-0.24076045	0.5832407
0.14898655	0.76145035	-0.23985822	0.5834934
0.14899096	0.7614402	-0.23985434	0.58350706
0.14824978	0.76172984	-0.23785643	0.58413535
0.14781426	0.76180196	-0.23676299	0.5845958
0.14715904	0.7618098	-0.23541005	0.5852967
0.14664055	0.7617789	-0.23452745	0.5858212
0.14590783	0.7617536	-0.2334527	0.58646584
0.1450176	0.7617795	-0.23228073	0.5871181
0.14426339	0.7618612	-0.23131372	0.5875794
0.14346674	0.76199156	-0.23027012	0.58801526
0.1427419	0.7621166	-0.22927207	0.58841944
0.14208151	0.7621929	-0.22828245	0.58886504
0.14139047	0.7621867	-0.22721602	0.58945155
0.14078398	0.76208335	-0.22631411	0.5900769
0.13995196	0.7618056	-0.22531131	0.5910165
0.13884676	0.76149935	-0.2240996	0.5921316
0.13817444	0.76141375	-0.22337188	0.5926737
0.13752411	0.7614133	-0.22266026	0.5930931
0.13692802	0.7614472	-0.2219487	0.5934541
0.13634697	0.76146924	-0.22117801	0.59384704
0.13579775	0.7614635	-0.22038904	0.59427345
0.13524239	0.76141804	-0.21956722	0.5947624
0.1346625	0.7613222	-0.21870436	0.5953343
0.13404416	0.761232	-0.2178138	0.5959153
0.13344313	0.76116246	-0.21691662	0.5964661
0.13285165	0.76112527	-0.21601872	0.59697145
0.13230573	0.76112086	-0.2151562	0.59740955
0.13178386	0.76110876	-0.2143115	0.5978437
0.1312875	0.76103234	-0.21354638	0.5983237
0.13079299	0.7608593	-0.21286964	0.59889305
0.13028786	0.7605845	-0.21225438	0.5995702
0.12977919	0.76026046	-0.21168785	0.6002913
0.12921411	0.7599172	-0.21109712	0.60105544
0.12808545	0.759407	-0.20984983	0.6023772
0.12695348	0.75902575	-0.20861281	0.6035259
0.12694193	0.7590194	-0.20862149	0.6035334
0.12633084	0.7587719	-0.20803626	0.6041745
0.12571692	0.75850403	-0.20743734	0.6048444
0.12512664	0.7582587	-0.20672518	0.6055178
0.12450769	0.75802165	-0.20591994	0.60621625
0.123890325	0.757787	-0.20511381	0.6069091
0.12330513	0.7575487	-0.20426129	0.60761285
0.122777075	0.75734234	-0.20344804	0.6082494
0.122278705	0.75717854	-0.20269194	0.6088059
0.12181642	0.75703335	-0.20200475	0.6093073
0.12130532	0.75683624	-0.20126732	0.60989785
0.121301495	0.75682396	-0.20126957	0.6099131
0.12071618	0.7565864	-0.2003881	0.61061394
0.12037858	0.7564138	-0.19976649	0.6110978
0.119537175	0.75602865	-0.19845106	0.61216724
0.11898912	0.7557829	-0.19782615	0.6127793
0.118369445	0.75552845	-0.19724576	0.61340004
0.11773214	0.7553342	-0.19667727	0.6139443
0.11705771	0.75521934	-0.19604716	0.61441576
0.11630702	0.75515336	-0.19527964	0.6148838
0.115766935	0.755129	-0.19466391	0.6152108
0.115177274	0.75509894	-0.19390139	0.61559886
0.11461577	0.7550374	-0.1931043	0.6160295
0.11354779	0.7548892	-0.19144587	0.6169261
0.1129942	0.7548186	-0.19062844	0.61736697
0.11241915	0.7547923	-0.18982175	0.61775273
0.11184871	0.7548089	-0.18902275	0.6180809
0.11128733	0.75471896	-0.18822283	0.618536
0.110770985	0.75467914	-0.18743716	0.6189157
0.110302776	0.75483745	-0.18668556	0.61903334
0.10981292	0.7549956	-0.18598591	0.6191382
0.10929082	0.75512254	-0.18534061	0.6192694
0.10871416	0.7552202	-0.18472509	0.61943555
0.10802643	0.755182	-0.18421523	0.6197542
0.1068555	0.7552077	-0.18326555	0.62020713
0.106361926	0.75517327	-0.18293843	0.62043065
0.10598655	0.75516945	-0.18268129	0.6205751
0.10572079	0.7551822	-0.18246776	0.6206678
0.10552254	0.755175	-0.18227662	0.6207665
0.10535135	0.75511825	-0.1820439	0.6209328
0.10515797	0.7550807	-0.18171634	0.6211071
0.10486504	0.75507015	-0.18125352	0.62130475
0.10454281	0.7550648	-0.1807808	0.6215033
0.104199186	0.7550612	-0.1803165	0.62170017
0.10384049	0.75505537	-0.17986639	0.6218977
0.103451826	0.75503844	-0.17945825	0.62210095
0.10302241	0.7550049	-0.17907079	0.6223244
0.10254593	0.7549719	-0.17866871	0.62255865
0.10208408	0.7549547	-0.17826404	0.62277144
0.10162501	0.75494957	-0.17782402	0.6229785
0.101179816	0.75493234	-0.17738353	0.6231974
0.10074943	0.75488687	-0.17695265	0.6234447
0.10033809	0.7548489	-0.17654388	0.6236728
0.09989847	0.7548358	-0.17611475	0.62388057
0.09944777	0.7548467	-0.17569126	0.62405866
0.098985255	0.7548773	-0.17529045	0.62420785
0.098544076	0.7549033	-0.17493044	0.62434727
0.098115996	0.75496614	-0.174599	0.62443143
0.09772466	0.7550525	-0.17428191	0.6244769
0.09739546	0.7551777	-0.17398134	0.6244608
0.09719747	0.755327	-0.17364484	0.6244047
0.096998	0.7554925	-0.17329189	0.62433356
0.0968158	0.75564086	-0.17290704	0.62428904
0.096625894	0.7557595	-0.17251231	0.62428397
0.09640944	0.7558557	-0.1721417	0.6243034
0.09609081	0.7559299	-0.17179537	0.62435806
0.0957732	0.7559725	-0.17150076	0.6244364
0.09545278	0.7560032	-0.17123249	0.6245218
0.09515441	0.75602496	-0.17100212	0.624604
0.09479092	0.7560657	-0.17071912	0.62468743
0.09436862	0.7561328	-0.17035505	0.6247697
0.09379053	0.75625294	-0.16979493	0.6248637
0.09331369	0.7563509	-0.16928418	0.62495494
0.09270657	0.7564934	-0.16859433	0.62505937
0.092106864	0.7566761	-0.16784509	0.6251285
0.09156053	0.7569128	-0.1670839	0.6251262
0.09101901	0.7571951	-0.16628581	0.6250761
0.090419844	0.7575468	-0.16537903	0.6249775
0.09042514	0.7574885	-0.16537055	0.62504965
0.08979787	0.7579285	-0.16444336	0.6248512
0.089010365	0.75835925	-0.16335276	0.6247274
0.08849336	0.7586296	-0.16264579	0.624657
0.087968804	0.75881946	-0.16200472	0.6246672
0.08740589	0.7589565	-0.16141848	0.6247315
0.08637869	0.7594048	-0.16047506	0.6245727
0.08598666	0.75961417	-0.16018097	0.6244476
0.0855966	0.7599153	-0.15991165	0.6242037
0.08532347	0.7601922	-0.15973337	0.6239495
0.08507915	0.76046747	-0.1595982	0.62368196
0.08484333	0.76071036	-0.15948765	0.6234462
0.08462624	0.7608854	-0.15940697	0.6232827
0.08440038	0.76099986	-0.1593469	0.62318885
0.0842009	0.76106393	-0.15924312	0.6231642
0.084010184	0.76114017	-0.15909222	0.62313527
0.08380669	0.7612709	-0.1588942	0.6230536
0.08359327	0.7614556	-0.15867646	0.62291217
0.08333272	0.76167125	-0.15841474	0.62274987
0.08302	0.76190126	-0.1581058	0.62258875
0.082651906	0.7621494	-0.1577385	0.62242717
0.082242206	0.76240486	-0.1573216	0.62227416
0.08176352	0.7626716	-0.15683255	0.62213373
0.08136349	0.7628353	-0.15643728	0.62208503
0.08092377	0.76300836	-0.15601973	0.6220349
0.080469586	0.7631682	-0.1556352	0.6219942
0.080028065	0.7633453	-0.15532856	0.6219103
0.07960662	0.763545	-0.15512472	0.62177014
0.079149075	0.763787	-0.15497488	0.6215687
0.078789584	0.7640002	-0.15486969	0.62137866
0.07838259	0.7642711	-0.15472251	0.6211337
0.07798523	0.76456165	-0.15453704	0.62087214
0.07758222	0.76488805	-0.15431467	0.62057585
0.07718237	0.7652147	-0.15409188	0.6202782
0.076780066	0.76551735	-0.15391548	0.6199984
0.07638832	0.76577836	-0.15381128	0.61975026
0.07600941	0.76601535	-0.15374024	0.6195216
0.075675584	0.7662478	-0.15365025	0.6192973
0.075309694	0.76655686	-0.1534677	0.6190046
0.07498448	0.76684153	-0.15325877	0.6187433
0.07461962	0.76720494	-0.15298347	0.6184048
0.07426302	0.76758593	-0.15273614	0.6180361
0.07393142	0.76793414	-0.15251863	0.6176969
0.07356434	0.7682738	-0.15234293	0.61736155
0.07321168	0.76851773	-0.1522287	0.6171281
0.072830446	0.76871574	-0.15211084	0.6169556
0.072394654	0.76894337	-0.15193127	0.6167674
0.07198385	0.7691821	-0.1517042	0.6165737
0.07150413	0.76950544	-0.15138793	0.6163037
0.07112788	0.76981646	-0.15111691	0.6160253
0.07074304	0.7702093	-0.15082797	0.6156492
0.070347756	0.77064985	-0.15055749	0.6152093
0.0699493	0.7710958	-0.1503252	0.6147526
0.06958525	0.77146524	-0.15016596	0.6143691
0.06924396	0.7718437	-0.15005495	0.6139595
0.068959825	0.7722275	-0.15000209	0.6135215
0.06873244	0.77260965	-0.15002054	0.61306125
0.06855008	0.77298343	-0.15009855	0.6125913
0.068376884	0.7733742	-0.15020826	0.61209035
0.06825809	0.77364665	-0.15029725	0.61173713
0.06812846	0.7739376	-0.15041153	0.6113556
0.06805548	0.77419525	-0.1504865	0.61101896
0.06798046	0.774433	-0.1505614	0.6107074
0.067889884	0.77470607	-0.15058662	0.61036485
0.067757115	0.7750015	-0.1505484	0.61001384
0.067563176	0.7752773	-0.15050688	0.60969514
0.06729188	0.77554554	-0.15049505	0.60938674
0.0669506	0.775811	-0.1505248	0.60907906
0.066541314	0.7761054	-0.15058781	0.608733
0.066111095	0.7763891	-0.15065248	0.60840213
0.06564584	0.7766909	-0.15069823	0.60805595
0.06514505	0.77700347	-0.15062182	0.60772943
0.06456845	0.77736664	-0.15047632	0.60736233
0.06409689	0.7776721	-0.15035012	0.60705245
0.063576326	0.778015	-0.15019594	0.6067057
0.06310965	0.77836275	-0.15007105	0.6063393
0.06273019	0.77874416	-0.15000916	0.60590404
0.062433735	0.77916336	-0.15002401	0.60539186
0.062190633	0.7796459	-0.15010795	0.6047746
0.062025536	0.78002435	-0.15022637	0.60427374
0.061854478	0.7804107	-0.1504014	0.6037488
0.061701637	0.78075594	-0.15056765	0.6032766
0.061520938	0.781138	-0.15071414	0.60276365
0.061341323	0.7814996	-0.1508324	0.6022833
0.06116029	0.781877	-0.15096322	0.601779
0.060986944	0.7822567	-0.15112919	0.60126126
0.060818445	0.78265977	-0.15133737	0.6007012
0.060645178	0.7830306	-0.1515628	0.6001784
0.06044298	0.78334117	-0.15179615	0.5997344
0.060186967	0.7836303	-0.15204453	0.59931934
0.059893817	0.78390646	-0.15226412	0.59893167
0.059579443	0.7841926	-0.15241644	0.5985496
0.05921429	0.7845683	-0.15250856	0.5980697
0.05899207	0.7848756	-0.15248916	0.5976934
0.058778744	0.78531355	-0.15239911	0.5971618
0.05865816	0.7857905	-0.15228504	0.5965752
0.058594715	0.7862536	-0.15218514	0.5959964
0.05853923	0.7867222	-0.15210925	0.59540266
0.058463566	0.7871395	-0.1521182	0.59485584
0.058404483	0.787501	-0.15213263	0.5943793
0.058312	0.787826	-0.15222555	0.59393394
0.058223393	0.78815573	-0.15230714	0.5934839
0.058111135	0.7885461	-0.15239702	0.5929531
0.05800942	0.7889199	-0.1524923	0.5924411
0.057884302	0.78933066	-0.15265441	0.5918642
0.057717938	0.7897167	-0.15286322	0.59131134
0.05748774	0.7900675	-0.15307972	0.590809
0.057179376	0.7903913	-0.15327899	0.5903537
0.057164412	0.79037476	-0.15328848	0.5903751
0.056346655	0.79102147	-0.15344763	0.5895456
0.055948086	0.79136765	-0.15352868	0.58909756
0.05565396	0.7917965	-0.15359578	0.5885315
0.05540407	0.79229236	-0.1537009	0.5878599
0.055296294	0.79276407	-0.15376295	0.58721745
0.055233926	0.7933723	-0.15385859	0.5863763
0.055169653	0.79455477	-0.1542028	0.58468854
0.055175625	0.79505736	-0.15433306	0.58396983
0.055179626	0.795493	-0.15439998	0.5833582
0.055147927	0.79581225	-0.15442812	0.58291817
0.05506655	0.79609823	-0.15447094	0.5825238
0.05491922	0.7964047	-0.1546045	0.58208334
0.054773964	0.7967238	-0.15473768	0.5816248
0.05461129	0.79707557	-0.15493299	0.5811059
0.054445002	0.79746497	-0.15520413	0.58051443
0.05427884	0.79789907	-0.15551281	0.57985055
0.054119863	0.79831773	-0.15571894	0.5792335
0.053951554	0.7987465	-0.15575427	0.5786484
0.05380485	0.79910034	-0.15555178	0.5782279
0.05349101	0.7997714	-0.15519492	0.5774246
0.053316254	0.80016136	-0.155073	0.576933
0.053142715	0.8006057	-0.15497525	0.5763584
0.052961685	0.801107	-0.15485281	0.57571113
0.052777026	0.8016713	-0.15463328	0.57500094
0.052610602	0.80221206	-0.1543244	0.5743447
0.052416116	0.8027213	-0.1539446	0.57375276
0.05194632	0.8037113	-0.15304253	0.5726498
0.05194794	0.80367666	-0.153038	0.5726994
0.05157372	0.804444	-0.15235834	0.57183653
0.051582567	0.8044381	-0.15235153	0.5718458
0.051262103	0.80543965	-0.15166971	0.57064486
0.05115045	0.8060269	-0.15133901	0.5699129
0.05107663	0.80668485	-0.150998	0.5690785
0.051006347	0.8073198	-0.1506448	0.5682774
0.050900493	0.80794287	-0.15028003	0.5674977
0.05074307	0.80847895	-0.14996788	0.5668302
0.050493054	0.80899954	-0.14969862	0.5661806
0.050200954	0.80946755	-0.14949605	0.565591
0.049884103	0.80996275	-0.14932683	0.56495434
0.049566943	0.81047446	-0.14921728	0.5642769
0.049324024	0.8109831	-0.14917138	0.5635791
0.04909519	0.81152415	-0.14932467	0.5627792
0.04907012	0.811524	-0.1493419	0.56277704
0.048560143	0.81280434	-0.14949149	0.5609307
0.048560455	0.8128096	-0.14949179	0.560923
0.048272315	0.8134084	-0.14941186	0.5601007
0.048093814	0.8138907	-0.14931324	0.5594412
0.04783301	0.81459755	-0.14916864	0.55847263
0.047671996	0.8149632	-0.1491266	0.5579639
0.047508966	0.81532645	-0.14921501	0.55742306
0.047332633	0.8157071	-0.14943554	0.55682194
0.04718183	0.8160632	-0.14970382	0.5562405
0.04703709	0.81649506	-0.14999591	0.55553997
0.046916347	0.8170079	-0.15026729	0.55472237
0.046794847	0.81761116	-0.15050654	0.5537781
0.0466914	0.81811386	-0.1506553	0.55300343
0.046583895	0.81861055	-0.15079461	0.5522389
0.046346735	0.81932694	-0.15111665	0.5511071
0.046219043	0.8196319	-0.1513038	0.5506129
0.046206012	0.8196264	-0.15131193	0.55061996
0.046076637	0.8203848	-0.15151812	0.5494433
0.046070922	0.8203621	-0.15151967	0.54947746
0.046039347	0.82083607	-0.15152477	0.54877025
0.04604519	0.8213961	-0.1514352	0.5479561
0.046076775	0.82198864	-0.15128428	0.54710567
0.046095107	0.8226068	-0.15111911	0.5462199
0.046062052	0.8231919	-0.15098527	0.54537773
0.04596092	0.8237451	-0.15089136	0.54457647
0.045786083	0.82419664	-0.15085989	0.5439163
0.045582995	0.8245436	-0.15085532	0.54340845
0.04534893	0.8248952	-0.15080942	0.5429071
0.04511182	0.82526284	-0.15073858	0.54238737
0.044881973	0.82563347	-0.15066355	0.54186296
0.04469204	0.826021	-0.15060817	0.5413033
0.04451587	0.82643217	-0.15056747	0.54070103
0.04435613	0.8268849	-0.15056741	0.54002154
0.04421282	0.82736313	-0.15059441	0.53929305
0.044111166	0.82783574	-0.15063302	0.53856474
0.044078946	0.8282915	-0.15068232	0.53785247
0.04411642	0.82875514	-0.15075658	0.53711367
0.044196896	0.8292365	-0.15085088	0.53633726
0.044272896	0.82970595	-0.15096094	0.5355732
0.044328183	0.83015966	-0.15109764	0.53482676
0.044340253	0.8305956	-0.15127498	0.5340981
0.044293147	0.8310423	-0.1514625	0.53335357
0.044199724	0.83139557	-0.15159419	0.53277284
0.044077575	0.8317784	-0.15170713	0.5321531
0.04396815	0.8321606	-0.15179743	0.53153855
0.04388276	0.8325578	-0.15188976	0.53089684
0.043827403	0.83298796	-0.15204483	0.5301818
0.043799117	0.8333523	-0.1522851	0.52954215
0.043754138	0.83366823	-0.1526225	0.52895105
0.043675546	0.8339261	-0.15298742	0.5284455
0.043596268	0.8341698	-0.15332164	0.5279703
0.04357999	0.8347807	-0.15380107	0.5268655
0.043686144	0.8351799	-0.15395522	0.52617854
0.043860126	0.83560956	-0.15410957	0.52543616
0.044084262	0.83603805	-0.15430883	0.52467674
0.044290755	0.8364281	-0.15455382	0.52396524
0.04442694	0.83671355	-0.15494162	0.52338314
0.044577125	0.83697987	-0.15544523	0.52279484
0.0446549	0.83715487	-0.15579966	0.52240217
0.044756684	0.83737135	-0.15621057	0.5219238
0.044896178	0.8376663	-0.15662493	0.5213139
0.044976257	0.8379421	-0.15686655	0.5207909
0.045055483	0.83831733	-0.15707119	0.52011806
0.045109257	0.83873504	-0.15721229	0.51939684
0.045139942	0.839536	-0.15737168	0.51804996
0.045105893	0.8399078	-0.15743539	0.51743054
0.045065194	0.8402177	-0.15748273	0.5169164
0.045019343	0.84046286	-0.15750562	0.51651484
0.044966068	0.8407752	-0.15751503	0.5160079
0.044940993	0.84147793	-0.15755378	0.5148514
0.04503212	0.84190285	-0.15762398	0.514127
0.045208722	0.84231836	-0.15773767	0.5133953
0.04544503	0.84270054	-0.15788157	0.51270276
0.045729272	0.8430737	-0.1580674	0.5120062
0.046008237	0.84340256	-0.15828049	0.51137334
0.046236455	0.8436737	-0.15849586	0.5108385
0.046400506	0.8439073	-0.15869936	0.5103744
0.046511695	0.8441477	-0.15886708	0.5099144
0.046610028	0.84443074	-0.15893105	0.5094165
0.04669326	0.8447363	-0.15898433	0.5088855
0.04682901	0.8450891	-0.15904221	0.50826883
0.046988603	0.84545606	-0.15918672	0.5075979
0.04711549	0.8458228	-0.15940961	0.5069047
0.047139976	0.84610564	-0.15966679	0.50634927
0.047093257	0.84634376	-0.15996714	0.5058607
0.047010954	0.8465627	-0.16022152	0.5054214
0.046939526	0.8468314	-0.16038004	0.5049273
0.04691644	0.8471834	-0.16043887	0.50431997
0.04696201	0.84760386	-0.16044258	0.50360745
0.047046162	0.8479506	-0.16043688	0.50301737
0.047131673	0.8483434	-0.16045046	0.50234216
0.047143824	0.8486963	-0.16049089	0.5017318
0.047032166	0.84900564	-0.16054735	0.50120056
0.046782646	0.84927845	-0.16058634	0.5007492
0.04641095	0.8495372	-0.16057861	0.5003471
0.045891177	0.8498433	-0.16050409	0.4998989
0.04553434	0.850047	-0.160422	0.49961165
0.045137554	0.85028756	-0.16031423	0.49927244
0.04481515	0.8505367	-0.16021642	0.49890867
0.044543613	0.85080314	-0.16014373	0.4985017
0.044329897	0.851085	-0.1601002	0.49805337
0.044156194	0.85137916	-0.16010854	0.497563
0.044010565	0.85171974	-0.16014278	0.49698183
0.043910194	0.8520565	-0.16015537	0.496409
0.043847207	0.85243934	-0.16015477	0.4957572
0.043877326	0.85281295	-0.16013335	0.49511847
0.044020385	0.85319626	-0.16010216	0.4944551
0.044279583	0.85360444	-0.16009068	0.49373034
0.044592995	0.8539698	-0.16012739	0.49305806
0.044928677	0.8543387	-0.1602244	0.49235678
0.045217156	0.8546663	-0.16040747	0.49170163
0.0454026	0.8549404	-0.16077122	0.49108893
0.045428418	0.85517824	-0.1610492	0.49058095
0.045395125	0.85541904	-0.16126668	0.4900926
0.04533947	0.85564214	-0.16142625	0.48965546
0.045281682	0.85583055	-0.1616039	0.4892727
0.04520611	0.85596937	-0.16179648	0.4889733
0.045091137	0.85609895	-0.16200681	0.48868722
0.0449128	0.8562476	-0.16221762	0.4883732
0.04468708	0.8564066	-0.16243376	0.48804328
0.04443333	0.8565598	-0.16269217	0.4877111
0.04414977	0.8567183	-0.16300444	0.48735413
0.04397625	0.8568436	-0.16323313	0.48707312
0.043858558	0.85699093	-0.16352324	0.48672715
0.04383947	0.8571423	-0.16384628	0.4863533
0.043906383	0.8573026	-0.16416037	0.48595876
0.04403589	0.85749525	-0.16446798	0.4855029
0.044225242	0.85773546	-0.16480775	0.48494583
0.044448186	0.8580069	-0.16517836	0.48431867
0.04468832	0.8583179	-0.16558062	0.48360774
0.044922166	0.8586289	-0.16603191	0.48287874
0.045097407	0.85886663	-0.16647232	0.48228773
0.045220386	0.85905176	-0.16691883	0.4817919
0.04527359	0.8591692	-0.16732205	0.48143736
0.045289226	0.85924333	-0.1677173	0.48116595
0.045263387	0.8593061	-0.16800347	0.48095644
0.04522577	0.8593872	-0.168236	0.4807338
0.04520966	0.8595168	-0.16851296	0.48040667
0.045240913	0.85968685	-0.1688198	0.47999132
0.04539306	0.85992277	-0.1692075	0.4794177
0.0455667	0.86016124	-0.16958535	0.47883937
0.045778204	0.8603908	-0.1699274	0.4782851
0.046043478	0.8605997	-0.17022496	0.47777778
0.04629827	0.8607838	-0.17054436	0.47730747
0.04669809	0.8610181	-0.17112635	0.47663715
0.046690173	0.8610288	-0.17113173	0.47661647
0.047142666	0.8612562	-0.17217952	0.47578326
0.04740768	0.8613569	-0.17290185	0.4753122
0.047644433	0.8614388	-0.17360659	0.47488308
0.0478724	0.861531	-0.17423084	0.47446418
0.048093732	0.86165684	-0.17475301	0.47402108
0.04829697	0.8618217	-0.17518605	0.4735406
0.048464976	0.86203015	-0.17559454	0.4729924
0.048568208	0.86223334	-0.17599757	0.47246152
0.048633244	0.86239696	-0.17644306	0.47198972
0.048665803	0.86251736	-0.17693067	0.4715836
0.04869181	0.8625921	-0.17741701	0.47126144
0.048743952	0.8626262	-0.17791039	0.4710074
0.048828248	0.86265194	-0.17836347	0.47078016
0.048931852	0.8627028	-0.17873892	0.4705337
0.049055286	0.86278236	-0.17903958	0.47026074
0.049196765	0.8628916	-0.1793024	0.46994513
0.04936734	0.8630174	-0.17959318	0.4695854
0.049523566	0.86312366	-0.17989688	0.46925697
0.049742308	0.86322033	-0.18032607	0.46889114
0.049989104	0.8632857	-0.1808783	0.46853155
0.050377104	0.86331433	-0.18156184	0.46817294
0.05087251	0.8633405	-0.18231118	0.4677795
0.05152655	0.8633491	-0.18316568	0.4673582
0.052225713	0.8633189	-0.18408547	0.466975
0.0529229	0.8632641	-0.18503407	0.46662274
0.05362855	0.8631726	-0.18607551	0.46629703
0.054254062	0.86304605	-0.1871308	0.4660367
0.05482703	0.86286634	-0.18822873	0.46586037
0.05536918	0.8626386	-0.18937081	0.4657549
0.05596529	0.8623646	-0.19063084	0.46567702
0.056449194	0.862158	-0.19165681	0.46558014
0.05694941	0.8619608	-0.19264045	0.46547845
0.05746275	0.86178064	-0.19353424	0.46537808
0.058037467	0.8616042	-0.1943893	0.4652772
0.05858885	0.86147237	-0.1951324	0.46514082
0.059175752	0.86135125	-0.19586195	0.46498442
0.059794854	0.8612346	-0.19661804	0.46480194
0.060456455	0.8610914	-0.19743757	0.46463457
0.06116138	0.8609181	-0.19831832	0.46448815
0.06199172	0.8606978	-0.19935861	0.46434104
0.06277309	0.86046517	-0.2003741	0.4642302
0.06350456	0.86024326	-0.20135823	0.46411607
0.06422492	0.86005193	-0.20234159	0.46394387
0.064913064	0.8599044	-0.20327935	0.4637113
0.0655277	0.8597887	-0.2041324	0.46346483
0.06607021	0.8596457	-0.20492283	0.46330422
0.06650477	0.85951287	-0.2056447	0.46316838
0.06690966	0.8593488	-0.2062989	0.4631238
0.06736313	0.8591263	-0.20694037	0.46318457
0.06771894	0.85899514	-0.20736574	0.46318594
0.06820215	0.858875	-0.20787787	0.46310788
0.06868217	0.8587908	-0.2083582	0.46297732
0.069290645	0.8586895	-0.20884871	0.46285346
0.06993225	0.85857904	-0.2093458	0.46273753
0.07055958	0.8584613	-0.20979756	0.46265593
0.071197264	0.858334	-0.21024834	0.46258992
0.0718671	0.85820746	-0.21075813	0.4624892
0.07252871	0.8580945	-0.21130137	0.4623474
0.07316465	0.8580375	-0.21183799	0.4621075
0.073791526	0.8580457	-0.21235247	0.46175635
0.07444366	0.8580327	-0.21292225	0.46141332
0.07509462	0.85801566	-0.2135253	0.46106052
0.075690374	0.8580116	-0.21409577	0.4607061
0.07622589	0.8580004	-0.21458158	0.4604126
0.07669003	0.8579845	-0.21498632	0.46017638
0.077114984	0.85794973	-0.21535374	0.45999828
0.07746548	0.8578942	-0.21567456	0.45989272
0.07779974	0.8578519	-0.21602598	0.45975
0.078139745	0.8578263	-0.21642955	0.45955035
0.07850139	0.85780036	-0.2169245	0.45930365
0.07884948	0.8577823	-0.21746977	0.45902008
0.0792364	0.85775954	-0.21816118	0.4586675
0.079641536	0.8577217	-0.21895625	0.45828936
0.079999045	0.85768145	-0.21961407	0.45798728
0.08035703	0.85764664	-0.22016597	0.45772478
0.08103659	0.85763747	-0.2207467	0.45734224
0.081438474	0.8576354	-0.22093572	0.45718363
0.081902415	0.8577084	-0.22113493	0.4568673
0.08236728	0.8577937	-0.22134648	0.45652118
0.08286208	0.85786295	-0.22162503	0.45616624
0.083406	0.85790867	-0.22196257	0.4558167
0.08397779	0.8579239	-0.22232701	0.45550534
0.08457128	0.85789967	-0.22271691	0.45525068
0.085174024	0.8578447	-0.22314525	0.455032
0.085805066	0.8577612	-0.22363535	0.45483023
0.08644703	0.857654	-0.22418034	0.45464233
0.08714987	0.8575128	-0.22482264	0.4544573
0.08781	0.85736996	-0.22550637	0.45426118
0.088519044	0.8572024	-0.2263048	0.45404246
0.08927763	0.8570056	-0.22720982	0.45381334
0.09002837	0.85679877	-0.2281403	0.4535889
0.09083734	0.8565701	-0.22908562	0.45338303
0.09161895	0.85634845	-0.22993317	0.45321524
0.092449114	0.85610414	-0.23074658	0.45309487
0.09328068	0.85585415	-0.23147428	0.45302567
0.094126664	0.85559297	-0.23214515	0.4530006
0.094932206	0.8553318	-0.23276214	0.45300937
0.09571518	0.8550537	-0.23337798	0.45305234
0.096548155	0.8547193	-0.23408204	0.45314354
0.09727833	0.8544059	-0.23480491	0.45320454
0.09796037	0.85408765	-0.2356696	0.4532085
0.098653786	0.8537885	-0.23654501	0.45316592
0.09938706	0.85347676	-0.23745526	0.45311671
0.10012943	0.85318196	-0.23832273	0.45305303
0.1009439	0.8529226	-0.23900333	0.45300198
0.10174166	0.8526758	-0.23956566	0.45299116
0.10254595	0.8524098	-0.24007267	0.45304206
0.10333076	0.85215366	-0.24055776	0.45308816
0.10407663	0.85190535	-0.24106	0.4531176
0.10489008	0.85162795	-0.24168848	0.4531165
0.10566325	0.85135436	-0.24234846	0.45309862
0.106426165	0.85107464	-0.24303699	0.4530767
0.10715829	0.85078454	-0.2436848	0.45310113
0.10783533	0.8504771	-0.2442509	0.45321283
0.108985804	0.84982806	-0.24516807	0.4536596
0.10955591	0.8494608	-0.24564546	0.45395193
0.110141434	0.84907687	-0.24620603	0.45422468
0.110750765	0.848684	-0.2468623	0.45445427
0.1114439	0.8482399	-0.24766023	0.45467997
0.1121805	0.84776264	-0.24852367	0.45491764
0.11294359	0.84723055	-0.2494241	0.4552272
0.11370579	0.8466267	-0.25032777	0.45566475
0.11447054	0.84601706	-0.25117853	0.45613724
0.11522291	0.8454589	-0.25194335	0.45656052
0.11597665	0.8449618	-0.25260454	0.4569245
0.11673321	0.84451663	-0.25319517	0.45722795
0.117626056	0.84397656	-0.25393873	0.45758367
0.11832185	0.8435303	-0.25453222	0.4578974
0.11917968	0.84298587	-0.2552621	0.458271
0.120016895	0.84240323	-0.25603768	0.4586912
0.12082424	0.8417745	-0.25687987	0.45916227
0.121530965	0.84121	-0.2576075	0.45960236
0.122226536	0.84068674	-0.2583174	0.45997697
0.12362645	0.83976567	-0.25959638	0.46056473
0.1243973	0.8392949	-0.2601902	0.4608802
0.12517793	0.8387811	-0.2607527	0.46128598
0.12600555	0.8381875	-0.2613448	0.4618042
0.12673654	0.8376327	-0.26187545	0.46231017
0.12749977	0.83703	-0.2624627	0.46285847
0.1282212	0.83647674	-0.26303312	0.46333525
0.12897106	0.83595645	-0.2635944	0.46374714
0.12972932	0.83549637	-0.2640971	0.4640787
0.13055518	0.8350678	-0.2645832	0.46434116
0.13142295	0.83466095	-0.26503444	0.46457076
0.13234097	0.8342276	-0.26548165	0.46483314
0.13345687	0.8336776	-0.26600876	0.46519926
0.13429815	0.8332344	-0.266398	0.46552828
0.13510424	0.83277565	-0.266768	0.46590397
0.13593288	0.83225846	-0.26715478	0.46636522
0.13667598	0.8317543	-0.26754445	0.4668238
0.13730705	0.83127606	-0.2679466	0.46725965
0.13784836	0.83080363	-0.26835304	0.46770692
0.13830332	0.8303362	-0.26871312	0.46819574
0.13869289	0.8298467	-0.26903048	0.46876568
0.13904618	0.82930934	-0.26932794	0.46944088
0.13939896	0.8287374	-0.26960915	0.47018433
0.13977265	0.82819134	-0.26981726	0.4709157
0.14016484	0.8276366	-0.2700134	0.47166106
0.14063212	0.8270134	-0.2702108	0.47250152
0.14115769	0.8263822	-0.27042842	0.47332388
0.14164324	0.8257901	-0.27064103	0.47409016
0.14211048	0.8252012	-0.27085358	0.47485378
0.14254782	0.8246397	-0.2710634	0.47557783
0.1429629	0.8241194	-0.27129	0.47622544
0.14338832	0.8236181	-0.27155986	0.47681066
0.14387669	0.82304394	-0.27192792	0.4774447
0.14440255	0.8224235	-0.2723491	0.4781146
0.14493154	0.82180345	-0.27273738	0.4787988
0.1455432	0.82109195	-0.27311313	0.4796189
0.14607884	0.82046163	-0.27339438	0.4803742
0.14662883	0.8198153	-0.27365753	0.4811595
0.14714834	0.8192222	-0.27388898	0.48187888
0.14763801	0.8186722	-0.27407038	0.4825601
0.14811315	0.8181475	-0.27421772	0.48322043
0.14859463	0.81762314	-0.27434972	0.4838847
0.14913186	0.8170246	-0.27448207	0.48465458
0.14957061	0.81651604	-0.27459183	0.48531374
0.15006553	0.81593436	-0.27472347	0.4860645
0.15054984	0.8153169	-0.27491894	0.4868395
0.15108418	0.81468004	-0.2751396	0.48761478
0.15162908	0.8140501	-0.27542675	0.4883353
0.1521656	0.8134453	-0.27574313	0.4889972
0.1526802	0.8128808	-0.27601945	0.48961908
0.15316656	0.812363	-0.27621338	0.49021682
0.15364894	0.81188416	-0.2763076	0.4908056
0.15429895	0.81138927	-0.27624676	0.49145404
0.15430212	0.8113904	-0.27624488	0.49145228
0.15547502	0.8105457	-0.2762762	0.4924577
0.15620951	0.8099786	-0.27638617	0.49309632
0.15703475	0.8093096	-0.27657306	0.49382734
0.15768309	0.80874366	-0.27675563	0.49444547
0.15838131	0.80807114	-0.27700317	0.4951827
0.15967648	0.80661124	-0.27774495	0.49672863
0.16030107	0.8058328	-0.27821708	0.49752626
0.1609493	0.80500627	-0.27870256	0.49838254
0.1615234	0.8042631	-0.27907443	0.49918786
0.16212164	0.8034683	-0.27943006	0.50007415
0.16270939	0.8026479	-0.27971786	0.5010389
0.16326989	0.8017989	-0.2799375	0.50209224
0.16377033	0.8009333	-0.28008986	0.50322443
0.16411848	0.80021495	-0.28016567	0.50421077
0.16439752	0.79958767	-0.2801749	0.5051089
0.1646405	0.7990798	-0.28014168	0.50585145
0.16488856	0.7986366	-0.28010917	0.5064882
0.16520411	0.79812676	-0.2800901	0.5071992
0.16549006	0.7976779	-0.28006622	0.5078248
0.16582759	0.79710853	-0.28002447	0.5086311
0.16618286	0.7964651	-0.27997082	0.5095517
0.1665767	0.795772	-0.2799042	0.5105416
0.16689372	0.79528767	-0.27983865	0.5112283
0.16724996	0.794814	-0.27975667	0.5118931
0.16770907	0.794373	-0.27976787	0.51242095
0.16815718	0.79391974	-0.27980128	0.51295793
0.16878945	0.79334503	-0.27996027	0.5135523
0.16932409	0.7928113	-0.28011078	0.5141184
0.17046747	0.79153395	-0.28042045	0.51553786
0.17101647	0.79090405	-0.28052363	0.516266
0.17159952	0.7902431	-0.28056625	0.51706105
0.17212111	0.7896301	-0.28059363	0.51780874
0.17269702	0.7890405	-0.28057447	0.51852566
0.17334822	0.7884383	-0.28061107	0.5192041
0.17401452	0.78789943	-0.2807109	0.51974505
0.17475949	0.787342	-0.2808744	0.5202511
0.17554788	0.7867565	-0.28109458	0.5207523
0.17642775	0.7860702	-0.28137603	0.52133906
0.17709246	0.7855222	-0.2816148	0.52181053
0.17791411	0.7848273	-0.28193018	0.5224062
0.1785832	0.7842102	-0.28222105	0.5229472
0.17919312	0.7835229	-0.28254092	0.52359563
0.17969655	0.78278565	-0.282886	0.5243389
0.18045102	0.7813037	-0.28356385	0.52592164
0.18071274	0.7807018	-0.28379846	0.52659863
0.18093093	0.7801451	-0.28394526	0.52726907
0.18113485	0.7796602	-0.28398302	0.52789545
0.181301	0.7792094	-0.2840063	0.52849144
0.18148135	0.7786895	-0.28400996	0.5291934
0.1816621	0.7781803	-0.28399387	0.5298885
0.1818856	0.77759343	-0.28397164	0.53068477
0.18215829	0.77692306	-0.28396508	0.53157586
0.18245734	0.77624965	-0.283979	0.5324489
0.1828251	0.77560055	-0.28410727	0.53319967
0.18334235	0.774799	-0.28438738	0.5340375
0.18379614	0.77414936	-0.2846981	0.5346576
0.18428057	0.77345675	-0.28505725	0.53530157
0.18484834	0.77262837	-0.2854662	0.5360835
0.18538457	0.7718273	-0.2857946	0.5368768
0.18590237	0.7710159	-0.2860292	0.5377381
0.18641648	0.77015	-0.28622803	0.5386943
0.1869114	0.7692678	-0.28640422	0.5396887
0.18736951	0.7684001	-0.2865455	0.5406902
0.18776137	0.7675598	-0.28664592	0.5416935
0.18810473	0.7667372	-0.2867038	0.54270756
0.18840182	0.76603013	-0.28670055	0.54360414
0.1887358	0.7653155	-0.28665182	0.54451966
0.18909906	0.76464105	-0.2865956	0.54537016
0.18961431	0.7638145	-0.28668305	0.54630286
0.190074	0.76296276	-0.28684166	0.5472492
0.19059215	0.7621216	-0.28704694	0.54813254
0.1911182	0.7612274	-0.28738827	0.5490124
0.19167218	0.76024526	-0.2878773	0.5499232
0.19220422	0.75925475	-0.2884475	0.55080634
0.19270977	0.7582621	-0.28906214	0.5516744
0.19323958	0.75722784	-0.2896957	0.5525766
0.19377795	0.7562683	-0.2902763	0.55339676
0.19440354	0.75527203	-0.29083267	0.5542453
0.19507712	0.75424296	-0.2914131	0.55510455
0.19578904	0.7530939	-0.292083	0.5560611
0.19629394	0.7522712	-0.29255655	0.55674726
0.19683461	0.7513646	-0.29316747	0.5574588
0.19734418	0.7504884	-0.293765	0.55814385
0.19779734	0.7497347	-0.29427984	0.55872494
0.19827889	0.7489921	-0.2947539	0.55930007
0.19877082	0.74831885	-0.2951589	0.55981266
0.19929375	0.74766207	-0.2955278	0.5603095
0.19982901	0.7469893	-0.29586244	0.56083924
0.2003479	0.74628645	-0.29618728	0.5614182
0.20087935	0.7454579	-0.29654425	0.5621401
0.201291	0.7446991	-0.29684466	0.5628396
0.2016949	0.74388504	-0.29715526	0.5636071
0.20214996	0.7429848	-0.29748595	0.5644566
0.20256448	0.7422062	-0.2977354	0.56520015
0.20298149	0.7414605	-0.29792428	0.56592935
0.20335849	0.74083763	-0.29804748	0.56654453
0.20375262	0.74023926	-0.29817066	0.5671199
0.20415074	0.7396569	-0.29833588	0.56764936
0.204587	0.73908657	-0.29857472	0.5681096
0.20511076	0.73849314	-0.29886755	0.5685382
0.2056735	0.7379262	-0.29918236	0.5689054
0.20633861	0.73728025	-0.29960394	0.5692799
0.2078561	0.73571056	-0.30084732	0.57010245
0.20866011	0.7348454	-0.301641	0.57050496
0.20945977	0.73394066	-0.3025203	0.57091093
0.2103042	0.73298186	-0.30349508	0.57131475
0.21112514	0.73204917	-0.3044421	0.5717039
0.21210262	0.7310478	-0.30548275	0.57206804
0.2131323	0.7300387	-0.30649757	0.5724312
0.21425764	0.7289894	-0.30757704	0.5727691
0.21533027	0.72801626	-0.30861998	0.5730435
0.21641637	0.7270099	-0.3096632	0.5733492
0.21748877	0.72596186	-0.31070858	0.57370573
0.21848111	0.724947	-0.31170237	0.5740727
0.21944894	0.72394395	-0.31270352	0.57442486
0.22034107	0.72303617	-0.3136578	0.5747063
0.22125044	0.7221222	-0.3146409	0.5749687
0.2221662	0.7212185	-0.3156144	0.5752162
0.22310078	0.7203125	-0.31658325	0.57545733
0.22398706	0.71944094	-0.3174927	0.5757021
0.22490902	0.7185291	-0.31844294	0.5759566
0.22578932	0.7176124	-0.31936255	0.57624584
0.22663234	0.7166768	-0.32026017	0.57658106
0.22740506	0.7157288	-0.32111308	0.57697976
0.22818191	0.71475244	-0.32204902	0.57736164
0.22928816	0.713451	-0.32352874	0.57770556
0.22931537	0.71340257	-0.32350478	0.577768
0.22996746	0.71265906	-0.32431358	0.57797307
0.23147294	0.7109999	-0.32591385	0.57851505
0.23204555	0.71030146	-0.32650197	0.57881194
0.23264106	0.7095676	-0.32711488	0.5791268
0.23327644	0.70880353	-0.3277722	0.5794351
0.23395458	0.7079918	-0.32851055	0.579736
0.23457026	0.70727485	-0.329209	0.57996607
0.2352398	0.70652246	-0.32995567	0.58018756
0.23596287	0.70573926	-0.33073038	0.5804059
0.23668621	0.70494366	-0.33149427	0.5806424
0.2373233	0.7042077	-0.33217457	0.5808866
0.2379369	0.7034632	-0.3328329	0.58116084
0.23851147	0.7027031	-0.33344173	0.5814958
0.23906918	0.701915	-0.33403215	0.5818796
0.23959881	0.701147	-0.33458892	0.5822676
0.24014437	0.70034635	-0.33515814	0.582679
0.24121	0.6988554	-0.33629942	0.583371
0.24179707	0.6981702	-0.3369104	0.5835958
0.242469	0.69743586	-0.33761638	0.5837871
0.2431926	0.69665915	-0.3383973	0.5839612
0.24395125	0.6958556	-0.33922482	0.58412266
0.24572021	0.69405353	-0.34121293	0.5843673
0.24679299	0.6930005	-0.34245384	0.58443904
0.24778166	0.6920484	-0.3436102	0.5844701
0.24866752	0.69120306	-0.34467134	0.5844695
0.24958813	0.6903549	-0.34578538	0.58442146
0.2506297	0.6894226	-0.34701717	0.5843461
0.25148517	0.6886728	-0.34799343	0.5842822
0.25242946	0.68787855	-0.3490031	0.58420825
0.25337344	0.68718857	-0.34993383	0.58405495
0.2542955	0.68649566	-0.35084277	0.58392376
0.2551526	0.6858557	-0.35169843	0.5837871
0.2558695	0.68519276	-0.35255274	0.58373654
0.25646526	0.68454677	-0.35335577	0.58374745
0.25684226	0.6840112	-0.3539773	0.583833
0.2571596	0.68354577	-0.3545226	0.5839074
0.25751495	0.6830864	-0.35506186	0.5839608
0.2578475	0.68272674	-0.35543883	0.5840052
0.25824127	0.6823873	-0.35579455	0.5840115
0.25872192	0.68204767	-0.3562044	0.58394563
0.25928727	0.68169594	-0.35670093	0.5838024
0.25991878	0.6813318	-0.35725534	0.58360755
0.2606007	0.6809711	-0.35786504	0.58335096
0.26127923	0.680617	-0.35850123	0.5830701
0.26197883	0.68026674	-0.35918564	0.58274347
0.2626336	0.6799532	-0.35983735	0.5824124
0.26331308	0.67961633	-0.3604863	0.5820976
0.26389912	0.6792763	-0.3610266	0.5818941
0.26459926	0.67872685	-0.36156926	0.5818804
0.26528123	0.67814434	-0.36204004	0.5819564
0.2659838	0.67754954	-0.3624928	0.5820466
0.2666657	0.67701876	-0.3629233	0.58208394
0.26736227	0.6765441	-0.36340097	0.58201826
0.26820174	0.6760551	-0.3640845	0.5817731
0.2689	0.67569256	-0.36461532	0.5815394
0.2696948	0.67536885	-0.36523393	0.581159
0.27060592	0.6750853	-0.36589473	0.5806491
0.2715193	0.6748471	-0.3664773	0.5801319
0.2723245	0.67468786	-0.36721545	0.57947254
0.27316505	0.67449445	-0.36796102	0.5788289
0.2739262	0.6741178	-0.36882952	0.5783549
0.2746835	0.6735818	-0.36972505	0.57804847
0.275383	0.67304343	-0.37069285	0.5777228
0.2760144	0.67255676	-0.37168917	0.57734805
0.2766062	0.67212	-0.37269583	0.57692426
0.2772034	0.6717008	-0.37370512	0.57647276
0.27783927	0.67128617	-0.37468576	0.57601285
0.27843437	0.67089736	-0.3755087	0.5756425
0.2790554	0.6704676	-0.37631917	0.5753132
0.27970204	0.66999424	-0.37711748	0.5750278
0.280373	0.6694973	-0.37788662	0.57477474
0.28102213	0.66903764	-0.37859386	0.5745275
0.28164434	0.6686226	-0.3792505	0.574273
0.28226992	0.6682431	-0.37988928	0.57398516
0.28288656	0.6678827	-0.38052243	0.57368165
0.28349477	0.66750515	-0.3811729	0.57338893
0.28415814	0.6670374	-0.38192958	0.5731013
0.284732	0.66659933	-0.38263178	0.5728578
0.2853553	0.666117	-0.38346407	0.5725521
0.28599393	0.6656349	-0.3843471	0.5722019
0.2866733	0.6651604	-0.3853007	0.5717723
0.28742495	0.6646645	-0.38629386	0.5713013
0.28819776	0.6642245	-0.38732392	0.5707259
0.2890427	0.6637938	-0.3883737	0.57008606
0.2899877	0.6633128	-0.3894636	0.569422
0.29092386	0.66279274	-0.39049736	0.5688419
0.29190576	0.6622024	-0.39157188	0.5682874
0.29287475	0.66156614	-0.39267695	0.5677671
0.29369566	0.6610127	-0.39362106	0.56733364
0.29446658	0.660482	-0.39461023	0.5668648
0.29518494	0.6600137	-0.39560732	0.5663415
0.29590613	0.6595996	-0.39664847	0.56571907
0.29662997	0.65923566	-0.39769372	0.56502986
0.29747468	0.6588226	-0.3988901	0.56422365
0.29815885	0.65845746	-0.39985284	0.563607
0.2989211	0.65801114	-0.40097848	0.5629244
0.29966408	0.6575214	-0.40214434	0.5622694
0.3003594	0.6569659	-0.40327325	0.56173915
0.30103013	0.6563519	-0.40444234	0.56125706
0.30164286	0.65571976	-0.405613	0.5608221
0.30224514	0.6550619	-0.40680617	0.56040215
0.3027513	0.6545219	-0.40786192	0.5599924
0.3032333	0.6540282	-0.408963	0.5595052
0.30365953	0.6535982	-0.4100562	0.5589761
0.30402967	0.65322226	-0.4110848	0.55845857
0.30441743	0.65280926	-0.41214436	0.5579491
0.30498224	0.65215546	-0.41346294	0.5574295
0.30501485	0.6521524	-0.41343576	0.5574352
0.30578834	0.6512212	-0.41493607	0.5569851
0.30626482	0.65068823	-0.41579917	0.55670255
0.30674192	0.6502049	-0.41662675	0.5563858
0.3072357	0.64974535	-0.4174874	0.55600506
0.30776778	0.6492832	-0.41834733	0.55560416
0.30832854	0.6488473	-0.41920602	0.55515504
0.30889335	0.6484235	-0.42003003	0.5547132
0.30950797	0.6479437	-0.4209236	0.55425376
0.31016946	0.6474556	-0.42190427	0.5537085
0.31081015	0.6470112	-0.4228478	0.5531485
0.31145832	0.6465943	-0.4238299	0.55251956
0.31208852	0.64623046	-0.4248139	0.5518334
0.31274617	0.6458747	-0.42586505	0.5510668
0.31343076	0.64548826	-0.4269694	0.5502756
0.31401974	0.6451188	-0.42796075	0.5496025
0.3146213	0.6447132	-0.42905793	0.5488786
0.31518173	0.6443237	-0.43013507	0.548171
0.31566948	0.6439734	-0.43117127	0.54748744
0.3162446	0.64356935	-0.43255284	0.5465399
0.3162869	0.64355165	-0.4325171	0.5465646
0.31687874	0.6431345	-0.43418017	0.54539305
0.31726396	0.6428792	-0.4351339	0.5447095
0.31767213	0.64263994	-0.43604857	0.544022
0.31813422	0.6424206	-0.4369506	0.5432868
0.31861946	0.6422264	-0.43781006	0.5425396
0.319097	0.642025	-0.43862978	0.5418349
0.31953958	0.64185286	-0.43944177	0.54111964
0.31995487	0.6416903	-0.4402066	0.5404448
0.32034582	0.6415158	-0.440966	0.5398009
0.32067874	0.64134634	-0.4417817	0.5391373
0.32097715	0.64116997	-0.44261888	0.5384825
0.3212354	0.6410459	-0.44347057	0.537775
0.3214899	0.64099944	-0.44431493	0.53698057
0.32178828	0.6410529	-0.4451364	0.5360571
0.32213444	0.6411986	-0.44595608	0.5349926
0.32254803	0.64141697	-0.44674608	0.5338211
0.32296357	0.6416751	-0.44761607	0.5325294
0.32341066	0.641921	-0.44858122	0.5311477
0.3238199	0.6421598	-0.44958186	0.52976197
0.3241927	0.6424111	-0.4506389	0.5283291
0.32450905	0.6426982	-0.4516737	0.52690023
0.32479605	0.64305186	-0.45272642	0.5253862
0.3250564	0.6434773	-0.453711	0.5238527
0.32527432	0.6439539	-0.45455104	0.5224015
0.32565698	0.6450092	-0.4559117	0.5196683
0.32570195	0.64497477	-0.45587483	0.51971525
0.32587314	0.6456917	-0.45654964	0.5181229
0.32596058	0.64619064	-0.4569999	0.51704776
0.32602316	0.64649445	-0.45726246	0.51639616
0.32606062	0.64688414	-0.45759296	0.51559114
0.3260665	0.64735746	-0.45795122	0.5146743
0.32604384	0.6479117	-0.4583178	0.51366407
0.32599935	0.64856	-0.45868587	0.5125443
0.32593575	0.6493071	-0.4590298	0.5113296
0.32587397	0.65007436	-0.4593058	0.5101448
0.32579303	0.65086126	-0.45955062	0.50897133
0.32569358	0.65161824	-0.45980123	0.5078387
0.32565403	0.65248346	-0.46015993	0.50642633
0.32566473	0.6524842	-0.46015197	0.5064259
0.32566476	0.65335304	-0.46057588	0.504918
0.32569617	0.65390885	-0.46087202	0.503907
0.3257483	0.6544912	-0.46118674	0.50282806
0.3258229	0.6551996	-0.46144062	0.50162286
0.3258403	0.6560653	-0.46163476	0.50029975
0.32582656	0.657009	-0.46178338	0.49893132
0.32566544	0.6581369	-0.46193007	0.49741188
0.32553875	0.6588016	-0.46200812	0.49654153
0.32536262	0.6594929	-0.4620786	0.49567288
0.32514095	0.6602028	-0.46212712	0.49482754
0.32487494	0.66097534	-0.46214294	0.49395543
0.32457304	0.6618262	-0.46213144	0.4930243
0.32427287	0.6626896	-0.4621143	0.4920773
0.3240004	0.66349995	-0.4621098	0.4911682
0.3237364	0.66429293	-0.46213612	0.4902447
0.32348093	0.6650197	-0.46221322	0.48935458
0.32325974	0.66566354	-0.4623251	0.48851895
0.32308435	0.6661738	-0.46248776	0.48778495
0.322943	0.6666096	-0.46269932	0.4870821
0.32282853	0.6670233	-0.46292353	0.48637804
0.3226311	0.6678335	-0.46345195	0.48489168
0.32263982	0.66783	-0.46344563	0.48489672
0.3225566	0.6682533	-0.46373615	0.48409045
0.3224827	0.668649	-0.4640047	0.4833353
0.32238853	0.66908824	-0.46431056	0.482496
0.32226962	0.6695743	-0.46467316	0.48155105
0.32212213	0.6701175	-0.4651069	0.4804743
0.32197237	0.6707232	-0.46562257	0.47922847
0.321844	0.6714025	-0.4662178	0.47778255
0.32177925	0.67198235	-0.4667186	0.4765203
0.32170743	0.67260087	-0.46722478	0.47519845
0.32174224	0.6731549	-0.46756244	0.4740568
0.32178062	0.6736611	-0.4678419	0.47303483
0.32180747	0.67412394	-0.46809408	0.4721068
0.32182208	0.67457426	-0.46839717	0.4711522
0.32180393	0.67506063	-0.46874362	0.47012222
0.32176465	0.6755741	-0.46914643	0.46900836
0.32171372	0.67612034	-0.46965498	0.46774554
0.32164702	0.67661804	-0.47017214	0.4665507
0.32158428	0.6771335	-0.47070557	0.4653064
0.32152334	0.6776349	-0.4711364	0.46418136
0.32146475	0.67810017	-0.4714549	0.46321797
0.32138807	0.67850846	-0.4716951	0.4624281
0.32123625	0.67887455	-0.47187805	0.46180934
0.3209841	0.67926276	-0.4720268	0.46126133
0.32073277	0.67956895	-0.47215813	0.46085057
0.32042396	0.6799106	-0.47234857	0.46036625
0.32007712	0.6802954	-0.47259778	0.45978275
0.3196642	0.68077415	-0.47293282	0.4590162
0.31929734	0.6812302	-0.47327456	0.45824218
0.3188896	0.6817713	-0.47369245	0.45728856
0.3184883	0.68236727	-0.47413024	0.45622432
0.31816623	0.6828482	-0.47448123	0.45536393
0.3178474	0.68334544	-0.47482187	0.45448458
0.31756195	0.6838264	-0.4751204	0.45364815
0.31739742	0.68422085	-0.4752967	0.45298323
0.31721252	0.6846291	-0.4754673	0.4523163
0.3171048	0.6849841	-0.47557756	0.45173812
0.3170182	0.68539923	-0.47569844	0.45104155
0.31693524	0.6858283	-0.47584403	0.45029324
0.3168005	0.6863978	-0.47598156	0.4493743
0.3166277	0.68705773	-0.4760746	0.44838783
0.3164097	0.6877899	-0.47610518	0.44738564
0.31610134	0.68859494	-0.47609064	0.4463795
0.31579596	0.68947244	-0.47597787	0.44536027
0.31558627	0.69016826	-0.47582102	0.44459826
0.31540874	0.690842	-0.47560877	0.44390422
0.3152615	0.6914452	-0.47538748	0.4433064
0.3151117	0.69199884	-0.47518393	0.44276682
0.3149437	0.69253904	-0.47501606	0.44222155
0.31474957	0.6930915	-0.47488675	0.44163272
0.31450415	0.6936806	-0.47479483	0.4409812
0.31427708	0.69426364	-0.47472414	0.44030097
0.31405908	0.6948535	-0.47467375	0.43957978
0.31383222	0.69547105	-0.47461066	0.43883285
0.31361437	0.69608724	-0.4744835	0.43814853
0.31341067	0.69664544	-0.4743048	0.43760023
0.31318048	0.6972087	-0.47407076	0.43712136
0.31294972	0.6977343	-0.47381315	0.436727
0.31266537	0.69831765	-0.47353393	0.43630087
0.3123715	0.69892657	-0.47327796	0.43581396
0.31205416	0.69963837	-0.47305596	0.43513966
0.311789	0.7003937	-0.4728919	0.43429217
0.31158075	0.7011732	-0.47281045	0.43327132
0.31148043	0.7019679	-0.47281352	0.43205148
0.31142417	0.7025091	-0.47281632	0.43120843
0.31136602	0.703093	-0.47283244	0.43028006
0.3112002	0.7036032	-0.4728153	0.42958435
0.31095237	0.7040925	-0.4728153	0.4289617
0.31064624	0.70454353	-0.47285664	0.42839703
0.31029695	0.7050195	-0.4729331	0.42778242
0.30996418	0.70553035	-0.47301957	0.42708513
0.30965587	0.70612603	-0.47307247	0.4262649
0.30933818	0.706837	-0.47306117	0.42532876
0.3089707	0.7076631	-0.47299033	0.42429978
0.30863586	0.7084149	-0.47286573	0.42342693
0.3082534	0.7091761	-0.4726736	0.42264503
0.30783072	0.70988303	-0.47244146	0.4220254
0.30739084	0.7105438	-0.47219774	0.42150658
0.3069333	0.7112156	-0.4719542	0.42097926
0.30648556	0.7119043	-0.47173372	0.4203882
0.3060277	0.7126568	-0.47153333	0.41967085
0.30558	0.7134626	-0.4713381	0.4188467
0.3051961	0.7141821	-0.47118673	0.41806996
0.30481228	0.7148603	-0.47108713	0.4173024
0.30440667	0.7155317	-0.47102264	0.41651967
0.30398327	0.7161724	-0.47098473	0.41577008
0.30358937	0.7167405	-0.4709498	0.41511813
0.3032354	0.7172575	-0.47090504	0.4145341
0.30293104	0.7177081	-0.47085756	0.41403025
0.3026655	0.7181188	-0.4707962	0.413582
0.3023609	0.718582	-0.47068265	0.41312918
0.30207235	0.71902144	-0.47057417	0.41269892
0.30178115	0.71952116	-0.47042832	0.41220722
0.30145752	0.7200565	-0.47027108	0.41168833
0.30110818	0.72062796	-0.47012797	0.41110712
0.30074385	0.7212657	-0.47004226	0.41035283
0.30036908	0.72198695	-0.4699631	0.4094484
0.30039325	0.72200906	-0.4699476	0.40940943
0.30006862	0.7229307	-0.46973842	0.40825963
0.29991043	0.7234675	-0.46958014	0.40760648
0.2997462	0.7240116	-0.46937364	0.40699852
0.29953483	0.72458905	-0.4691224	0.40641582
0.29927212	0.7251791	-0.46883062	0.40589336
0.2989518	0.7257897	-0.46850646	0.40541184
0.2986632	0.72629076	-0.4682417	0.40503305
0.29831618	0.72687083	-0.4679435	0.40459263
0.29796407	0.727458	-0.46767372	0.4041084
0.2975969	0.72809494	-0.46741244	0.4035337
0.29726887	0.7286974	-0.46718904	0.40294626
0.2969521	0.7293012	-0.46698543	0.40232304
0.29660812	0.72994214	-0.46679145	0.40163907
0.29625177	0.730574	-0.46659353	0.4009826
0.2958599	0.73122466	-0.4663731	0.400342
0.29545173	0.7318648	-0.46612775	0.39975888
0.294975	0.7325041	-0.4658713	0.3992386
0.29441807	0.7331643	-0.46556798	0.39879146
0.29380736	0.7338309	-0.46522236	0.39841884
0.29307073	0.7345702	-0.46482244	0.3980658
0.29241544	0.7352273	-0.46441165	0.39781386
0.29169583	0.7359281	-0.46394813	0.39758718
0.29095984	0.7366167	-0.4634692	0.39740998
0.2902409	0.73729473	-0.46299055	0.39723614
0.28956643	0.73798877	-0.46247056	0.39704522
0.288953	0.7386428	-0.46201017	0.39681175
0.28830394	0.73937714	-0.46151063	0.39649767
0.28774118	0.74005073	-0.4610661	0.39616668
0.28721017	0.74070936	-0.4606612	0.39579204
0.2867417	0.74131125	-0.460321	0.3954004
0.28631046	0.7419077	-0.45999497	0.3949735
0.2859814	0.74243736	-0.45969725	0.39456287
0.28571954	0.74295604	-0.45938239	0.39414284
0.2854771	0.7434567	-0.4590593	0.39375076
0.28519893	0.74397564	-0.45872426	0.39336237
0.28487217	0.7444205	-0.45840898	0.393125
0.28449973	0.744808	-0.45811576	0.39300245
0.28407103	0.74519074	-0.45783588	0.3929132
0.2835933	0.74560994	-0.4575793	0.39276177
0.28311732	0.74607533	-0.4573263	0.39251605
0.2826903	0.7465736	-0.4570686	0.39217645
0.28230888	0.7471161	-0.45679396	0.39173797
0.28193676	0.74771976	-0.45644778	0.39125735
0.28159449	0.7482771	-0.4560893	0.39085606
0.2812366	0.7488384	-0.45563835	0.39056453
0.28085405	0.7493406	-0.45516494	0.39042875
0.28042245	0.74979866	-0.45468542	0.39041832
0.2799475	0.7502259	-0.45421672	0.39048412
0.27946353	0.75059766	-0.45380896	0.39059055
0.27899745	0.7509264	-0.45344085	0.39071944
0.27864078	0.7512399	-0.45304945	0.39082485
0.27833733	0.7515339	-0.452676	0.3909087
0.27806857	0.75194085	-0.45225805	0.3908014
0.27778062	0.75240636	-0.45182133	0.39061508
0.2774736	0.75289553	-0.45139414	0.3903847
0.27713034	0.75339615	-0.45096317	0.3901606
0.27643508	0.75430095	-0.45014045	0.3898559
0.27606302	0.75472265	-0.44972664	0.3897805
0.2756863	0.7551521	-0.4492755	0.3897361
0.2753281	0.7555455	-0.44883665	0.38973206
0.2749415	0.75594866	-0.44836164	0.38976973
0.2744988	0.7563817	-0.44786534	0.38981262
0.27403235	0.7568151	-0.44742036	0.38981074
0.2734984	0.75731045	-0.44695687	0.38975513
0.27293688	0.7578252	-0.44650918	0.3896614
0.2723983	0.7583344	-0.4460775	0.38954207
0.27196553	0.75880295	-0.44567713	0.38939044
0.27162603	0.7592669	-0.44525552	0.3892054
0.27136487	0.7597267	-0.4448288	0.38897792
0.27118722	0.76010656	-0.44448107	0.38875744
0.27101243	0.7604934	-0.4441384	0.38851413
0.27081427	0.7608486	-0.44383442	0.38830426
0.27055618	0.76119435	-0.44355768	0.38812256
0.27020776	0.7615565	-0.44328487	0.38796663
0.26977205	0.7619457	-0.4429791	0.38785484
0.2692792	0.76235086	-0.44262576	0.38780445
0.26881918	0.7627289	-0.44226068	0.38779673
0.2683834	0.76309276	-0.4418741	0.38782352
0.26799768	0.7634222	-0.44149145	0.38787788
0.267691	0.7637425	-0.4411631	0.38783252
0.26740438	0.7640798	-0.44084406	0.38772863
0.26705176	0.76451427	-0.4404761	0.3875335
0.26670423	0.7649475	-0.44014704	0.3872917
0.26632935	0.76538444	-0.4398659	0.38700572
0.26595074	0.76578665	-0.43962726	0.3867417
0.2655994	0.7661402	-0.43939078	0.38655138
0.2652314	0.76647925	-0.43911636	0.38644394
0.26486465	0.7667986	-0.43877685	0.38644737
0.2645236	0.7670676	-0.43845427	0.38651317
0.2641401	0.76735497	-0.43809727	0.38660994
0.2637431	0.76766163	-0.43773416	0.38668346
0.2633736	0.7679623	-0.43741038	0.38670456
0.2630002	0.768275	-0.43708932	0.38670063
0.26263896	0.7685794	-0.43677047	0.38670155
0.26186973	0.76928204	-0.4359719	0.38672718
0.26143238	0.76972646	-0.4354208	0.38675997
0.26101202	0.77017564	-0.43483558	0.38680774
0.26057434	0.7706496	-0.43422237	0.38684782
0.26012945	0.7711403	-0.43360955	0.38685676
0.25964534	0.7716532	-0.43300793	0.3868331
0.2591756	0.77216643	-0.43239206	0.38681263
0.25866765	0.77270544	-0.43177417	0.3867667
0.2581275	0.77326345	-0.43113896	0.3867208
0.25760275	0.77380943	-0.43048006	0.38671267
0.25710216	0.7743245	-0.42983752	0.38672963
0.25659183	0.7748506	-0.42918575	0.38673875
0.25607163	0.77535254	-0.42860687	0.38671958
0.25553313	0.7758249	-0.42801437	0.38678455
0.254947	0.77627444	-0.42741454	0.38693264
0.25434244	0.7767225	-0.42676455	0.38714886
0.25370404	0.77720535	-0.4260179	0.3874208
0.2531154	0.7776838	-0.42525503	0.3876838
0.2525345	0.7781818	-0.42443916	0.3879573
0.25192937	0.778756	-0.4235161	0.38820714
0.25135452	0.7793188	-0.4226021	0.3884465
0.25077394	0.77992237	-0.42166546	0.38862813
0.25001174	0.78075296	-0.42044282	0.38877636
0.25001782	0.7807587	-0.42043912	0.3887646
0.24913046	0.7817075	-0.41913342	0.3888376
0.2485691	0.7822716	-0.41836146	0.3888936
0.24792837	0.78284967	-0.41751114	0.3890533
0.24792871	0.7828519	-0.41751078	0.38904902
0.24705933	0.7834635	-0.4164319	0.38952684
0.24655177	0.7838034	-0.41581988	0.38981843
0.24605256	0.784139	-0.41523242	0.39008492
0.24554628	0.78449935	-0.4146294	0.39032072
0.24503633	0.78490335	-0.41400355	0.3904934
0.24463198	0.785272	-0.41348305	0.39055705
0.24422726	0.7856892	-0.4129417	0.39054424
0.24381007	0.786147	-0.41240394	0.39045173
0.24340361	0.7865751	-0.41191494	0.39035952
0.24299197	0.7869462	-0.41149783	0.390308
0.24254107	0.78725654	-0.41115645	0.3903223
0.24145548	0.7877063	-0.41061378	0.3906587
0.24141215	0.78769153	-0.4106374	0.3906908
0.24081615	0.7879274	-0.41027707	0.39096132
0.2400834	0.78824496	-0.40975115	0.39132342
0.23936479	0.78858304	-0.40916884	0.3916915
0.2385677	0.7890131	-0.40842074	0.39209226
0.23780118	0.7894826	-0.4076111	0.39245513
0.23701806	0.7900177	-0.40669805	0.392799
0.23628193	0.7905584	-0.40578696	0.39309692
0.23559676	0.7910647	-0.40492317	0.3933805
0.2349783	0.7915007	-0.40415415	0.39366433
0.23444323	0.79186344	-0.4035111	0.39391297
0.23322742	0.792732	-0.402114	0.39431626
0.2332147	0.7927371	-0.40212023	0.39430702
0.23251991	0.79328525	-0.40132245	0.39442807
0.23208107	0.7936253	-0.40084064	0.39449236
0.23151666	0.79403055	-0.40023348	0.39462486
0.23145555	0.7940353	-0.40026468	0.39461952
0.23084192	0.79440504	-0.39971116	0.39479584
0.23011865	0.79480946	-0.39905277	0.39507
0.22959577	0.7950926	-0.39855957	0.39530212
0.22905545	0.7954104	-0.39795968	0.39558065
0.22847602	0.7958012	-0.3972296	0.39586356
0.22787704	0.7962437	-0.396408	0.39614254
0.22722645	0.79670155	-0.39549062	0.39651236
0.22663096	0.7971173	-0.39464027	0.3968646
0.22602999	0.797549	-0.39374754	0.3972265
0.22549304	0.79792947	-0.39295903	0.39754823
0.22495271	0.7982778	-0.39226505	0.39784038
0.22446911	0.79861724	-0.39162222	0.3980657
0.22403128	0.79893625	-0.39102864	0.39825556
0.2236116	0.7992358	-0.39046565	0.39844254
0.2230947	0.79958016	-0.38979477	0.39869848
0.22308484	0.79958767	-0.38979942	0.39868432
0.22233187	0.80007386	-0.38884363	0.39906257
0.22129403	0.80076057	-0.38755986	0.39951074
0.2205455	0.8012673	-0.38664627	0.39979386
0.21976659	0.80179965	-0.38562858	0.4001383
0.21898822	0.8023388	-0.38453987	0.40053216
0.21750416	0.8033721	-0.3822988	0.40141368
0.21669108	0.8039051	-0.38111043	0.40191594
0.21589954	0.8043901	-0.38003838	0.40238655
0.21511243	0.80482423	-0.37906685	0.4028562
0.21421045	0.80526155	-0.37805444	0.4034139
0.21333821	0.8056331	-0.37716916	0.4039624
0.2124455	0.80597264	-0.37630722	0.40455922
0.21173854	0.8062207	-0.37563458	0.4050602
0.21108086	0.80644387	-0.3749734	0.4055713
0.21057422	0.80661756	-0.3743905	0.40602753
0.21012115	0.80678934	-0.37379652	0.40646806
0.2097615	0.80696476	-0.37327355	0.40678617
0.20940098	0.8071744	-0.37273395	0.4070505
0.20899738	0.8074091	-0.3721523	0.4073247
0.20856386	0.8076125	-0.37157226	0.40767315
0.20815305	0.8077964	-0.3710577	0.40798733
0.20768245	0.8080273	-0.37042576	0.4083437
0.20719056	0.80829346	-0.36972347	0.40870318
0.20670518	0.8085701	-0.36898062	0.40907297
0.20618145	0.8088933	-0.36815378	0.40944308
0.20563245	0.8092506	-0.36728105	0.4097967
0.20505567	0.8096202	-0.36639273	0.41015092
0.20442975	0.8100013	-0.36545792	0.41054478
0.20377474	0.8103744	-0.3645328	0.41095638
0.20309222	0.81072915	-0.36365545	0.4113716
0.20208578	0.81122094	-0.36243823	0.41197148
0.20208062	0.8112176	-0.36244103	0.4119782
0.20119591	0.81166613	-0.36132976	0.41250342
0.20073181	0.8119093	-0.3607021	0.41280022
0.2003864	0.81214476	-0.36012372	0.41300988
0.20012914	0.81238276	-0.35959372	0.41312808
0.19989468	0.81264466	-0.35905454	0.41319573
0.19963485	0.8129261	-0.35846883	0.4132764
0.19908118	0.81341106	-0.3573856	0.41352728
0.1986677	0.8135923	-0.35687825	0.41380742
0.19818151	0.8137429	-0.35638312	0.41417092
0.19773954	0.81382537	-0.35602185	0.41453078
0.19726506	0.8138922	-0.3556671	0.41493016
0.19674824	0.81398636	-0.35524476	0.41535228
0.19629918	0.8140616	-0.35494396	0.41567442
0.19583715	0.81416386	-0.35448176	0.41608614
0.19541375	0.81429124	-0.3539201	0.41651386
0.19505896	0.8143929	-0.3533848	0.41693568
0.19470526	0.81449705	-0.35277933	0.41741025
0.19443542	0.8145055	-0.3521669	0.41803613
0.19423236	0.8144081	-0.35170892	0.41870543
0.19404249	0.8142474	-0.35132453	0.41942787
0.19382504	0.81411594	-0.3508649	0.42016783
0.1935897	0.81402314	-0.35031423	0.4209149
0.19335626	0.81397456	-0.34995192	0.42141718
0.19308871	0.81390953	-0.34955108	0.42199767
0.19279018	0.8138427	-0.34911752	0.42262134
0.19206558	0.81375253	-0.3483182	0.42378315
0.19159673	0.8136929	-0.34790504	0.42444852
0.19114006	0.81361175	-0.34749776	0.42514315
0.19071577	0.81352395	-0.34706858	0.4258518
0.19033816	0.81347483	-0.34660473	0.42649186
0.19001603	0.81347656	-0.34610456	0.42703807
0.18975359	0.81350154	-0.34558335	0.427529
0.18954727	0.8135163	-0.34509635	0.4279855
0.18934488	0.81351644	-0.3445832	0.42848822
0.18911958	0.8135173	-0.344046	0.42901754
0.18888937	0.8135142	-0.34349766	0.42956388
0.18869248	0.8134667	-0.3429391	0.43018585
0.18848161	0.8134059	-0.3423532	0.43085942
0.18832928	0.8133321	-0.34182104	0.43148735
0.188202	0.8132764	-0.34123138	0.43211412
0.18808722	0.81327903	-0.34058535	0.4326685
0.18796922	0.81334054	-0.3398743	0.43316308
0.18783149	0.8133833	-0.33915138	0.43370897
0.18770602	0.8133893	-0.33849627	0.43426317
0.18741176	0.8133299	-0.33709	0.43559372
0.18727294	0.8132901	-0.33639514	0.4362642
0.18717374	0.813258	-0.3357073	0.43689588
0.18708502	0.8132641	-0.33506373	0.4374165
0.18698318	0.81330097	-0.3343655	0.43792525
0.18685801	0.8133385	-0.33366016	0.4384467
0.1866853	0.8133634	-0.33296502	0.43900216
0.18646072	0.81335807	-0.3323089	0.43960416
0.18621688	0.81330544	-0.33175465	0.44022313
0.18597086	0.8131695	-0.33128354	0.44093242
0.18575588	0.8129627	-0.3309326	0.4416674
0.18555395	0.81260383	-0.33055404	0.44269484
0.185498	0.8126257	-0.33058447	0.44265568
0.1854739	0.8121324	-0.33015123	0.4438925
0.18552582	0.8118997	-0.32990852	0.4444766
0.18564631	0.8116805	-0.32963923	0.4450262
0.1857729	0.81149024	-0.3293196	0.44555664
0.18587154	0.81133586	-0.32896626	0.44605735
0.18595707	0.8111524	-0.32862	0.44661024
0.18611947	0.8107522	-0.3279702	0.4477455
0.18616961	0.8104922	-0.32765326	0.44842687
0.1862007	0.8102203	-0.32741028	0.44908214
0.18623134	0.8099444	-0.3272137	0.44971022
0.18624556	0.8096714	-0.32700127	0.45035
0.18610223	0.8091812	-0.32646888	0.45167437
0.18599717	0.809005	-0.32625	0.4521914
0.18577676	0.80883455	-0.32593346	0.45281482
0.18554072	0.80867875	-0.3256182	0.4534163
0.1853147	0.80854666	-0.32531884	0.45395848
0.18509327	0.8084305	-0.3249839	0.4544957
0.18491448	0.80835444	-0.32467273	0.45492572
0.18471105	0.8082905	-0.324292	0.45539328
0.18447824	0.80820084	-0.32384273	0.4559662
0.18420948	0.8080892	-0.32334647	0.4566244
0.18391384	0.80796707	-0.32283404	0.45732176
0.18360041	0.80783796	-0.3223211	0.458037
0.18330148	0.8077145	-0.3218473	0.45870712
0.1830247	0.8075979	-0.32139137	0.45934212
0.18281814	0.80748606	-0.3209598	0.45992237
0.18271907	0.8073751	-0.3205768	0.46042353
0.18270548	0.80725306	-0.32021058	0.46089742
0.18275623	0.80709636	-0.31981912	0.4614231
0.18289298	0.8068983	-0.3193892	0.46201286
0.18310067	0.80663466	-0.3189184	0.4627156
0.18332388	0.80633813	-0.31846002	0.4634591
0.18352208	0.80604345	-0.31804729	0.46417648
0.18367633	0.80572814	-0.3176827	0.46491173
0.18380679	0.80536586	-0.31741026	0.46567342
0.18392994	0.80496395	-0.31721848	0.46644968
0.1840327	0.8045653	-0.3170635	0.46720174
0.18408178	0.8041932	-0.3168698	0.4679538
0.18410026	0.8038031	-0.31664947	0.46876517
0.18409751	0.80350846	-0.31646243	0.4693973
0.18410824	0.80318457	-0.31623462	0.47010055
0.1840654	0.8028464	-0.31593138	0.4708982
0.18402475	0.8025636	-0.3156579	0.47157893
0.1839805	0.8022633	-0.3153933	0.47228363
0.18394853	0.8019491	-0.3151542	0.47298884
0.18393432	0.801628	-0.31493175	0.47368634
0.18393621	0.80129254	-0.31469956	0.4744069
0.18391056	0.80096275	-0.31443283	0.4751501
0.1838686	0.8006685	-0.3141475	0.4758507
0.1838312	0.8003715	-0.3138555	0.4765567
0.18380876	0.80004764	-0.3135797	0.47729018
0.18381463	0.79967135	-0.3133354	0.47807845
0.18386379	0.79929316	-0.3131419	0.47881803
0.18395153	0.7989234	-0.3130074	0.47948912
0.18406992	0.7985361	-0.3129201	0.4801452
0.18421015	0.7981349	-0.31285864	0.48079798
0.18436964	0.7977289	-0.31280336	0.48144644
0.18456353	0.7973128	-0.31280056	0.48206273
0.18478306	0.79688406	-0.31286174	0.4826476
0.18500662	0.7964556	-0.31296557	0.48320156
0.18521798	0.7960184	-0.31307456	0.48376992
0.18540215	0.79556304	-0.31316882	0.48438722
0.18554577	0.79514676	-0.31323078	0.48497513
0.1856928	0.7947218	-0.31328943	0.48557732
0.18597382	0.7940157	-0.31337348	0.48656958
0.18597445	0.7940021	-0.31337294	0.48659185
0.18606582	0.79369706	-0.3133708	0.48705554
0.18606481	0.79330593	-0.3133409	0.48771197
0.1860257	0.79292214	-0.31335694	0.48834056
0.1859564	0.7924952	-0.31343114	0.48901176
0.18586776	0.7920282	-0.31357023	0.48971263
0.18579781	0.79157484	-0.31373826	0.49036402
0.18579468	0.7911355	-0.31392282	0.49095562
0.18586351	0.7907218	-0.3140945	0.49148604
0.18597087	0.7903412	-0.31418863	0.49199715
0.18606538	0.79000527	-0.31416717	0.49251428
0.18611181	0.78970265	-0.31403548	0.49306583
0.18609813	0.78942347	-0.31383416	0.49364585
0.18602037	0.78915215	-0.3136141	0.49424854
0.18589276	0.78888094	-0.3134282	0.49484706
0.18569466	0.7886107	-0.3132715	0.4954512
0.18544693	0.788352	-0.31314024	0.49603826
0.18519521	0.7880999	-0.3130203	0.4966082
0.18497919	0.78783554	-0.31289533	0.49718648
0.1848068	0.78755534	-0.3127709	0.49777246
0.18469864	0.7872929	-0.31263492	0.4983131
0.18464617	0.7870651	-0.31246006	0.4988017
0.18464638	0.78682405	-0.3122471	0.49931505
0.18468843	0.7866094	-0.31209955	0.4997295
0.1848025	0.7863516	-0.31199664	0.5001572
0.1849337	0.7860773	-0.31195158	0.50056785
0.1850752	0.78578365	-0.311921	0.5009956
0.18521255	0.78547776	-0.31190494	0.50143427
0.18534318	0.7851367	-0.31189656	0.5019251
0.18544705	0.78477854	-0.31186572	0.5024659
0.18547499	0.784432	-0.31180337	0.50303507
0.18535522	0.7840724	-0.3115877	0.5037728
0.1853348	0.7838913	-0.31159604	0.50405705
0.18510896	0.7835831	-0.31128708	0.50480944
0.18500292	0.7833888	-0.31112024	0.50525254
0.18494909	0.78319794	-0.3109659	0.50566316
0.18496722	0.7830052	-0.3109185	0.505984
0.18506923	0.7827714	-0.31094015	0.5062949
0.1852175	0.78255	-0.3109982	0.50654745
0.1853971	0.7823373	-0.3110583	0.50677323
0.1856008	0.7821339	-0.3111338	0.50696623
0.18582347	0.7819231	-0.31123263	0.5071492
0.1860527	0.7816928	-0.31137532	0.5073325
0.18621805	0.78148526	-0.31150904	0.50750935
0.18633208	0.7812831	-0.3116591	0.5076868
0.18632479	0.7810734	-0.3119644	0.50782454
0.18626621	0.78095734	-0.31204098	0.5079774
0.18616329	0.78088963	-0.3120841	0.5080926
0.18606699	0.7808538	-0.31209025	0.5081791
0.18599544	0.7808201	-0.31206992	0.50826967
0.18599348	0.78076226	-0.31202343	0.50838774
0.18603349	0.78069884	-0.31198767	0.50849247
0.18612197	0.78059214	-0.31200305	0.5086144
0.18627374	0.78046954	-0.3120717	0.50870484
0.18647791	0.7803449	-0.31218383	0.5087526
0.18671735	0.78022563	-0.31233737	0.50875354
0.18702719	0.78008145	-0.31253672	0.5087383
0.18740524	0.77990574	-0.31277668	0.50872105
0.1878226	0.77974486	-0.31295344	0.50870496
0.18821739	0.7795819	-0.31316254	0.5086801
0.18844472	0.7794157	-0.3132273	0.5088109
0.18848145	0.7793029	-0.31309703	0.5090502
0.18837032	0.77926755	-0.31284243	0.5093018
0.18815792	0.77931887	-0.31252572	0.5094964