0.54295933	0.100997336	-0.8264669	0.10930267
0.5429565	0.10124323	-0.8264426	0.1092734
0.5429628	0.1015032	-0.8264007	0.109317854
0.5429784	0.101730414	-0.82635236	0.10939504
0.54295623	0.10189851	-0.826338	0.10945767
0.5428766	0.10201379	-0.8263734	0.1094775
0.5427895	0.10208528	-0.82642454	0.1094564
0.5426993	0.102134034	-0.8264854	0.1093984
0.5425907	0.10217609	-0.82656366	0.10930669
0.5424691	0.10226162	-0.82664615	0.10920654
0.542337	0.102403365	-0.826726	0.10912545
0.5422211	0.10254886	-0.8267888	0.10908938
0.5421378	0.1026545	-0.8268271	0.109113514
0.5421093	0.1027091	-0.8268301	0.10918076
0.5420976	0.1027253	-0.82682425	0.10926767
0.54206043	0.10274248	-0.8268368	0.10934079
0.54206556	0.10277796	-0.82682145	0.1093987
0.5421274	0.10282784	-0.82676834	0.109447226
0.5421855	0.102890275	-0.8267174	0.109484546
0.5422128	0.102986865	-0.8266839	0.109511696
0.5422512	0.10314044	-0.8266303	0.109582245
0.54227364	0.103339665	-0.8265747	0.10970201
0.54227364	0.10360094	-0.82651734	0.109887265
0.5422828	0.1038537	-0.8264502	0.11010822
0.54233015	0.10408745	-0.8263542	0.110375665
0.5423943	0.104207136	-0.8262649	0.11061412
0.5424086	0.10432047	-0.826214	0.11081738
0.5424095	0.10437772	-0.82619965	0.110866226
0.5424109	0.104413584	-0.82619953	0.11082617
0.54241306	0.104395874	-0.82621276	0.110734224
0.54244363	0.104302995	-0.82622075	0.11061247
0.5424368	0.10420933	-0.8262515	0.110504694
0.54239494	0.10414914	-0.82630175	0.11039059
0.54234815	0.104131244	-0.8263564	0.110228635
0.5423083	0.10415361	-0.8264009	0.11007023
0.5422441	0.104209304	-0.8264602	0.1098877
0.54216653	0.10432078	-0.82652014	0.10971408
0.5420872	0.10450119	-0.82656807	0.10957386
0.5419995	0.104724586	-0.8266081	0.10949225
0.54188645	0.10499806	-0.82664853	0.109484136
0.541783	0.10523556	-0.82667845	0.10954142
0.5416892	0.10542426	-0.82670456	0.10962674
0.54155964	0.10567933	-0.8267434	0.10972864
0.54147846	0.10582978	-0.8267701	0.10978326
0.5414183	0.10592554	-0.82679313	0.10981405
0.5414151	0.10594052	-0.826791	0.109831534
0.5414615	0.105907254	-0.8267643	0.10983549
0.5415117	0.10595821	-0.826725	0.10983568
0.5414239	0.106047295	-0.8267742	0.109811224
0.5412958	0.106184795	-0.8268448	0.109779365
0.54117376	0.10636145	-0.8269037	0.10976584
0.54103047	0.10656939	-0.8269658	0.109803036
0.5411289	0.10680681	-0.8268377	0.11005103
0.5412447	0.10692987	-0.82671624	0.11027439
0.5413499	0.10701997	-0.8266075	0.11048553
0.54148734	0.1070998	-0.82647854	0.11069888
0.5416183	0.107166015	-0.8263619	0.110865444
0.54171145	0.107210696	-0.82628286	0.110956036
0.54173744	0.10724049	-0.8262593	0.110975824
0.5417029	0.10725782	-0.8262851	0.1109364
0.54163533	0.10726934	-0.8263375	0.11086419
0.5415803	0.10727123	-0.82638323	0.11079057
0.5415501	0.10727802	-0.82641083	0.110726014
0.54156137	0.10729725	-0.82640725	0.11067807
0.5415793	0.107321136	-0.8263927	0.110676825
0.5416202	0.1073993	-0.8263536	0.11069251
0.54169464	0.10755696	-0.82627773	0.110740416
0.5417924	0.1077794	-0.8261713	0.11084087
0.54185104	0.10808303	-0.8260764	0.11096594
0.54188	0.108431466	-0.82599527	0.11108886
0.54190016	0.108787686	-0.8259147	0.11124043
0.5419049	0.109107554	-0.82584536	0.1114191
0.5418976	0.10934767	-0.82579285	0.1116086
0.541905	0.10952673	-0.8257394	0.11179174
0.5419119	0.10969202	-0.8256888	0.11196935
0.5418958	0.10985619	-0.8256566	0.11212399
0.54185814	0.11005917	-0.8256356	0.112261675
0.5418065	0.11030983	-0.82562023	0.11237812
0.5417319	0.1106202	-0.82561326	0.112484045
0.5416327	0.11101971	-0.82560307	0.11264231
0.54154897	0.11128954	-0.8256018	0.11278737
0.54149306	0.111528374	-0.8255827	0.11296027
0.54141325	0.111800015	-0.8255695	0.11316993
0.54141283	0.11179634	-0.8255695	0.11317545
0.54137206	0.11215151	-0.8255147	0.11341857
0.5413275	0.112383075	-0.82549363	0.11355573
0.54121876	0.112650625	-0.8255096	0.11369281
0.54108226	0.112949796	-0.82554036	0.1138225
0.54092443	0.11327512	-0.8255782	0.11397413
0.5407598	0.11363603	-0.8256124	0.11414864
0.5406418	0.113964856	-0.82562417	0.11429506
0.5405342	0.114338495	-0.8256228	0.11443992
0.5404256	0.114757285	-0.82561916	0.1145605
0.54031616	0.11519627	-0.8256179	0.114644594
0.54021114	0.1156789	-0.8256093	0.11471592
0.5401625	0.11603118	-0.82558846	0.114738934
0.5401611	0.11637727	-0.82553655	0.114768855
0.5401475	0.11670363	-0.8254914	0.114825
0.5401079	0.11706123	-0.8254533	0.11492209
0.5400546	0.11749468	-0.8254019	0.11509894
0.53998595	0.11796771	-0.825342	0.11536626
0.5399059	0.11848031	-0.8252713	0.11572131
0.5398291	0.119022354	-0.82518435	0.11614238
0.5397711	0.119551554	-0.82508385	0.11658198
0.5397176	0.12008913	-0.82498044	0.11700829
0.5396617	0.12066067	-0.8248805	0.117382415
0.5395835	0.12127852	-0.82479423	0.11771067
0.53946584	0.12191069	-0.8247397	0.117978886
0.5393164	0.12256785	-0.8247082	0.118200995
0.5392302	0.123245195	-0.8246177	0.11852062
0.53919506	0.12397833	-0.82446986	0.118943796
0.53918874	0.12476914	-0.8242789	0.119467966
0.5391896	0.12555526	-0.8240771	0.12003099
0.53917134	0.12643097	-0.82386124	0.12067368
0.53911936	0.12722008	-0.8236908	0.12123942
0.53902876	0.1280133	-0.8235474	0.121779524
0.5389133	0.12880322	-0.82342684	0.1222728
0.5387872	0.12955752	-0.8233245	0.12271967
0.5386718	0.13027254	-0.82322705	0.12312191
0.5385513	0.13098012	-0.8231396	0.12348221
0.5384331	0.13167281	-0.82305676	0.123813376
0.53834015	0.13239545	-0.8229489	0.12416402
0.5382805	0.13338822	-0.8227483	0.12468783
0.53826225	0.13340785	-0.8227617	0.12465694
0.53826267	0.13476479	-0.82240325	0.1255584
0.538252	0.13560975	-0.8221845	0.12612525
0.5382054	0.13649398	-0.8219748	0.12673464
0.5381015	0.13739602	-0.8217931	0.12737861
0.5379649	0.13835095	-0.8216138	0.1280768
0.53787124	0.13929254	-0.82139844	0.12882836
0.5377094	0.14110431	-0.82095927	0.13032296
0.5376657	0.14197446	-0.8207251	0.1310311
0.5376127	0.14288872	-0.8204804	0.13178544
0.5375546	0.14358914	-0.82030153	0.13237354
0.5375137	0.14421174	-0.82013947	0.13286589
0.53740686	0.14485152	-0.82001424	0.13337386
0.5373057	0.14548013	-0.8198851	0.1338902
0.53727674	0.1460963	-0.8197052	0.13443598
0.5373111	0.14667499	-0.8194945	0.13495286
0.53735006	0.14717199	-0.81930846	0.13538516
0.537369	0.14765818	-0.8191386	0.13580766
0.53736776	0.14816605	-0.81897664	0.13623546
0.5373971	0.14814636	-0.8189557	0.13626711
0.5372958	0.14903449	-0.8187438	0.13696924
0.53721553	0.14958961	-0.81861997	0.13741866
0.5371022	0.1502031	-0.818499	0.1379117
0.5370003	0.15084045	-0.8183639	0.13841426
0.5368967	0.15150756	-0.8182235	0.13891658
0.53681654	0.15218556	-0.8180645	0.13942127
0.5367653	0.15273602	-0.8179256	0.13983066
0.5367164	0.15327865	-0.8177844	0.14024962
0.53665453	0.15399246	-0.81759286	0.14081942
0.53666043	0.15395693	-0.8175864	0.14087322
0.5365054	0.155033	-0.8173262	0.14179128
0.53635085	0.15573303	-0.8171861	0.14241451
0.53617245	0.1564317	-0.81706065	0.14303921
0.5360044	0.15718092	-0.8169102	0.14370492
0.5358687	0.15793602	-0.81673044	0.14440414
0.53578985	0.15868114	-0.8165036	0.14516002
0.53575647	0.15941638	-0.8162376	0.14597148
0.53573596	0.16014858	-0.81595695	0.14681228
0.53571355	0.16088954	-0.8156729	0.14765987
0.535639	0.16162866	-0.81543106	0.14845617
0.5355242	0.16240826	-0.8152187	0.14918421
0.53538483	0.16318378	-0.81502914	0.14987223
0.5351626	0.16398765	-0.81489635	0.15050913
0.5349336	0.16479394	-0.81477195	0.15111504
0.5347252	0.16556382	-0.8146435	0.15170264
0.534555	0.16633128	-0.8144823	0.1523276
0.5343406	0.1677056	-0.814105	0.15358377
0.53424776	0.1684558	-0.813886	0.15424524
0.5341592	0.16930547	-0.8136213	0.15501635
0.5340728	0.17003088	-0.8133991	0.15568458
0.5339527	0.17078668	-0.81318396	0.15639196
0.5337959	0.17159313	-0.8129707	0.15715134
0.5336119	0.17238778	-0.81277716	0.15790506
0.53337395	0.17326154	-0.8125895	0.15871653
0.5331242	0.17412318	-0.8124228	0.15946499
0.5328585	0.17502928	-0.8122613	0.16018215
0.53257215	0.17589357	-0.81214046	0.16079941
0.5322486	0.176786	-0.81204396	0.16137786
0.53196096	0.17755984	-0.8119667	0.16186474
0.53172165	0.17830749	-0.8118597	0.16236497
0.53154075	0.17897227	-0.8117311	0.16286764
0.5313627	0.17964421	-0.8115913	0.16340457
0.53120935	0.18027231	-0.8114535	0.16389595
0.531066	0.18096524	-0.8112891	0.16441014
0.5308235	0.18188198	-0.8111367	0.16493209
0.5308201	0.18187669	-0.81113863	0.16493973
0.53058136	0.18281513	-0.8109717	0.16549066
0.530328	0.18381439	-0.810791	0.16608004
0.530118	0.18452454	-0.8106674	0.16656557
0.5298988	0.18526283	-0.810535	0.16708623
0.5296703	0.18595672	-0.81040025	0.1676932
0.5294402	0.18668874	-0.81023496	0.1684034
0.5292261	0.18740168	-0.81005144	0.16916549
0.52898645	0.18816489	-0.8098599	0.16998367
0.52878004	0.18891427	-0.8096421	0.17082968
0.5285602	0.18969668	-0.80941993	0.17169346
0.52830875	0.19043916	-0.80923843	0.1724996
0.52809095	0.1911997	-0.8090263	0.17331809
0.52791554	0.19194591	-0.8087911	0.1741237
0.52771306	0.19269377	-0.8085773	0.17490228
0.5274885	0.19344838	-0.80839145	0.17560396
0.5273738	0.19429001	-0.80813015	0.17622133
0.52729714	0.19510312	-0.8078537	0.17681898
0.5272376	0.19591498	-0.8075708	0.17739
0.5271939	0.19668357	-0.80730116	0.17789643
0.5271535	0.1974702	-0.80702406	0.1784008
0.52713126	0.19826716	-0.806726	0.17893057
0.5271821	0.19923143	-0.8062745	0.17974222
0.5272093	0.19985947	-0.80597967	0.18028677
0.52725744	0.20050028	-0.80565566	0.18088211
0.52727383	0.20121066	-0.80532515	0.1815161
0.5272146	0.20210262	-0.8049875	0.18219355
0.5271797	0.20296122	-0.80464166	0.18286611
0.5271615	0.2038969	-0.8042577	0.18356603
0.5271234	0.2048537	-0.8038787	0.18426865
0.5270784	0.20576891	-0.80351985	0.18494162
0.52702343	0.2066926	-0.8031663	0.18560323
0.526925	0.20760502	-0.80285275	0.18621941
0.5268703	0.20848198	-0.8025173	0.18683927
0.5268634	0.20929101	-0.8021718	0.18743698
0.5268842	0.21010245	-0.801804	0.18804339
0.5269095	0.21095897	-0.8014159	0.18866739
0.52691376	0.21181983	-0.8010447	0.18926658
0.52690107	0.21271922	-0.8006763	0.18985102
0.5268716	0.21360458	-0.8003281	0.19040608
0.52683127	0.2144637	-0.8000012	0.19092487
0.5267554	0.2153097	-0.7997079	0.19141
0.5266088	0.21645316	-0.79934007	0.1920587
0.52661425	0.2164545	-0.7993367	0.19205724
0.52646303	0.2178313	-0.7988591	0.19290008
0.5263838	0.21860304	-0.7985802	0.19339685
0.52627546	0.21932381	-0.7983258	0.19392605
0.52620995	0.21989977	-0.7981118	0.19433145
0.52616256	0.22046304	-0.79788095	0.19476935
0.5261387	0.22094345	-0.79765785	0.1952022
0.526141	0.22137024	-0.7974316	0.19563682
0.5261672	0.22183798	-0.7971685	0.19610825
0.52620643	0.22225192	-0.79693556	0.1964805
0.52624136	0.2228165	-0.7966429	0.196934
0.5262578	0.22327863	-0.7964362	0.19720276
0.5262282	0.22384235	-0.796218	0.19752368
0.5261609	0.22441807	-0.79602367	0.19783254
0.5260973	0.22500847	-0.7958154	0.19816841
0.5260325	0.22554861	-0.79560745	0.19856128
0.52594453	0.22612427	-0.79538244	0.19904059
0.52580386	0.22681908	-0.7951083	0.19971536
0.52562696	0.22756483	-0.79482025	0.20047793
0.5253691	0.22843972	-0.7945012	0.20142122
0.5253902	0.2284288	-0.79448587	0.20143914
0.52509487	0.22944722	-0.79408634	0.20262377
0.52494556	0.229959	-0.7938727	0.20326607
0.5247961	0.23042858	-0.79368407	0.20385633
0.5246304	0.23088403	-0.7935191	0.20440935
0.52446884	0.23133177	-0.79336286	0.20492281
0.5243316	0.23181528	-0.7931846	0.20541757
0.52420074	0.2323465	-0.7929912	0.20589712
0.52406096	0.23290539	-0.79280525	0.20633747
0.52388287	0.233697	-0.7925443	0.20689622
0.52386904	0.2336768	-0.792552	0.2069247
0.52374905	0.23447673	-0.7922495	0.20748079
0.52369004	0.2349989	-0.79202497	0.20789602
0.52363783	0.2355921	-0.79174984	0.20840348
0.52359265	0.23620364	-0.79144806	0.20897037
0.52353555	0.23679417	-0.7911542	0.20955671
0.5234494	0.2373372	-0.7908929	0.21014313
0.52334887	0.23778956	-0.7906687	0.21072522
0.52323943	0.23811196	-0.7905	0.21126533
0.5231169	0.2383954	-0.79034275	0.21183655
0.5230156	0.2386966	-0.79015577	0.21244398
0.5230207	0.23904814	-0.78988755	0.21303299
0.52301264	0.23941162	-0.78963006	0.21359836
0.52300483	0.2399087	-0.78934395	0.21411636
0.5230146	0.24041584	-0.7890469	0.21461825
0.52298224	0.24090782	-0.7887893	0.21509215
0.5229366	0.24144031	-0.7885064	0.21564254
0.5228798	0.24190807	-0.7882534	0.21618044
0.52280277	0.24243024	-0.7879596	0.21685183
0.5226965	0.24297513	-0.78765357	0.21760823
0.5225518	0.24351753	-0.78737664	0.21835089
0.5223788	0.24406922	-0.78712374	0.21905866
0.52224284	0.24461326	-0.78686184	0.2197167
0.5221911	0.24506278	-0.7866022	0.2202674
0.5222164	0.24540815	-0.7863471	0.2207333
0.52231306	0.24565324	-0.786104	0.22109757
0.5224224	0.24583657	-0.78590095	0.22135726
0.52255845	0.24595124	-0.78571165	0.22158039
0.52269125	0.24600396	-0.78554565	0.22179686
0.5227858	0.24602485	-0.7854131	0.22202106
0.5228767	0.24604535	-0.78527504	0.2222721
0.52293754	0.24607311	-0.7851546	0.22252357
0.52296895	0.24609704	-0.7850644	0.22274147
0.5230641	0.2460622	-0.78497756	0.22286259
0.5231608	0.24602105	-0.78488886	0.22299303
0.5233177	0.24597138	-0.7847813	0.22305888
0.5235133	0.24593534	-0.7846522	0.22309336
0.52387875	0.24615896	-0.7843204	0.22315538
0.52407795	0.24635042	-0.7840632	0.22338007
0.5242545	0.24653532	-0.7838278	0.22358836
0.5244422	0.24666393	-0.7835992	0.22380729
0.52456194	0.24668863	-0.7834677	0.22395986
0.5247495	0.24654095	-0.78341454	0.22386861
0.52491	0.24641018	-0.78337187	0.2237858
0.525174	0.24616152	-0.7833371	0.22356147
0.5255344	0.24590543	-0.7832312	0.2233679
0.5259513	0.24565798	-0.78307503	0.22320616
0.5263272	0.24543148	-0.7829273	0.22308749
0.5267832	0.24517162	-0.7827326	0.22297974
0.5272387	0.24489304	-0.7825274	0.22292982
0.52753115	0.24464351	-0.78241175	0.2229178
0.5279145	0.24425128	-0.7822903	0.22286697
0.52788305	0.24422017	-0.78230935	0.22290862
0.52867603	0.24343945	-0.78205836	0.22276345
0.52908516	0.24306707	-0.7818937	0.22277714
0.5302065	0.24246009	-0.78124106	0.22306228
0.53083223	0.24219292	-0.78081924	0.22334073
0.5315156	0.2419554	-0.7803376	0.22365628
0.5322353	0.24181043	-0.7798151	0.22392377
0.53294796	0.24167001	-0.7793053	0.22415484
0.5336574	0.24153876	-0.77880496	0.22434704
0.5343995	0.24140263	-0.7782878	0.22452149
0.5350363	0.24130878	-0.77783346	0.22468086
0.53560656	0.24123098	-0.77741987	0.22483677
0.536193	0.24113701	-0.7769995	0.22499327
0.5367832	0.24099427	-0.77659553	0.2251332
0.53732914	0.24081288	-0.77625835	0.22518797
0.5378171	0.24057628	-0.7760122	0.22512415
0.538269	0.24028488	-0.7758278	0.22499095
0.5387802	0.23996627	-0.77560925	0.22486083
0.5392643	0.2396793	-0.77538073	0.22479476
0.5397729	0.23942348	-0.77510875	0.2247845
0.5402845	0.23922464	-0.77479994	0.22483157
0.5408158	0.23906286	-0.7744604	0.22489645
0.54147714	0.23885381	-0.7740407	0.22497198
0.54220563	0.2385669	-0.77360535	0.22501954
0.54309213	0.23821771	-0.7730622	0.22511816
0.5436878	0.23797375	-0.77269316	0.2252051
0.5443048	0.23769185	-0.77232504	0.22527552
0.5455841	0.23700291	-0.77162564	0.22530313
0.5455841	0.23700291	-0.77162564	0.22530313
0.5461407	0.23668371	-0.7713438	0.22525528
0.5467032	0.23637229	-0.77107245	0.22514683
0.54728216	0.23606673	-0.77078784	0.22503552
0.54788905	0.23573197	-0.7704876	0.22493753
0.54844844	0.2354032	-0.7702189	0.22483882
0.5490016	0.23506644	-0.7699502	0.22476156
0.5495563	0.2347176	-0.7696825	0.22468734
0.55012286	0.23436014	-0.7694165	0.2245848
0.55068266	0.2339879	-0.769166	0.22445926
0.5512984	0.23356111	-0.7689038	0.22429115
0.5518019	0.23320265	-0.76869684	0.22413449
0.55241	0.23277415	-0.7684373	0.2239717
0.5530335	0.23230903	-0.7681621	0.22386074
0.55370593	0.23180306	-0.76784474	0.22381143
0.5544202	0.23119895	-0.76750416	0.22383605
0.5553274	0.23039678	-0.7671013	0.22379547
0.5559161	0.22988431	-0.76684767	0.22373013
0.556606	0.22930743	-0.7665503	0.22362609
0.55732256	0.22870697	-0.76625025	0.22348464
0.5579938	0.22816181	-0.76597154	0.22332218
0.5586584	0.2276478	-0.76568633	0.22316271
0.55867636	0.22764431	-0.7656726	0.22316907
0.5597853	0.22683571	-0.76517093	0.22293407
0.5606364	0.22629742	-0.76475704	0.22276221
0.561195	0.22594571	-0.7644846	0.22264786
0.56174135	0.22559631	-0.7642259	0.22251229
0.56231135	0.22520393	-0.7639673	0.22235829
0.56286275	0.22481716	-0.76372373	0.22219098
0.5634481	0.22442795	-0.76345456	0.22202586
0.56400746	0.22408774	-0.7631696	0.22192948
0.5646532	0.22379482	-0.76278096	0.22191866
0.5653817	0.22354211	-0.76227236	0.22206604
0.56613845	0.22333843	-0.76168674	0.22235255
0.5675369	0.22309147	-0.7604515	0.22326179
0.56810576	0.223051	-0.75989896	0.22373614
0.5685721	0.22301948	-0.7594342	0.22416021
0.5689346	0.22297437	-0.75908166	0.22447926
0.5692431	0.2229044	-0.7588082	0.22469108
0.56959367	0.22277753	-0.7585319	0.2248612
0.56992716	0.22265133	-0.7582686	0.22502957
0.5703765	0.22257085	-0.7578952	0.22522813
0.57186335	0.22245573	-0.7565906	0.22595678
0.5726514	0.22243167	-0.7558539	0.22644986
0.57337445	0.222453	-0.75515145	0.22694214
0.57399446	0.22253019	-0.7545382	0.22733867
0.5745358	0.22263007	-0.75400233	0.22765115
0.574994	0.2227333	-0.7535564	0.22786987
0.5753919	0.22280218	-0.7531946	0.22799438
0.5758202	0.22277194	-0.75286186	0.2280413
0.5762886	0.22261299	-0.7525547	0.22802742
0.5768214	0.22236143	-0.7522386	0.22796814
0.577423	0.22206365	-0.751892	0.22787929
0.5780633	0.22174169	-0.7515248	0.22778022
0.57869357	0.22144026	-0.751154	0.22769642
0.57937115	0.22112674	-0.750742	0.22763658
0.5799861	0.22083852	-0.7503546	0.22762793
0.5807036	0.22047116	-0.749894	0.22767287
0.58122617	0.22013827	-0.74956906	0.2277312
0.5817621	0.21975705	-0.74925894	0.22775185
0.5822454	0.21937025	-0.7490043	0.22772683
0.58267224	0.21900187	-0.7488094	0.2276309
0.58311385	0.21864606	-0.7486104	0.22749658
0.5836105	0.21830308	-0.74835783	0.22738329
0.5841761	0.21797284	-0.7480309	0.22732356
0.58487284	0.21758781	-0.7475909	0.2273481
0.58542097	0.21730848	-0.7472173	0.22743289
0.5860693	0.21700345	-0.74675375	0.22757666
0.5866985	0.21667986	-0.74630725	0.22772837
0.5873506	0.21631444	-0.74587184	0.22782135
0.5878939	0.21594039	-0.7455627	0.22778702
0.58841735	0.21557055	-0.74529225	0.22767073
0.5889189	0.21522573	-0.74504346	0.22751403
0.5893721	0.21493249	-0.74482	0.22734961
0.5898427	0.21466486	-0.7445765	0.2271795
0.5903243	0.2144333	-0.74430656	0.22703187
0.5908084	0.21424223	-0.74401426	0.22691083
0.5917162	0.21393241	-0.7434306	0.22675064
0.5922157	0.21381995	-0.7430803	0.22670104
0.5927148	0.21373165	-0.74270964	0.22669455
0.5931739	0.21366556	-0.7423468	0.22674438
0.5935788	0.21361151	-0.742017	0.2268153
0.5939307	0.2135486	-0.7417311	0.22688827
0.59424233	0.21347311	-0.7414849	0.22694829
0.5945931	0.21339606	-0.74121183	0.22699404
0.59490347	0.21336213	-0.7409714	0.2269977
0.59520686	0.21339855	-0.7407253	0.22697128
0.5955619	0.21350288	-0.7404148	0.22695485
0.595996	0.2136363	-0.74002373	0.22696532
0.5964529	0.2137443	-0.739615	0.22699548
0.59694695	0.21380241	-0.7391888	0.22703077
0.59744745	0.21380334	-0.73876846	0.22708109
0.5979507	0.2137458	-0.73836076	0.22713684
0.59843636	0.21365397	-0.73797995	0.22718197
0.598882	0.21355888	-0.737649	0.22717173
0.599246	0.21348849	-0.73739666	0.22709715
0.59949166	0.21351807	-0.73722297	0.22698489
0.59969485	0.21353875	-0.7370853	0.22687596
0.6001596	0.21334296	-0.7368055	0.22673963
0.6002187	0.21336217	-0.73675746	0.2267213
0.60086054	0.21283436	-0.7364176	0.22662176
0.60126036	0.21251483	-0.7361896	0.22660175
0.6017092	0.21216547	-0.73592305	0.22660343
0.6020362	0.21194124	-0.7357184	0.22660953
0.60236293	0.21172458	-0.73551357	0.22660875
0.60270256	0.211517	-0.7352967	0.22660312
0.6030054	0.21135561	-0.73510385	0.22657387
0.60328805	0.21121882	-0.7349369	0.22649041
0.6034988	0.21112859	-0.7348232	0.22638197
0.60365885	0.21103363	-0.734762	0.22624262
0.6037787	0.21090649	-0.7347427	0.22610372
0.6038934	0.21073678	-0.73473364	0.22598521
0.6040176	0.21055311	-0.7347184	0.2258741
0.6041602	0.21040392	-0.73468006	0.22575626
0.6042882	0.21032414	-0.7346325	0.22564279
0.6044103	0.21029522	-0.7345757	0.2255276
0.6045403	0.21026883	-0.7345126	0.22540931
0.6046792	0.2101968	-0.73445296	0.22529809
0.60482085	0.21005455	-0.7343997	0.22522412
0.6049596	0.20982403	-0.73436826	0.22516915
0.60506684	0.20952293	-0.73438054	0.2251212
0.60512275	0.2092076	-0.73443776	0.22507739
0.6051666	0.20890817	-0.73450977	0.22500244
0.60521626	0.20865057	-0.7345679	0.22491838
0.6052733	0.20837936	-0.73464036	0.2247797
0.60537094	0.20801651	-0.73474675	0.22450493
0.60545766	0.2076833	-0.7348487	0.22424583
0.6055577	0.20728815	-0.7349698	0.22394407
0.60569835	0.20685478	-0.7350621	0.22366129
0.6058937	0.20638375	-0.73511076	0.22340746
0.6061248	0.20592488	-0.73511225	0.22319871
0.606356	0.2055234	-0.73507655	0.22305833
0.60656804	0.20517878	-0.7350317	0.22294676
0.60671806	0.20489052	-0.7350328	0.22280033
0.606799	0.20466632	-0.73506993	0.22266327
0.60684633	0.20437519	-0.7352028	0.22236297
0.6068745	0.204313	-0.7351738	0.22243884
0.6068477	0.20397224	-0.73543113	0.22197357
0.60686034	0.20371118	-0.7355912	0.22164816
0.6069297	0.20338348	-0.73573196	0.2212915
0.6070742	0.20292342	-0.7358513	0.22092062
0.60725933	0.20238453	-0.7359575	0.22055204
0.6074565	0.20180312	-0.7360574	0.22020817
0.6076874	0.20121081	-0.7361302	0.2198696
0.60788745	0.20066938	-0.7362161	0.21952324
0.60805637	0.20013282	-0.7363407	0.21912745
0.60819364	0.19956435	-0.7365066	0.2187067
0.6082891	0.19897819	-0.7367293	0.21822444
0.608388	0.1982833	-0.7370024	0.21765907
0.6085206	0.19748802	-0.7372877	0.21704382
0.60874045	0.19653696	-0.73756313	0.21635365
0.6090134	0.19544907	-0.73781747	0.21570303
0.60938334	0.19410539	-0.7380992	0.2149061
0.60967	0.19301204	-0.7383425	0.21424122
0.6099339	0.19185138	-0.738638	0.21351275
0.6101642	0.19073696	-0.738946	0.21278612
0.61033887	0.1896209	-0.73931736	0.2119914
0.61046344	0.1885893	-0.7397052	0.21119842
0.6104736	0.18757813	-0.7401972	0.21034445
0.6104141	0.18558726	-0.7412037	0.20873189
0.61041003	0.18455476	-0.741662	0.20803034
0.6104399	0.18341812	-0.7421109	0.20734616
0.6104872	0.18252538	-0.74242723	0.20686148
0.6105809	0.1816425	-0.74268967	0.2064195
0.61069363	0.18085463	-0.74289364	0.20604381
0.6108179	0.18020989	-0.74304336	0.20570005
0.61094904	0.1796478	-0.74317235	0.20533611
0.6110735	0.17907728	-0.7433276	0.20490158
0.611155	0.17852499	-0.7435233	0.20442988
0.6112106	0.17791252	-0.7437769	0.20387436
0.6112333	0.1773145	-0.74405456	0.20331348
0.6112639	0.17654458	-0.7443988	0.20263012
0.6113248	0.17591996	-0.74462837	0.20214541
0.61145055	0.17516024	-0.7448393	0.20164734
0.6116532	0.17435299	-0.74498594	0.20119017
0.6118994	0.17355707	-0.7450763	0.20079476
0.6121674	0.17276531	-0.74514115	0.20041925
0.6124387	0.17200966	-0.7451953	0.20003876
0.61266136	0.17133163	-0.7452766	0.19963591
0.6128163	0.17075536	-0.74541974	0.19911893
0.6128848	0.17024487	-0.7456217	0.19858794
0.612908	0.16970949	-0.74587315	0.19802947
0.6129703	0.16917865	-0.74606824	0.19755565
0.6130959	0.16857602	-0.7462196	0.1971093
0.61329496	0.16781689	-0.74635226	0.19663464
0.61343443	0.16724667	-0.7464539	0.19629937
0.6135781	0.16656871	-0.7466016	0.19586472
0.61368996	0.16586572	-0.7467885	0.19539733
0.61379564	0.16515611	-0.7469935	0.1948823
0.6139136	0.16446534	-0.7471945	0.19432339
0.614011	0.1638713	-0.7473927	0.19375454
0.6140952	0.16329128	-0.7476172	0.19311044
0.61417353	0.16279338	-0.7478162	0.1925102
0.6142853	0.1622741	-0.7479915	0.19191009
0.6144466	0.16170624	-0.74812996	0.19133225
0.61466134	0.1610824	-0.74822927	0.1907796
0.61489326	0.16043472	-0.7483147	0.19024254
0.61512506	0.15974818	-0.7484225	0.18964581
0.61536074	0.15905586	-0.7485445	0.18898013
0.6155752	0.15839608	-0.74868596	0.1882744
0.6157613	0.15772818	-0.7488697	0.1874944
0.61585563	0.15718205	-0.7490932	0.1867487
0.6159548	0.15663357	-0.7493151	0.18599056
0.61605257	0.15609106	-0.7495197	0.18529715
0.61616266	0.15556149	-0.74969685	0.18465863
0.616322	0.15501042	-0.74980175	0.18416396
0.61651355	0.15441774	-0.7498739	0.18372668
0.6167345	0.15380572	-0.74991	0.18335044
0.6169752	0.15318945	-0.7499099	0.18305692
0.6171504	0.15265845	-0.74993163	0.18282078
0.6172693	0.15207474	-0.7500173	0.18255442
0.61731887	0.15152512	-0.7501691	0.18221906
0.61730635	0.15097988	-0.75039816	0.18177088
0.61725205	0.1505651	-0.7506415	0.18129402
0.6171878	0.15006511	-0.7509384	0.1806967
0.6171644	0.14948253	-0.7512315	0.18003996
0.61718446	0.14882831	-0.751514	0.17933273
0.617253	0.14809242	-0.7517848	0.17856942
0.617346	0.14730331	-0.7520445	0.17780542
0.617468	0.14648734	-0.7522736	0.17708588
0.61761564	0.14569804	-0.75245386	0.17645435
0.61776906	0.14489399	-0.75261986	0.17587131
0.61789423	0.14414686	-0.75277966	0.17535993
0.61799234	0.14340231	-0.75295764	0.17486033
0.6180126	0.1434118	-0.7529414	0.17485073
0.6180837	0.142305	-0.7532446	0.17419691
0.6182013	0.14104797	-0.75354517	0.1735001
0.6183003	0.14035287	-0.7536871	0.17309456
0.61841404	0.13962989	-0.7538312	0.17264497
0.618551	0.13892357	-0.7539537	0.17218867
0.6187926	0.13753995	-0.75420755	0.1713168
0.61876893	0.13756922	-0.7542301	0.1712796
0.6188327	0.13685925	-0.75441617	0.17079785
0.6189071	0.13614877	-0.7545911	0.1703227
0.6189386	0.13525262	-0.7548948	0.16957484
0.61894524	0.13459422	-0.7551492	0.16894111
0.6188966	0.13462713	-0.7551928	0.16889717
0.61897564	0.13356699	-0.7555478	0.16785865
0.6190329	0.13301069	-0.7557096	0.16736017
0.6191148	0.13239865	-0.75584537	0.16692866
0.6192199	0.13176246	-0.75595003	0.16656816
0.6193541	0.1311558	-0.75600976	0.16627671
0.6195116	0.130576	-0.7560313	0.1660484
0.6196356	0.13007613	-0.75605637	0.16586362
0.6197234	0.12962818	-0.75609946	0.16568969
0.6197613	0.12924084	-0.75617045	0.16552678
0.61976117	0.12900221	-0.75623477	0.16541967
0.6197545	0.12871198	-0.75631183	0.16531864
0.6197631	0.12833506	-0.75638604	0.16523916
0.61980736	0.1278972	-0.75643784	0.1651757
0.61990625	0.1273972	-0.7564566	0.1651052
0.6200471	0.12685215	-0.7564545	0.16500509
0.6202179	0.12626791	-0.7564445	0.16485755
0.6203819	0.12566677	-0.75644857	0.16468124
0.62058455	0.12493493	-0.7564607	0.16441791
0.6207458	0.12428954	-0.75650156	0.16411042
0.62090087	0.123618506	-0.75656223	0.16375098
0.62108684	0.12284526	-0.7566391	0.16327064
0.6212606	0.122124985	-0.7567243	0.16275522
0.62143505	0.12140203	-0.7568251	0.16216008
0.6215899	0.12067835	-0.7569463	0.16153975
0.6217368	0.11989424	-0.7570912	0.16087776
0.6218835	0.11903342	-0.757266	0.16012639
0.62204087	0.11816459	-0.757432	0.15937082
0.6222531	0.11730479	-0.75755215	0.15860493
0.6224618	0.11658381	-0.7576304	0.15794249
0.6226732	0.115887605	-0.75770336	0.15726946
0.6228719	0.11525524	-0.7577658	0.15664628
0.6231117	0.11417574	-0.75795484	0.15556416
0.6232398	0.11371096	-0.7580036	0.15515336
0.62332356	0.1132294	-0.75808954	0.1547491
0.62338346	0.11271964	-0.7581994	0.15434127
0.62343454	0.112116225	-0.75833815	0.15389186
0.6235232	0.111444704	-0.7584568	0.15343493
0.6236648	0.11068356	-0.7585522	0.15293786
0.62383413	0.10988488	-0.7586341	0.1524159
0.6240064	0.10910483	-0.7587111	0.15188695
0.62416834	0.10839743	-0.7587778	0.15139414
0.62434	0.107735224	-0.7588248	0.15092275
0.6245102	0.1071667	-0.75885177	0.15048657
0.62468815	0.106637225	-0.7588736	0.15001364
0.62480605	0.1062484	-0.7589117	0.14960541
0.62487024	0.10587245	-0.75900114	0.14914967
0.6249149	0.10547755	-0.75912213	0.14862572
0.6249778	0.10512314	-0.75921893	0.14811662
0.625049	0.104789555	-0.75931185	0.14757535
0.6251307	0.10451804	-0.7593959	0.14698796
0.6252258	0.10432357	-0.75945574	0.14641146
0.6253156	0.10414767	-0.7595148	0.14584532
0.62540984	0.1039806	-0.75955576	0.14534716
0.6254839	0.103744	-0.7596089	0.14491823
0.62545043	0.103062436	-0.75988334	0.14410827
0.62544924	0.103087135	-0.75988674	0.14407855
0.62535393	0.10247078	-0.76017106	0.14343046
0.625453	0.10163514	-0.76034766	0.14265436
0.62555385	0.10111385	-0.7604353	0.14211473
0.6256844	0.100649595	-0.7604856	0.14159945
0.62586004	0.100176565	-0.7604968	0.14109768
0.6260554	0.09971685	-0.7604781	0.14065656
0.6262433	0.099246785	-0.76046413	0.14022742
0.62641823	0.09875256	-0.7604636	0.13979805
0.6265846	0.09816936	-0.76049197	0.13930705
0.62670994	0.0975754	-0.76056105	0.13878302
0.6267832	0.09697722	-0.7606791	0.13822326
0.62683636	0.096345745	-0.76083064	0.13758819
0.62689537	0.09572774	-0.76097786	0.1369345
0.62698734	0.095135026	-0.76108605	0.13632464
0.6271071	0.09457329	-0.76115674	0.135769
0.62722284	0.09409564	-0.7612013	0.1353149
0.62732744	0.09361334	-0.76125866	0.13484171
0.62744635	0.09313869	-0.7613035	0.1343633
0.6275686	0.092718296	-0.76133406	0.13390891
0.6277007	0.09210976	-0.76145166	0.1330382
0.62775815	0.0921106	-0.76140344	0.13304229
0.62787926	0.09144822	-0.7615639	0.13200542
0.62795603	0.09107595	-0.7616506	0.13139524
0.62803066	0.09068853	-0.761736	0.13081087
0.62811095	0.09030445	-0.76179475	0.13034707
0.62820053	0.08991293	-0.7618327	0.12996499
0.6282649	0.08957918	-0.7618702	0.12966368
0.6282899	0.089290895	-0.76192755	0.12940398
0.62829566	0.0890005	-0.7620019	0.12913749
0.62831557	0.08870583	-0.76206326	0.12888138
0.6283831	0.08850863	-0.762057	0.12872499
0.628495	0.08836653	-0.7620011	0.12860742
0.6286209	0.088273145	-0.76192474	0.12850858
0.6287207	0.08818724	-0.7618724	0.12838976
0.62875414	0.08808845	-0.76188993	0.12818916
0.62871546	0.087952375	-0.761994	0.1278531
0.62866074	0.08771386	-0.7621557	0.12732153
0.62861145	0.08744921	-0.76232135	0.1267538
0.62855154	0.08706144	-0.76253116	0.12605344
0.62849206	0.08648614	-0.7627912	0.12516959
0.62847656	0.08606216	-0.7629546	0.12454272
0.6284897	0.085555844	-0.7631032	0.12391384
0.62851936	0.08505177	-0.76323193	0.12331536
0.6285553	0.084561154	-0.76334536	0.12276679
0.6285823	0.08407893	-0.7634567	0.12226575
0.6286014	0.08359031	-0.7635675	0.12180968
0.6286354	0.083069324	-0.7636655	0.12137564
0.62869716	0.082541406	-0.7637313	0.12100136
0.6287923	0.08194967	-0.76377195	0.1206525
0.62892747	0.081284694	-0.7637911	0.120276384
0.6290383	0.08064645	-0.76382923	0.11988285
0.62912476	0.080023356	-0.7638963	0.11941913
0.62922126	0.07947019	-0.76396316	0.11885097
0.62930197	0.07890327	-0.76404464	0.118276075
0.62935036	0.078382	-0.76415026	0.11768168
0.62943274	0.077870145	-0.7642169	0.117147006
0.62951237	0.077455245	-0.7642515	0.11676729
0.6295931	0.07706681	-0.76427096	0.116461754
0.6296641	0.076669216	-0.7642936	0.11619079
0.62972575	0.07617022	-0.7643424	0.115862824
0.6297474	0.07581238	-0.7644023	0.11558575
0.62974316	0.075392894	-0.7645006	0.11523217
0.62975717	0.075406566	-0.7644899	0.11521685
0.629732	0.07459648	-0.7647001	0.11448493
0.62976253	0.074226014	-0.7647586	0.11416717
0.6298474	0.07387102	-0.7647593	0.11392296
0.6299674	0.07354278	-0.7647215	0.11372574
0.63006526	0.07322559	-0.76469654	0.11355698
0.63011324	0.07290671	-0.7647199	0.1133375
0.6301327	0.07247917	-0.7647985	0.11297287
0.6301235	0.072506815	-0.7648085	0.11293882
0.63018185	0.07183744	-0.76493216	0.112201124
0.63024336	0.07145127	-0.76499194	0.111693956
0.63027936	0.071096435	-0.7650768	0.111134276
0.6303108	0.07078094	-0.765163	0.110562265
0.63035303	0.07049028	-0.76523274	0.11002395
0.6303886	0.070199415	-0.76530325	0.109513626
0.6304112	0.06993461	-0.76537466	0.109053455
0.63040525	0.06965344	-0.7654664	0.108623
0.6303637	0.06932824	-0.7655864	0.10822486
0.6302833	0.0689362	-0.76574343	0.10783286
0.63019514	0.06852125	-0.7659052	0.107462004
0.6301299	0.068069465	-0.7660569	0.107050456
0.63016015	0.06761191	-0.76613206	0.106623404
0.6301989	0.06720362	-0.76619154	0.10622446
0.6302579	0.066835836	-0.7662257	0.105859466
0.6303514	0.066473864	-0.76622766	0.10551555
0.6304415	0.06609583	-0.7662313	0.10518818
0.630484	0.065657504	-0.7662814	0.10484218
0.63048226	0.06504061	-0.7663974	0.10438748
0.6304513	0.064461894	-0.7665261	0.103987746
0.6303852	0.06371341	-0.76671624	0.103447095
0.63029975	0.06293156	-0.76693404	0.10283075
0.6302296	0.06211458	-0.767149	0.102152176
0.6301997	0.061318833	-0.76732993	0.1014558
0.6303089	0.059805546	-0.7675223	0.100217186
0.6303089	0.059805546	-0.7675223	0.100217186
0.6304608	0.05904207	-0.7675217	0.09971837
0.6306087	0.058278885	-0.76751566	0.09927811
0.6307108	0.057515368	-0.76754194	0.098870605
0.63075864	0.05667976	-0.7676215	0.09842895
0.63075584	0.055892296	-0.7677391	0.09797812
0.63075113	0.054948807	-0.76788604	0.09739051
0.6307877	0.05391255	-0.76801515	0.09671203
0.63084066	0.052909367	-0.7681285	0.09601802
0.6309154	0.05192014	-0.7682256	0.0952872
0.63104826	0.05082434	-0.76829207	0.09445755
0.6311466	0.050027587	-0.76834095	0.0938269
0.6312734	0.04918964	-0.7683751	0.093135245
0.6314587	0.048455738	-0.7683328	0.09261093
0.63145906	0.048457935	-0.7683326	0.0926083
0.6317719	0.04726988	-0.76826215	0.09166854
0.6318915	0.046753436	-0.7682517	0.09119543
0.6319761	0.046181936	-0.76828563	0.09061192
0.6320277	0.045625217	-0.7683439	0.090038806
0.63208723	0.044982664	-0.7684076	0.089398764
0.63220316	0.044240087	-0.76843524	0.088708505
0.6323494	0.043468773	-0.768435	0.08804836
0.6325048	0.0426093	-0.76843363	0.08736124
0.6326981	0.041491248	-0.7684272	0.08655257
0.6326938	0.041494917	-0.768431	0.08654778
0.63295597	0.04026829	-0.7683599	0.08583919
0.6332413	0.03882707	-0.7682801	0.08510988
0.63341355	0.0379562	-0.7682243	0.08472242
0.63361	0.03705162	-0.7681475	0.08435062
0.6338266	0.03624906	-0.76805	0.08395815
0.6340092	0.035472203	-0.76798195	0.08353323
0.63414824	0.034747213	-0.7679516	0.083059825
0.6342677	0.03408357	-0.76794094	0.08251958
0.63437635	0.03348473	-0.76794136	0.08192501
0.634425	0.03288902	-0.76799566	0.081277534
0.6344117	0.032295417	-0.76810056	0.08062583
0.6343779	0.031674787	-0.7682227	0.07997144
0.6343558	0.031083886	-0.7683265	0.07937731
0.6343399	0.030466536	-0.7684264	0.07877608
0.63431716	0.029845107	-0.7685284	0.07820032
0.6343088	0.029199924	-0.7686205	0.07760386
0.63434756	0.02851481	-0.76867837	0.076965384
0.63436985	0.027862195	-0.76875335	0.076268315
0.63437253	0.02729674	-0.7688374	0.07560103
0.6343737	0.026752332	-0.76891893	0.074954085
0.634422	0.026286842	-0.76894647	0.074426055
0.63450766	0.025843972	-0.7689353	0.073963605
0.63459927	0.025379265	-0.7689125	0.0735753
0.6347127	0.024904687	-0.7688657	0.073247924
0.63488203	0.024443364	-0.76876503	0.07299202
0.63516253	0.023967126	-0.7685709	0.07275279
0.63537806	0.023551047	-0.76843107	0.07248339
0.6355508	0.023156658	-0.76832724	0.07219714
0.63572145	0.022703165	-0.7682343	0.07182452
0.63580096	0.022225358	-0.7682213	0.07140848
0.6358816	0.02170308	-0.76821136	0.07095787
0.6359426	0.02115069	-0.768223	0.070450984
0.63600475	0.020564927	-0.76823986	0.069876105
0.6360802	0.020022817	-0.7682434	0.06930502
0.6361326	0.01948907	-0.7682688	0.068692304
0.63617116	0.018945275	-0.76831007	0.06802241
0.63622963	0.018497087	-0.7683258	0.06741883
0.63629806	0.018161206	-0.7683246	0.066874705
0.63634765	0.017962554	-0.76832867	0.06640985
0.63638437	0.017877901	-0.76833034	0.06605948
0.6364271	0.017833197	-0.7683236	0.06573802
0.6364611	0.017855147	-0.76829684	0.065714285
0.6364476	0.017437542	-0.7683833	0.06494234
0.6364451	0.017220678	-0.7684193	0.06459732
0.636457	0.016888414	-0.7684545	0.06414794
0.6364799	0.016479116	-0.7684856	0.06365413
0.6365094	0.016013715	-0.7685133	0.06313986
0.6365305	0.01548619	-0.7685501	0.062608995
0.6365593	0.014722664	-0.7685946	0.061951306
0.63657343	0.014742087	-0.7685844	0.06192899
0.63663024	0.013924097	-0.76860625	0.061258513
0.6366598	0.013935859	-0.7685825	0.061246634
0.63668203	0.012984962	-0.7686547	0.060310997
0.6367089	0.012999063	-0.76863337	0.060296085
0.63660365	0.012415953	-0.7687853	0.059589356
0.6365325	0.012093438	-0.7688829	0.05915465
0.6364446	0.011784509	-0.76899236	0.058737833
0.6363384	0.011400699	-0.7691217	0.05826983
0.63621294	0.010817223	-0.7692817	0.057634886
0.6362222	0.010808502	-0.76927334	0.057646126
0.63614625	0.009936756	-0.76941353	0.056762066
0.6361518	0.009410552	-0.7694541	0.056237012
0.63616854	0.008949992	-0.7694823	0.055734735
0.6361642	0.008528773	-0.76952565	0.055251777
0.6361581	0.008135953	-0.76956564	0.054822437
0.6361555	0.0076806075	-0.7696047	0.054367803
0.6361451	0.0072351154	-0.76964843	0.053930618
0.63611484	0.006763653	-0.7697111	0.053451948
0.6360328	0.006264368	-0.7698203	0.052913602
0.63597965	0.0057544196	-0.76990426	0.052386004
0.6359357	0.005281043	-0.7699758	0.05191543
0.63595307	0.0048547112	-0.7699924	0.051495828
0.6359955	0.004505047	-0.7699842	0.051125307
0.63601065	0.0042497995	-0.7699905	0.05086356
0.63598967	0.0039728424	-0.7700257	0.050616212
0.63592935	0.0035727164	-0.7701008	0.050260466
0.6358405	0.0030634333	-0.7702046	0.049825095
0.6357732	0.0024489216	-0.7702942	0.049329124
0.6357459	0.0017098525	-0.7703563	0.048738267
0.63573885	0.0011626175	-0.77039254	0.04827341
0.63578135	0.0005856233	-0.7703894	0.047770683
0.6358754	0.00003934432	-0.77034247	0.04727678
0.63600075	-0.00046001992	-0.770268	0.04679934
0.6361185	-0.00090757257	-0.7701961	0.04637375
0.6362378	-0.0013687732	-0.77012175	0.045957353
0.6363391	-0.0018469747	-0.7700615	0.04554685
0.6363844	-0.0022134206	-0.7700426	0.045214087
0.6364169	-0.002552301	-0.77003276	0.044907935
0.6364951	-0.0028708165	-0.769982	0.044649027
0.6366031	-0.0030977598	-0.76990193	0.044473838
0.63673097	-0.0033357814	-0.7698064	0.04427945
0.63683575	-0.0035906385	-0.76973534	0.043988794
0.63687897	-0.0038186847	-0.769715	0.043699738
0.63688046	-0.0041279607	-0.76973593	0.043277074
0.63685995	-0.004470522	-0.76977813	0.04279172
0.6368371	-0.0048617176	-0.76982504	0.042243626
0.63681054	-0.00516893	-0.76987135	0.041757874
0.6367578	-0.005420019	-0.76993936	0.041274715
0.63669527	-0.0054965317	-0.7700126	0.040862102
0.6366607	-0.005537335	-0.7700578	0.040541224
0.636645	-0.0055540255	-0.77008736	0.040222093
0.63662857	-0.005544212	-0.77011913	0.03987262
0.6366098	-0.00559869	-0.7701561	0.039448038
0.6365747	-0.0057478617	-0.7702078	0.03898037
0.63654053	-0.006014236	-0.7702602	0.03846021
0.6365215	-0.0064062392	-0.7702991	0.037929438
0.6364939	-0.0069003706	-0.7703442	0.037387103
0.6364731	-0.0074752416	-0.770382	0.036846254
0.63647336	-0.008148601	-0.77040106	0.036299884
0.636494	-0.009642622	-0.7704167	0.03522392
0.63648784	-0.010380007	-0.7704359	0.034698844
0.6364893	-0.011098875	-0.770448	0.03417842
0.63652533	-0.011765794	-0.7704286	0.0337207
0.63658696	-0.012454701	-0.7703865	0.033263948
0.6366569	-0.0131759	-0.77033573	0.03282319
0.6367226	-0.013981348	-0.77028745	0.032344364
0.6367851	-0.014844955	-0.7702404	0.031844743
0.6368263	-0.015777985	-0.7702107	0.03128753
0.6367549	-0.016858827	-0.77027553	0.030572148
0.6366589	-0.017727438	-0.7703588	0.029976426
0.63670856	-0.017774217	-0.7703143	0.030036606
0.63652724	-0.019733626	-0.77047545	0.028481245
0.6365638	-0.019765561	-0.77044296	0.028522542
0.6365626	-0.021459043	-0.7704489	0.027132066
0.63663703	-0.022497853	-0.7703842	0.026370328
0.636692	-0.023307964	-0.77033436	0.025790377
0.63668853	-0.024067163	-0.7703324	0.025227722
0.6366312	-0.02491266	-0.77037364	0.02459022
0.6364961	-0.02580605	-0.77047694	0.023916554
0.6364347	-0.026522337	-0.770519	0.02340928
0.6364424	-0.02729278	-0.7705004	0.022919655
0.6364914	-0.027970819	-0.7704471	0.022530315
0.6365664	-0.02865812	-0.77037084	0.022155313
0.63669294	-0.029963806	-0.7702351	0.02149917
0.6367019	-0.030668689	-0.7702119	0.021068232
0.6366716	-0.031305324	-0.7702237	0.020613838
0.6366259	-0.03184715	-0.7702511	0.02016564
0.63659155	-0.032274544	-0.7702728	0.019735986
0.6365991	-0.032139182	-0.7702764	0.01957225
0.6366087	-0.03289122	-0.7702533	0.018906893
0.6365865	-0.03297266	-0.7702766	0.018559087
0.6365398	-0.0330814	-0.77032006	0.018163702
0.6364741	-0.033259798	-0.7703768	0.01772809
0.6363657	-0.03354364	-0.77046573	0.017206432
0.63624054	-0.033881783	-0.77056694	0.016629703
0.63610685	-0.034312032	-0.77067184	0.015990991
0.63601434	-0.034775473	-0.77073985	0.01537895
0.6359698	-0.03526036	-0.77076554	0.014819259
0.6359498	-0.035786122	-0.7707677	0.014296633
0.6359361	-0.03620375	-0.7707668	0.013898717
0.635914	-0.03659252	-0.7707735	0.0135168955
0.63585925	-0.0369165	-0.7708095	0.0131490305
0.63578206	-0.03722941	-0.77086455	0.0127742095
0.63572425	-0.037535246	-0.7709035	0.01239633
0.6356978	-0.03782343	-0.77091724	0.01201712
0.63572353	-0.038121868	-0.7708871	0.011644586
0.6357914	-0.038351018	-0.7708241	0.011347193
0.63586485	-0.038522527	-0.7707591	0.0110641895
0.6358989	-0.038656805	-0.77072847	0.01076649
0.6358465	-0.038810454	-0.77076894	0.010403659
0.63569	-0.039010342	-0.77089393	0.009957605
0.63545704	-0.03929146	-0.77107793	0.009463946
0.63522667	-0.039646424	-0.7712553	0.008967887
0.63507676	-0.040048264	-0.7713632	0.008520584
0.6350395	-0.040470988	-0.77137583	0.00813145
0.63509196	-0.040893443	-0.77131367	0.0078290645
0.635173	-0.041342992	-0.7712252	0.007596799
0.6352157	-0.041728966	-0.7711713	0.007402272
0.63520324	-0.042068657	-0.77116483	0.007212287
0.63518614	-0.042310074	-0.7711669	0.007067104
0.635163	-0.042533126	-0.77117515	0.006926972
0.63515025	-0.042761736	-0.7711745	0.006752062
0.63509196	-0.04298018	-0.77121204	0.0065517677
0.63504875	-0.0431682	-0.7712389	0.0063517136
0.6350018	-0.04334498	-0.77126914	0.006159571
0.63496673	-0.043521166	-0.77128947	0.005985734
0.6349455	-0.04368918	-0.77129865	0.0058286767
0.63488805	-0.04393875	-0.7713334	0.0056111757
0.63477975	-0.04420991	-0.77140886	0.0053464603
0.6346269	-0.044453837	-0.77152246	0.0050606555
0.6345165	-0.044695683	-0.77160114	0.0047657248
0.6344222	-0.044847526	-0.7716715	0.0045263097
0.6343276	-0.04496099	-0.7717438	0.0043312903
0.6342403	-0.04504327	-0.77181137	0.0042105145
0.634178	-0.04504112	-0.7718625	0.0042194603
0.63413256	-0.045005947	-0.77190167	0.0042624357
0.63409674	-0.044950016	-0.77193403	0.004310701
0.63407415	-0.044884056	-0.77195656	0.00431237
0.634057	-0.04478791	-0.7719763	0.0042872992
0.63405293	-0.04466566	-0.77198684	0.0042538005
0.6340204	-0.044506248	-0.77202314	0.0041939057
0.6339436	-0.04428797	-0.772099	0.0041533937
0.6339385	-0.044243973	-0.77210605	0.0040992815
0.6337127	-0.043904025	-0.7723113	0.004017267
0.63338554	-0.04353247	-0.77260125	0.0038996327
0.6331176	-0.043298766	-0.77283466	0.0037595083
0.63283396	-0.043122064	-0.7730774	0.0035814717
0.6325554	-0.042993773	-0.7733135	0.0033736883
0.6323012	-0.042920105	-0.7735264	0.0031599728
0.6319566	-0.04281153	-0.77381474	0.002987971
0.63182133	-0.042724106	-0.7739299	0.0029915175
0.63163465	-0.04263103	-0.77408713	0.003083338
0.6313882	-0.042549647	-0.77429205	0.0032133507
0.6310815	-0.0424967	-0.77454424	0.0033778239
0.6307165	-0.042469233	-0.7748422	0.003573798
0.63022727	-0.042445555	-0.7752404	0.0038034597
0.6296288	-0.042418197	-0.7757268	0.004045361
0.6290402	-0.042391986	-0.7762042	0.004301191
0.6286136	-0.042403158	-0.7765479	0.004506284
0.6283323	-0.04244947	-0.77677196	0.0046931766
0.62804276	-0.042468343	-0.777004	0.0048576896
0.62779105	-0.042505383	-0.7772045	0.00497789
0.62748176	-0.042453047	-0.77745736	0.0049595432
0.62709546	-0.04237949	-0.7777737	0.0048547895
0.62666774	-0.042277664	-0.7781248	0.0046908604
0.626216	-0.042136617	-0.77849704	0.004520188
0.625772	-0.04195583	-0.77886456	0.004376265
0.6253319	-0.04175299	-0.77922946	0.004269826
0.6248631	-0.04157018	-0.7796157	0.0041911164
0.6245804	-0.04153097	-0.77984434	0.0041571665
0.6243149	-0.041603316	-0.78005356	0.0040797037
0.62397987	-0.041800685	-0.78031176	0.003920776
0.62358147	-0.042085536	-0.780616	0.0037295253
0.6230842	-0.042457588	-0.7809939	0.0034846023
0.62252665	-0.04289737	-0.78141534	0.003243456
0.621943	-0.043321155	-0.7818573	0.0030507823
0.6213084	-0.04366346	-0.7823434	0.0029018342
0.62064904	-0.043884795	-0.78285444	0.0028149453
0.62011194	-0.04394479	-0.78327644	0.0028462333
0.619604	-0.043971304	-0.7836768	0.0028488818
0.61918616	-0.043872382	-0.78401196	0.0030056704
0.6188276	-0.043805044	-0.78429806	0.0031813278
0.61844444	-0.043753333	-0.78460264	0.0033186362
0.61801976	-0.04368471	-0.7849407	0.0033678946
0.6174438	-0.04372674	-0.78539205	0.0032647303
0.6168599	-0.04378189	-0.785848	0.0031676951
0.61629987	-0.043888904	-0.78628194	0.0030116674
0.61576355	-0.044113457	-0.7866899	0.0028656817
0.61536723	-0.044371344	-0.78698605	0.002730412
0.61502934	-0.044620406	-0.7872363	0.0026302985
0.6146569	-0.044855446	-0.7875142	0.002497513
0.61386675	-0.04515607	-0.78811413	0.0021445544
0.6133236	-0.045264415	-0.7885314	0.0018885938
0.6126976	-0.045332965	-0.7890146	0.0016237744
0.61193943	-0.045385133	-0.78960025	0.0013711095
0.61114365	-0.045427073	-0.7902141	0.0011821724
0.6102704	-0.045479346	-0.79088604	0.0010256984
0.60931367	-0.045554195	-0.79161924	0.000865976
0.60857	-0.045638517	-0.79218644	0.000708725
0.6078219	-0.045721475	-0.79275584	0.00048593705
0.60710806	-0.045737363	-0.79330194	0.00021026625
0.6064337	-0.045673758	-0.7938212	-0.00008362015
0.6058135	-0.04553489	-0.7943025	-0.00036731927
0.6052339	-0.045349	-0.7947547	-0.00060069415
0.60466385	-0.045159534	-0.7951991	-0.00076322176
0.6040872	-0.045028217	-0.79564476	-0.0008823472
0.6033822	-0.04495191	-0.79618365	-0.0010073361
0.6026026	-0.044918373	-0.7967756	-0.0011492773
0.60198957	-0.044954285	-0.79723656	-0.0012468444
0.6012785	-0.045010474	-0.79776967	-0.0013774403
0.6005863	-0.04508154	-0.79828674	-0.0015016751
0.5999179	-0.04516111	-0.79878443	-0.0015860552
0.5993508	-0.04526027	-0.79920435	-0.0015838137
0.5988489	-0.045344207	-0.799576	-0.0015120164
0.598318	-0.04532238	-0.7999748	-0.0013834505
0.59778017	-0.045261916	-0.8003803	-0.0012952058
0.59715366	-0.045265943	-0.80084765	-0.0012993836
0.5964734	-0.045335475	-0.80135036	-0.0013946929
0.5958622	-0.045434866	-0.8017989	-0.0015525812
0.59521025	-0.045566574	-0.8022751	-0.0017366948
0.59458405	-0.045706503	-0.80273104	-0.0019200287
0.59398687	-0.045851145	-0.8031644	-0.002084559
0.5928258	-0.046049647	-0.8040099	-0.0022788644
0.5927887	-0.046026453	-0.8040385	-0.0023123946
0.592214	-0.046032242	-0.8044613	-0.0023726688
0.591679	-0.046014614	-0.8048558	-0.0024162321
0.5911516	-0.04601549	-0.8052432	-0.0024428882
0.59060895	-0.04606886	-0.80563813	-0.0024650723
0.59003407	-0.0461847	-0.8060525	-0.0024924811
0.5894419	-0.046366785	-0.80647516	-0.0025185416
0.58884346	-0.046603538	-0.8068984	-0.002562568
0.58820724	-0.04688289	-0.80734587	-0.0026341435
0.58759546	-0.04713723	-0.80777615	-0.0027502202
0.58699936	-0.047301207	-0.8081992	-0.0028939045
0.5864213	-0.047315273	-0.8086176	-0.0030156078
0.5858837	-0.047199845	-0.8090135	-0.0031014562
0.58538246	-0.04703261	-0.8093858	-0.0031392921
0.5849076	-0.04688143	-0.809738	-0.0031119722
0.5844398	-0.046747297	-0.81008375	-0.0030272263
0.58398455	-0.04664811	-0.81041825	-0.002898868
0.58351254	-0.046594292	-0.81076175	-0.0027415531
0.5830323	-0.046571232	-0.8111089	-0.0026149936
0.5825562	-0.04651741	-0.8114542	-0.0025660198
0.58208644	-0.046426095	-0.81179655	-0.0025482348
0.5816216	-0.046261583	-0.81213915	-0.00250709
0.5811064	-0.046087883	-0.81251776	-0.0024839004
0.5803833	-0.045924813	-0.8130436	-0.0024991971
0.5803277	-0.045905977	-0.8130843	-0.0025285638
0.57942015	-0.04580245	-0.81373674	-0.002639262
0.5788712	-0.045731485	-0.81413114	-0.0027142793
0.57828546	-0.045644302	-0.81455195	-0.002764498
0.5777893	-0.04556538	-0.81490844	-0.002736839
0.5773201	-0.045511182	-0.8152444	-0.0026222174
0.5768885	-0.045444146	-0.81555426	-0.0024193681
0.57650816	-0.04532922	-0.81583023	-0.0021542942
0.5761407	-0.045151144	-0.8161004	-0.0018684594
0.57574505	-0.044925462	-0.8163926	-0.0015910235
0.57528496	-0.044637963	-0.81673324	-0.0013195318
0.5748791	-0.044401914	-0.8170319	-0.0011438205
0.5744211	-0.044178084	-0.81736636	-0.0009869925
0.5739974	-0.04399299	-0.8176741	-0.00085674535
0.5736019	-0.0438095	-0.8179616	-0.0007121392
0.57321906	-0.043612253	-0.8182406	-0.0005403207
0.57281137	-0.043380942	-0.8185384	-0.00032996954
0.5724418	-0.04315754	-0.8188088	-0.0001323848
0.57198036	-0.042879216	-0.81914574	0.00008311311
0.5714529	-0.042543657	-0.81953144	0.00027247064
0.5703206	-0.041777123	-0.82035905	0.000543902
0.5697653	-0.04138205	-0.82076466	0.00066786486
0.5692103	-0.040988572	-0.82116926	0.0008040042
0.5686972	-0.0406432	-0.8215416	0.00095773843
0.5682742	-0.0403398	-0.821849	0.0011190036
0.56788975	-0.04010856	-0.822126	0.0012631128
0.5674973	-0.039934102	-0.82240504	0.0014086802
0.567128	-0.039810862	-0.8226656	0.0015573149
0.56661195	-0.039654847	-0.8230281	0.0017529783
0.5666046	-0.03965797	-0.82303315	0.0017571388
0.5657606	-0.03942977	-0.8236239	0.0019634452
0.5652624	-0.039318006	-0.8239711	0.002053983
0.56474346	-0.039249044	-0.8243301	0.0021023743
0.5642944	-0.03924495	-0.8246378	0.0020892278
0.5639166	-0.039289333	-0.82489425	0.0020229039
0.56317824	-0.039465267	-0.82539046	0.0018268493
0.5627462	-0.03953948	-0.8256819	0.0017005509
0.5622267	-0.03953029	-0.82603633	0.0015674571
0.56159085	-0.03950684	-0.8264702	0.0014766314
0.560884	-0.039440732	-0.82695335	0.0014063491
0.56018215	-0.03935747	-0.827433	0.0013409713
0.55951595	-0.03931164	-0.82788587	0.0012466182
0.55905366	-0.039364565	-0.8281957	0.0011479324
0.55862916	-0.039540544	-0.8284739	0.001036776
0.55821466	-0.039861213	-0.828738	0.00088508247
0.55795693	-0.04013363	-0.82889867	0.0007232569
0.5576415	-0.040423475	-0.829097	0.00050458603
0.5571726	-0.04069439	-0.82939893	0.00021977909
0.5566235	-0.040913414	-0.82975686	-0.00011567469
0.55594975	-0.041136608	-0.83019733	-0.0004462759
0.55530757	-0.041362118	-0.8306155	-0.0007048842
0.55474824	-0.041534096	-0.8309806	-0.0008280924
0.55423653	-0.04163364	-0.831317	-0.000845064
0.55377316	-0.041627012	-0.8316261	-0.00077436963
0.55271995	-0.041385863	-0.83233875	-0.0005463331
0.5522197	-0.041294206	-0.83267534	-0.00042252848
0.5516938	-0.04126988	-0.8330251	-0.00033505255
0.5512138	-0.041334767	-0.83333945	-0.00030711823
0.55070233	-0.041504055	-0.8336692	-0.000340121
0.550207	-0.041714303	-0.8339857	-0.00038966973
0.54957914	-0.041945837	-0.83438784	-0.0004593962
0.5489073	-0.042166635	-0.83481884	-0.0005484072
0.54830897	-0.04237385	-0.8352015	-0.0006591215
0.5477435	-0.04259762	-0.83556086	-0.0008029759
0.54720795	-0.042831298	-0.8358995	-0.0009835715
0.5467706	-0.043107986	-0.8361712	-0.0011428323
0.5463895	-0.04348973	-0.83640033	-0.0012693289
0.54617053	-0.043765433	-0.83652896	-0.0012784845
0.545921	-0.044059232	-0.83667654	-0.0012177469
0.54563606	-0.04430525	-0.8368496	-0.0011035502
0.54532087	-0.044473227	-0.83704615	-0.0009839257
0.54491454	-0.04456318	-0.837306	-0.00088041724
0.5444719	-0.044597458	-0.8375923	-0.00082168466
0.5439227	-0.04461731	-0.83794785	-0.00081581075
0.54332787	-0.044632237	-0.838333	-0.0008342929
0.5427645	-0.0446754	-0.8386954	-0.00085603644
0.5422689	-0.04472213	-0.8390135	-0.00085805723
0.5417931	-0.044688884	-0.8393227	-0.0007800764
0.5414683	-0.044610355	-0.8395365	-0.0006856552
0.54112905	-0.04444577	-0.8397641	-0.00054392667
0.54078037	-0.04417872	-0.84000283	-0.00036733103
0.54037064	-0.04379207	-0.84028673	-0.00016733154
0.5398886	-0.043326993	-0.8406206	0.00002726292
0.5393735	-0.04285396	-0.8409755	0.00020179423
0.5388122	-0.04241238	-0.8413575	0.00037691384
0.53826225	-0.042053364	-0.8417274	0.00053351844
0.5377322	-0.0417927	-0.84207904	0.00066208304
0.5371876	-0.041614067	-0.8424354	0.0007291372
0.5367742	-0.04153301	-0.84270287	0.0007207116
0.5363037	-0.041477706	-0.8430051	0.00065568835
0.53581786	-0.04143365	-0.8433163	0.00053410407
0.53534573	-0.04141126	-0.8436172	0.0003671676
0.53486913	-0.041458968	-0.8439172	0.00016629635
0.53430533	-0.04163642	-0.8442656	-0.00008036244
0.53428453	-0.041624766	-0.84427917	-0.000099833785
0.5332245	-0.042125043	-0.8449243	-0.00033943303
0.53258675	-0.04238932	-0.84531313	-0.00044122947
0.53190905	-0.042565063	-0.84573096	-0.0005149616
0.531284	-0.042588025	-0.8461225	-0.0005581064
0.53065664	-0.042453058	-0.8465229	-0.00056183094
0.53012955	-0.04218424	-0.84686655	-0.00053565233
0.5296152	-0.04184894	-0.84720504	-0.0004030289
0.52911705	-0.04142879	-0.8475369	-0.0001471831
0.52863556	-0.040964194	-0.84785986	0.00023056155
0.52772933	-0.040131655	-0.8484631	0.001305003
0.5272181	-0.03980959	-0.8487952	0.0017718455
0.5266635	-0.039721493	-0.8491431	0.0019689344
0.52610946	-0.039770428	-0.8494839	0.0020404297
0.52553344	-0.039972812	-0.84983104	0.0019964073
0.5254219	-0.039986763	-0.84989935	0.0020133448
0.5243717	-0.040774085	-0.850511	0.0016756053
0.52385914	-0.041243576	-0.8508047	0.0014265343
0.52334833	-0.04166688	-0.85109884	0.0011208698
0.5228188	-0.04201651	-0.85140735	0.0007333639
0.5222902	-0.04225256	-0.85172033	0.00032223976
0.5217325	-0.042409375	-0.8520544	-0.000095703086
0.52116066	-0.04250305	-0.85239947	-0.00049149414
0.52064806	-0.042533796	-0.8527109	-0.00076975586
0.520163	-0.042515144	-0.8530077	-0.0009388711
0.5196736	-0.042444084	-0.8533095	-0.0010045291
0.5192207	-0.042327996	-0.85359085	-0.0009904206
0.51873225	-0.04214538	-0.85389686	-0.0009293828
0.5181935	-0.041885935	-0.8542367	-0.0008705171
0.5170588	-0.041266985	-0.8549541	-0.00077506877
0.5164416	-0.040927652	-0.8553436	-0.0006747764
0.515739	-0.040516812	-0.8557871	-0.0005151402
0.5151559	-0.040194426	-0.8561534	-0.00031645948
0.5144795	-0.039850987	-0.85657614	-0.000028322793
0.5138893	-0.0396393	-0.8569402	0.0003242546
0.51336646	-0.039438754	-0.85726255	0.00066865823
0.51289284	-0.039293747	-0.8575524	0.0009968426
0.51242006	-0.039156634	-0.85784084	0.0012807647
0.5119145	-0.038966477	-0.85815096	0.0014825264
0.5114024	-0.03876197	-0.85846514	0.0016618666
0.51090753	-0.038557854	-0.85876864	0.0018271408
0.5103796	-0.038321566	-0.8590926	0.0020361159
0.5099873	-0.038195357	-0.85933083	0.0021791814
0.50961393	-0.038149793	-0.8595539	0.002316402
0.50927687	-0.038191833	-0.85975146	0.00240659
0.50899506	-0.03831868	-0.8599126	0.0024468685
0.5087201	-0.03853361	-0.86006576	0.0024331883
0.5084613	-0.038759686	-0.86020887	0.0023594713
0.5081821	-0.03897009	-0.8603647	0.0022615588
0.50783646	-0.039143268	-0.860561	0.002185897
0.50739944	-0.03928815	-0.8608123	0.0021264774
0.50690734	-0.039383683	-0.861098	0.0020878871
0.5063483	-0.03946966	-0.86142284	0.00210503
0.50581414	-0.039558306	-0.86173224	0.0021651788
0.5053314	-0.039651226	-0.8620111	0.0022561864
0.5049919	-0.03970705	-0.86220706	0.0023680266
0.5047084	-0.039703827	-0.8623729	0.0024930928
0.50443465	-0.03961743	-0.8625365	0.002643994
0.5041742	-0.039473288	-0.8626947	0.002836948
0.50390077	-0.039307002	-0.86286134	0.003065698
0.5035647	-0.039133463	-0.86306447	0.0033123104
0.5031142	-0.0389628	-0.86333406	0.0035122747
0.5026921	-0.038830113	-0.8635856	0.0035991822
0.5021944	-0.038765088	-0.863878	0.003597432
0.50166655	-0.038764194	-0.8641851	0.0034850626
0.5011938	-0.03882351	-0.8644575	0.0032953024
0.5009367	-0.038969744	-0.8646006	0.0031073077
0.50075257	-0.039073214	-0.864703	0.0029649017
0.50056785	-0.03910749	-0.8648088	0.0028508431
0.5003025	-0.039078318	-0.8649641	0.0027343445
0.49994475	-0.039010946	-0.86517435	0.0026033279
0.49945495	-0.038915385	-0.865462	0.0024336826
0.49896628	-0.03881974	-0.86574864	0.0022785424
0.49843833	-0.038715206	-0.86605763	0.0021315406
0.49797907	-0.038625557	-0.8663261	0.002033142
0.49756157	-0.038513634	-0.86657107	0.0019938215
0.4971953	-0.038374923	-0.8667873	0.002009116
0.49688566	-0.038215023	-0.86697173	0.0020721569
0.49657983	-0.03802467	-0.8671551	0.0021475295
0.4962275	-0.037819132	-0.8673657	0.0021965567
0.49586263	-0.037618224	-0.86758304	0.0021942065
0.49542874	-0.037426595	-0.8678393	0.002140136
0.49490216	-0.037228838	-0.86814845	0.0020432973
0.49435082	-0.037000768	-0.8684726	0.0019211387
0.4937699	-0.036754087	-0.86881375	0.0017974058
0.4932148	-0.03647255	-0.8691411	0.0016859119
0.49269816	-0.0361623	-0.8694472	0.0015814924
0.49225	-0.035875484	-0.86971307	0.0014881181
0.49185675	-0.0356614	-0.86994445	0.0014161787
0.49155527	-0.03557144	-0.8701185	0.0013796523
0.49133778	-0.035581075	-0.8702409	0.0014002977
0.4912282	-0.035628628	-0.8703006	0.0015013997
0.49112555	-0.03564017	-0.87035793	0.0015721578
0.49092197	-0.03557605	-0.87047535	0.0016285194
0.49052027	-0.03546682	-0.87070626	0.0016144383
0.4901198	-0.03530932	-0.8709382	0.0015753342
0.48973283	-0.03512417	-0.87116367	0.0014710966
0.4893637	-0.03493457	-0.87137866	0.0013625554
0.4890189	-0.034681197	-0.8715823	0.0014305246
0.48862535	-0.034339342	-0.8718163	0.0016323401
0.48832715	-0.03399787	-0.87199616	0.0018826826
0.48804983	-0.03357595	-0.87216693	0.0022079458
0.48776993	-0.03307943	-0.87234145	0.0025516832
0.48745963	-0.032515638	-0.87253517	0.0028633443
0.48701003	-0.03178833	-0.872812	0.0031811493
0.48669928	-0.031225508	-0.8730048	0.0033718888
0.4862259	-0.030511739	-0.8732929	0.0035812228
0.48572925	-0.029828187	-0.87359196	0.003826309
0.48529297	-0.029227344	-0.8738533	0.004119879
0.48484913	-0.028719794	-0.8741148	0.004459354
0.48435447	-0.028259011	-0.87440175	0.0048790113
0.48401475	-0.027986573	-0.8745966	0.0052277027
0.48368675	-0.027743887	-0.8747836	0.0055798083
0.48332852	-0.027509375	-0.87498724	0.0058500594
0.48289925	-0.027185427	-0.87523335	0.005988838
0.48241055	-0.026866969	-0.8755121	0.0060747378
0.4818418	-0.02652516	-0.8758353	0.00612089
0.48118514	-0.026155718	-0.87620705	0.0061609615
0.4804846	-0.025781354	-0.8766022	0.0062111234
0.47987336	-0.025477387	-0.8769453	0.0062804813
0.47921407	-0.025191838	-0.8773136	0.006330382
0.47861335	-0.024985032	-0.87764746	0.006318251
0.47806707	-0.024846803	-0.8779501	0.006194432
0.47756907	-0.024676345	-0.8782266	0.006094472
0.47710466	-0.024469584	-0.8784855	0.005978189
0.47669974	-0.02415335	-0.87871367	0.0060356683
0.47629586	-0.023759618	-0.87894267	0.006141456
0.47591352	-0.023357384	-0.8791595	0.0062874053
0.47530836	-0.022721818	-0.87950116	0.0065905596
0.47501743	-0.022518754	-0.8796623	0.006754084
0.47480422	-0.022380343	-0.87977964	0.0069253296
0.47463682	-0.022251666	-0.8798716	0.0071148053
0.47446272	-0.022092829	-0.879968	0.0073175826
0.4742778	-0.021870224	-0.88007164	0.007494381
0.47401294	-0.021553673	-0.8802207	0.0076679783
0.47366774	-0.021144358	-0.8804147	0.007852994
0.47326356	-0.020635942	-0.8806423	0.008069774
0.47295508	-0.020248758	-0.8808154	0.0082286615
0.4726106	-0.019821187	-0.88100845	0.008392313
0.47228175	-0.019445028	-0.8811918	0.008540197
0.471967	-0.019064749	-0.88136697	0.008714743
0.47169772	-0.018730365	-0.88151616	0.008925733
0.47151273	-0.018471079	-0.88161767	0.009217707
0.47136778	-0.018242989	-0.88169706	0.009493597
0.47124124	-0.017977327	-0.88176686	0.009789145
0.471097	-0.017682146	-0.881846	0.010128265
0.47094214	-0.017349154	-0.881931	0.010496699
0.47081363	-0.016927237	-0.88200355	0.010862169
0.47068557	-0.016447458	-0.88207614	0.01123666
0.47053948	-0.015674196	-0.88216007	0.011856205
0.4704857	-0.015681446	-0.8821885	0.0118674915
0.4703752	-0.014723094	-0.8822523	0.012703174
0.47027752	-0.014115171	-0.8823071	0.01319741
0.4701283	-0.013467958	-0.8823893	0.013676197
0.46998015	-0.012827657	-0.882471	0.014107439
0.46978533	-0.0121355755	-0.88257796	0.014513382
0.4695521	-0.011495964	-0.88270557	0.014822115
0.46927437	-0.010818796	-0.8828568	0.01511677
0.4690561	-0.010200844	-0.8829754	0.015392986
0.46888068	-0.009622188	-0.88306993	0.015680531
0.4686914	-0.008988556	-0.883171	0.016016955
0.46854445	-0.008591465	-0.8832491	0.01623337
0.46832088	-0.008160543	-0.8833673	0.01646733
0.46810874	-0.007793128	-0.8834805	0.016608594
0.46788123	-0.0074433913	-0.88360244	0.016689707
0.46761823	-0.0070383158	-0.8837437	0.01675446
0.46740332	-0.006638508	-0.88385904	0.016835848
0.46727893	-0.0062621497	-0.883925	0.016967824
0.46722797	-0.0058828024	-0.88395077	0.017164014
0.46720785	-0.005474777	-0.8839587	0.01743532
0.46721712	-0.005004021	-0.88394946	0.017791275
0.4672301	-0.004525303	-0.8839372	0.018181624
0.46720773	-0.004046825	-0.8839438	0.018547336
0.46712118	-0.0035555104	-0.8839849	0.018864745
0.467004	-0.0030930203	-0.8840437	0.01909209
0.46689925	-0.0026664163	-0.884097	0.019254055
0.4668138	-0.0023115687	-0.8841404	0.019375267
0.46673635	-0.0020031	-0.88418007	0.019462315
0.46672013	-0.0017443685	-0.88418716	0.019556426
0.46667525	-0.0014658463	-0.8842096	0.019631848
0.46657452	-0.001159222	-0.8842625	0.019667491
0.46642217	-0.00082162424	-0.8843432	0.019671457
0.4662128	-0.00048483736	-0.8844537	0.019671325
0.46601585	-0.00018454327	-0.88455737	0.01968733
0.4658485	0.000085322215	-0.8846442	0.01974281
0.4657527	0.0003170253	-0.88469225	0.019851474
0.46572173	0.0005330587	-0.88470405	0.020042932
0.46576226	0.00079344446	-0.8846752	0.020366805
0.46585044	0.0011072318	-0.8846184	0.020793485
0.46596414	0.0014954688	-0.88454574	0.021305729
0.46604708	0.001984734	-0.88448745	0.021867067
0.46610758	0.0025872323	-0.8844388	0.022475978
0.46615887	0.003329185	-0.88439125	0.023173252
0.46622536	0.004190248	-0.8843308	0.023987675
0.46629754	0.0049221753	-0.8842703	0.024669275
0.46640795	0.0058310903	-0.88418275	0.025505962
0.46657255	0.0076710386	-0.8840341	0.02711086
0.4665991	0.00868049	-0.883991	0.027746422
0.46651593	0.009639347	-0.8840105	0.028202998
0.46628794	0.010745737	-0.88410366	0.028649755
0.46610245	0.01149087	-0.8841811	0.02898998
0.46590877	0.012279311	-0.88426024	0.029365253
0.46583545	0.01315777	-0.8842653	0.029987557
0.46583927	0.013161022	-0.88426346	0.029981578
0.4658277	0.014128774	-0.88422376	0.030876482
0.46581256	0.014681923	-0.8842055	0.03136644
0.46579817	0.015174385	-0.8841932	0.03169207
0.46578437	0.015657313	-0.8841817	0.031977475
0.46580797	0.01621262	-0.8841475	0.032301784
0.46583217	0.016662158	-0.8841163	0.03257479
0.4658601	0.01722233	-0.8840784	0.03291422
0.46591875	0.017819649	-0.88402176	0.033283032
0.4659949	0.018366253	-0.883957	0.03363633
0.4660459	0.018899422	-0.88390625	0.033968367
0.46607825	0.019389417	-0.8838679	0.03424461
0.46612313	0.019859541	-0.88382363	0.034505844
0.46622434	0.020351369	-0.8837468	0.034819465
0.46634847	0.020796236	-0.88365775	0.035153463
0.4664908	0.021259703	-0.883555	0.03556778
0.46665272	0.021687018	-0.88344026	0.03603091
0.466803	0.022093726	-0.88333184	0.036493924
0.46690282	0.022478461	-0.8832526	0.036898345
0.4669244	0.022888763	-0.88321483	0.03727309
0.46688154	0.023261292	-0.8832146	0.037584137
0.46683162	0.023624798	-0.8832194	0.037863597
0.4667823	0.023983011	-0.8832233	0.038155004
0.46674478	0.024414865	-0.8832161	0.038506497
0.46673182	0.024940284	-0.8831901	0.03892015
0.46669275	0.025547504	-0.8831739	0.039359506
0.46665064	0.026170155	-0.8831582	0.039799646
0.46659425	0.02677944	-0.8831516	0.040201247
0.4664841	0.027431833	-0.88317215	0.040585242
0.466432	0.027917935	-0.88316894	0.040921357
0.46636876	0.028361183	-0.8831714	0.041280705
0.4663955	0.02875387	-0.8831272	0.041649688
0.46656126	0.029452108	-0.8829796	0.042431787
0.4666634	0.029815942	-0.8828942	0.042828336
0.46670344	0.03021107	-0.8828417	0.043194976
0.46667197	0.030648101	-0.8828272	0.04352264
0.46659163	0.031143455	-0.88283724	0.04382628
0.46643376	0.03177661	-0.88288003	0.04418878
0.466283	0.032334037	-0.88292426	0.044490006
0.46611524	0.03295141	-0.8829725	0.04483885
0.465947	0.033564042	-0.8830195	0.045205113
0.4657952	0.034178417	-0.88305634	0.045588467
0.46566874	0.03479988	-0.88307756	0.045996238
0.46553686	0.0354329	-0.8831005	0.046404768
0.46541753	0.03605232	-0.8831173	0.046804372
0.46529952	0.036727935	-0.88312787	0.047251526
0.4651976	0.037400384	-0.8831288	0.047707725
0.4650329	0.038201645	-0.8831447	0.048378594
0.4649918	0.038200285	-0.88316643	0.048378684
0.46492562	0.039188825	-0.88311213	0.049208764
0.46482912	0.03975007	-0.88311136	0.04968085
0.46469653	0.04031454	-0.8831312	0.050112344
0.46456996	0.040932886	-0.8831454	0.050532475
0.46445101	0.04158149	-0.8831544	0.050938085
0.46436596	0.0422763	-0.88314086	0.05137241
0.46437487	0.043046046	-0.8830686	0.051893562
0.4643712	0.043812633	-0.8829959	0.05251677
0.46442887	0.04493765	-0.88284993	0.05350231
0.46431687	0.044937354	-0.88290924	0.053495713
0.46443793	0.046259925	-0.88269925	0.054769322
0.46448073	0.047010463	-0.88259184	0.055492785
0.46456906	0.048543047	-0.88236976	0.056945577
0.46459034	0.049306538	-0.88227063	0.05764717
0.46461526	0.050272696	-0.8821479	0.05848408
0.46464875	0.051058654	-0.8820407	0.059151415
0.46467644	0.051932514	-0.8819262	0.059875827
0.46466187	0.053200807	-0.881789	0.060887896
0.4645465	0.054663584	-0.88169813	0.0617817
0.4644419	0.05561905	-0.88165593	0.062313512
0.46434692	0.056605753	-0.88160753	0.06281806
0.46427354	0.057372496	-0.8815704	0.06318309
0.46423465	0.058130212	-0.88151544	0.063543245
0.4642296	0.058839135	-0.88144606	0.0638887
0.46423724	0.059581403	-0.8813658	0.064252175
0.46423796	0.060272682	-0.8812928	0.06460103
0.46419647	0.060968243	-0.88124144	0.06494707
0.464132	0.061652604	-0.8812018	0.065298304
0.46407244	0.062276233	-0.88115853	0.06571203
0.46402335	0.062878154	-0.8811075	0.066168316
0.46401542	0.06340796	-0.88104063	0.066607095
0.46402305	0.063841835	-0.880976	0.06699404
0.46404094	0.06429169	-0.88090456	0.06737851
0.46410853	0.06472367	-0.8808078	0.06776318
0.46420383	0.065121494	-0.88069826	0.068150945
0.46434915	0.06550404	-0.8805593	0.068587445
0.464484	0.06584613	-0.8804289	0.06902197
0.4645851	0.06622139	-0.8803119	0.06947211
0.4646366	0.066678174	-0.88021433	0.06992614
0.46462926	0.06723348	-0.8801412	0.070362285
0.46455815	0.06789792	-0.88009155	0.07081318
0.46447578	0.068651214	-0.88003665	0.07130854
0.46443567	0.06946459	-0.8799486	0.07186707
0.46442434	0.070535205	-0.8798046	0.07265545
0.46442357	0.07050538	-0.87980276	0.07271155
0.464502	0.07189799	-0.8795487	0.073910415
0.4645108	0.07277922	-0.87940586	0.07468785
0.46449283	0.07377016	-0.87925947	0.07554681
0.46443766	0.07375179	-0.87928754	0.075577065
0.46456113	0.07508907	-0.8790155	0.07665796
0.4646124	0.07578566	-0.87887985	0.077214696
0.4647018	0.076426655	-0.87873113	0.077736035
0.46486175	0.07706545	-0.87854326	0.078269646
0.46504828	0.077822715	-0.87832403	0.0788715
0.46520185	0.078516394	-0.878133	0.07940469
0.4653488	0.079239674	-0.8779435	0.079918124
0.46543565	0.0799791	-0.87779224	0.0803353
0.46546245	0.08069847	-0.877688	0.08059947
0.46543217	0.08143977	-0.8776235	0.08073085
0.4653903	0.08214503	-0.8775745	0.08079147
0.4653866	0.08276013	-0.87751245	0.08085916
0.46550474	0.083346255	-0.8773812	0.08100116
0.46566477	0.08392035	-0.8772184	0.08124974
0.4658235	0.08459973	-0.87701976	0.08177937
0.4659765	0.08533735	-0.8768072	0.08241676
0.46610114	0.086062014	-0.8766107	0.08304662
0.46618116	0.08678083	-0.8764418	0.083631136
0.4662334	0.08762139	-0.87627226	0.08423712
0.46626216	0.08816619	-0.8761716	0.08455687
0.4662865	0.08879126	-0.8760674	0.08484674
0.46624136	0.08997983	-0.8759221	0.08534178
0.46614617	0.09066197	-0.8758695	0.085678354
0.4660255	0.091350324	-0.87582034	0.08610518
0.4659081	0.09200158	-0.8757663	0.08659657
0.4658335	0.09259471	-0.8756911	0.08712372
0.4658085	0.0931459	-0.8755921	0.08766281
0.46578795	0.09371989	-0.87548935	0.08818594
0.46577212	0.094386205	-0.8753735	0.08870764
0.46575665	0.09509796	-0.87525624	0.089183144
0.4657456	0.09590644	-0.87512225	0.089688756
0.46575612	0.09677045	-0.8749638	0.09025008
0.46574664	0.09768425	-0.8748065	0.09083778
0.46571565	0.09860959	-0.87464947	0.09150761
0.46573058	0.09954401	-0.8744585	0.0922411
0.46573332	0.100447826	-0.8742731	0.09300186
0.46563447	0.10129303	-0.8741612	0.093629874
0.46541023	0.10224796	-0.8741014	0.09426245
0.4652374	0.10300629	-0.8740533	0.09473488
0.465026	0.103915855	-0.87399864	0.09528215
0.46491647	0.10478753	-0.8738906	0.09585272
0.46484536	0.10559675	-0.8737668	0.096435346
0.46483955	0.106338836	-0.8736182	0.09699241
0.4648583	0.107081436	-0.8734533	0.09756881
0.4648684	0.10785306	-0.87328905	0.098139465
0.46486294	0.10856815	-0.87314343	0.0986716
0.46482065	0.10932262	-0.8730091	0.099225156
0.4647302	0.110010326	-0.87291366	0.09972714
0.46463147	0.11070487	-0.8728185	0.10024941
0.46454462	0.11148624	-0.87269413	0.100867145
0.4644792	0.11223221	-0.8725652	0.10145443
0.46448123	0.113066815	-0.8723801	0.10210944
0.46452546	0.11386392	-0.8721773	0.102752455
0.4645487	0.1147374	-0.87196594	0.10346624
0.4645332	0.11564931	-0.8717615	0.10424106
0.46447796	0.11657401	-0.8715691	0.10506233
0.46416655	0.11791714	-0.8714093	0.106258914
0.46417156	0.117916495	-0.8714065	0.106260575
0.4637862	0.11931198	-0.87126786	0.10751441
0.46359035	0.12014972	-0.87116176	0.10828326
0.46342728	0.121629335	-0.8708586	0.10975828
0.46343565	0.12227633	-0.87066954	0.110500626
0.46341065	0.12298816	-0.8704788	0.111316256
0.4633846	0.12361605	-0.87030995	0.11204732
0.46329638	0.12439739	-0.87014306	0.11284033
0.46309027	0.1251792	-0.8700491	0.11354379
0.46277452	0.1261307	-0.86998165	0.114292376
0.46254662	0.12685463	-0.86992604	0.11483603
0.4622704	0.12764819	-0.8698795	0.115420446
0.4619195	0.12903485	-0.8696987	0.11663821
0.4618005	0.1296924	-0.8695792	0.11727019
0.46166068	0.13037698	-0.8694631	0.117920294
0.4614735	0.13113447	-0.8693555	0.11860495
0.46127385	0.13187428	-0.8692646	0.11922619
0.46108362	0.13266218	-0.8691575	0.11986679
0.46090752	0.13349134	-0.8690328	0.12052552
0.4607361	0.13433038	-0.8689043	0.12117348
0.4606035	0.13514906	-0.8687586	0.12180976
0.46051034	0.13672844	-0.86837745	0.12311026
0.46047515	0.1374755	-0.86819637	0.12368594
0.4603991	0.13821374	-0.8680501	0.12417245
0.46029395	0.13889681	-0.8679418	0.12455637
0.4601872	0.13955443	-0.86783266	0.12497512
0.46007735	0.14025547	-0.86771077	0.12544055
0.45997915	0.14095443	-0.86757535	0.12595312
0.45988303	0.14169519	-0.86742324	0.12651931
0.45978022	0.14247502	-0.86726177	0.12712306
0.45967078	0.14326023	-0.8671021	0.12772381
0.45956835	0.14403765	-0.8669446	0.12828492
0.45945823	0.14481576	-0.86679703	0.12880008
0.4593047	0.14578368	-0.86663026	0.12937705
0.45921248	0.14642303	-0.8665097	0.12978996
0.45904353	0.14720832	-0.86638165	0.13035211
0.45889255	0.14799264	-0.8662333	0.13097951
0.45878243	0.14881726	-0.8660398	0.13170941
0.45870206	0.14964297	-0.86582375	0.13247184
0.45861292	0.15049939	-0.8656053	0.13323508
0.45848632	0.15138714	-0.8654078	0.13394605
0.45835912	0.15219712	-0.8652392	0.13455185
0.45825732	0.15295252	-0.86507297	0.13510984
0.4581767	0.15362169	-0.86491627	0.13562551
0.45812535	0.15427084	-0.8647427	0.13616817
0.45809808	0.15496564	-0.8645362	0.13678141
0.458081	0.15567684	-0.86431587	0.13742185
0.45804125	0.15647694	-0.8640821	0.13811411
0.45798212	0.15710613	-0.86391854	0.13861789
0.45789286	0.15781721	-0.8637515	0.13914473
0.4577936	0.15851474	-0.8635996	0.13962069
0.45769736	0.15920234	-0.8634499	0.14007933
0.45766047	0.1598743	-0.8632697	0.1405444
0.45766422	0.16064532	-0.86303604	0.1410867
0.4576204	0.16225894	-0.86258864	0.14211415
0.45748284	0.16332713	-0.8623599	0.14272112
0.4575136	0.16330923	-0.86234087	0.14275767
0.45712033	0.16448715	-0.862242	0.14326183
0.456621	0.1657457	-0.8621694	0.14383899
0.4563281	0.16650347	-0.86210823	0.1442588
0.45609826	0.16725071	-0.8620102	0.14470631
0.45595986	0.16790551	-0.8618727	0.14520241
0.4558818	0.16857813	-0.8616739	0.14584738
0.4558301	0.16984749	-0.86124986	0.14703605
0.45578247	0.17050466	-0.86103994	0.14765088
0.45573902	0.17118499	-0.8608211	0.14827208
0.45569152	0.17196378	-0.86056954	0.14897539
0.45563155	0.17283185	-0.8602943	0.14974253
0.455567	0.17373069	-0.86000866	0.15053701
0.45551735	0.17470022	-0.8596923	0.15137032
0.45549846	0.17559898	-0.859389	0.15210767
0.45546618	0.17659537	-0.859077	0.15281169
0.4554217	0.17744723	-0.858841	0.15328337
0.45537004	0.1783404	-0.858616	0.15366039
0.45532316	0.17911398	-0.8584341	0.15391558
0.45527264	0.17993048	-0.8582488	0.15414603
0.45522833	0.18071549	-0.858068	0.15436475
0.45518002	0.18143082	-0.8579065	0.154565
0.4551088	0.18209907	-0.857769	0.15475214
0.45499098	0.1828105	-0.85764307	0.15495795
0.45485538	0.18355523	-0.8575129	0.15519562
0.4547077	0.1843295	-0.8573744	0.1554757
0.45463556	0.18508084	-0.85718846	0.15581922
0.45458132	0.1858127	-0.856985	0.15622546
0.4545379	0.18651095	-0.8567734	0.15667899
0.45450374	0.18720983	-0.8565437	0.15720005
0.45447478	0.18793988	-0.8562925	0.15777946
0.45445004	0.18867302	-0.8560344	0.15837592
0.4544163	0.18995775	-0.85555303	0.15953352
0.45440423	0.19044234	-0.85535496	0.16005136
0.4544138	0.1908626	-0.8551794	0.1604617
0.45437407	0.19118735	-0.85507184	0.1607598
0.45433077	0.1915687	-0.85495454	0.16105257
0.45429328	0.19206005	-0.8548003	0.16139129
0.45425212	0.19265325	-0.85461533	0.1617787
0.45416668	0.19339637	-0.8544056	0.16223979
0.45405763	0.19426498	-0.854166	0.16276748
0.45395347	0.19514444	-0.853914	0.1633277
0.4538628	0.19596659	-0.85366493	0.16389602
0.45380765	0.19673494	-0.8534008	0.16450259
0.45378706	0.1974296	-0.8531353	0.16510311
0.45379314	0.19806653	-0.8528782	0.16565122
0.4538116	0.19863555	-0.852648	0.16610341
0.45384637	0.1991399	-0.8524397	0.166474
0.45390671	0.19964309	-0.8522279	0.16679011
0.45396116	0.20003907	-0.852064	0.16700527
0.4539552	0.20047612	-0.8519284	0.16718857
0.45386663	0.20144063	-0.8516774	0.16754833
0.45381916	0.20193696	-0.8515458	0.16774793
0.45370135	0.20256728	-0.8514027	0.16803314
0.45378447	0.20254034	-0.8513531	0.16809236
0.45348597	0.20337175	-0.85123616	0.16848586
0.45332938	0.20385833	-0.8511505	0.1687515
0.45310473	0.20433106	-0.85109293	0.16907291
0.45288733	0.20480211	-0.85101396	0.16948298
0.45268327	0.20528735	-0.850914	0.16994254
0.4524823	0.20583639	-0.8507911	0.17042816
0.4522827	0.20642534	-0.8506585	0.17090717
0.45206302	0.20703068	-0.8505379	0.17135566
0.45184234	0.20762415	-0.85042423	0.17178322
0.45167467	0.20817703	-0.8502904	0.17221698
0.45155653	0.20873064	-0.8501227	0.17268379
0.45148763	0.20928101	-0.84992456	0.17317197
0.4514527	0.20977293	-0.8497304	0.17362109
0.45137766	0.21025766	-0.8495679	0.17402436
0.4512607	0.21073003	-0.8494432	0.1743646
0.45116675	0.2111548	-0.8493314	0.1746383
0.45099843	0.21160845	-0.84925276	0.1749061
0.4508635	0.21203895	-0.8491571	0.1751968
0.45076555	0.21249856	-0.8490192	0.17555965
0.4506654	0.21303867	-0.8488456	0.17600128
0.45053193	0.21365027	-0.84866077	0.17649245
0.45032322	0.21442978	-0.8484423	0.177129
0.4501712	0.21501748	-0.8482723	0.17761631
0.44995123	0.21578129	-0.8480677	0.17822312
0.4497219	0.21658742	-0.8478632	0.17879646
0.44948575	0.21737069	-0.84767145	0.17934819
0.44924048	0.21815018	-0.8474869	0.17988756
0.4489688	0.21893325	-0.8473141	0.18042757
0.44851983	0.22044995	-0.8469179	0.1815535
0.44832438	0.22120136	-0.8466938	0.1821672
0.44815513	0.22224846	-0.84633857	0.1829581
0.44812244	0.22226258	-0.84635866	0.18292807
0.44793612	0.22346786	-0.84599733	0.18358657
0.44783136	0.22429512	-0.8457666	0.1838958
0.44764307	0.22510841	-0.8455967	0.1841415
0.44746992	0.22591555	-0.845422	0.18437584
0.44727793	0.22672842	-0.8452459	0.18465091
0.44704002	0.22771052	-0.84502065	0.1850497
0.44689122	0.22838089	-0.84484	0.18540727
0.44673374	0.22906937	-0.84463876	0.18585384
0.44658664	0.22967695	-0.8444466	0.18633017
0.4464692	0.23020184	-0.8442603	0.18680784
0.4463567	0.23071948	-0.8440645	0.18732177
0.4462146	0.23124115	-0.8438859	0.1878214
0.4459008	0.23233047	-0.8435324	0.18880792
0.44572118	0.23293658	-0.84334457	0.18932289
0.44575816	0.2329556	-0.84332645	0.18929312
0.44544134	0.23426509	-0.84287274	0.19044015
0.44532028	0.23496993	-0.8425883	0.19111235
0.44517764	0.23568945	-0.84230214	0.19181898
0.4449991	0.23639256	-0.8420456	0.19249357
0.44478223	0.23716445	-0.84177524	0.19322588
0.4445656	0.23794533	-0.84150344	0.19394708
0.44432715	0.2387914	-0.8412143	0.19470665
0.4440814	0.23964863	-0.840936	0.19541506
0.44385228	0.24046667	-0.8406808	0.1960274
0.44346526	0.24180366	-0.8402951	0.19691092
0.44325575	0.24241014	-0.84019166	0.19707745
0.44302723	0.2429956	-0.84014374	0.19707504
0.44284615	0.2435773	-0.8400658	0.19709617
0.442676	0.2442165	-0.83996516	0.1971164
0.4424493	0.24498992	-0.8398141	0.19730927
0.44223723	0.24576305	-0.83962864	0.19761193
0.4420252	0.24656789	-0.83941096	0.198008
0.44179812	0.24739952	-0.83917636	0.19847144
0.4415491	0.24822418	-0.83894485	0.1989742
0.44126937	0.24902494	-0.83873683	0.1994706
0.44095102	0.2497968	-0.8385572	0.1999642
0.4405895	0.25059825	-0.8383797	0.2005018
0.44030997	0.25114238	-0.8382561	0.20095144
0.4400222	0.25170895	-0.8381166	0.20145403
0.43979684	0.25220338	-0.83797115	0.20193242
0.43960732	0.25260773	-0.83784366	0.20236813
0.43943098	0.252965	-0.8377303	0.20277412
0.43924177	0.25330567	-0.83763015	0.20317173
0.4389521	0.2539107	-0.8374349	0.20384634
0.43890554	0.2538996	-0.8374593	0.20386
0.43854806	0.25460237	-0.8372612	0.20456532
0.4382204	0.25512332	-0.8371579	0.20504048
0.4379153	0.25560525	-0.83707386	0.20543495
0.43759084	0.25609824	-0.83699614	0.20582868
0.43728477	0.2565344	-0.8369409	0.20616019
0.4369847	0.25698718	-0.8368725	0.20651005
0.4367346	0.2573914	-0.8367892	0.20687295
0.43654352	0.25776777	-0.8366655	0.20730749
0.43639952	0.2581739	-0.83649135	0.2078074
0.4362538	0.25859794	-0.8362922	0.2083872
0.43599582	0.259169	-0.83609843	0.2089941
0.4357396	0.2598491	-0.83583486	0.20973666
0.43557367	0.26043195	-0.8355829	0.21036176
0.435426	0.2611007	-0.8352956	0.21097851
0.43521914	0.2617612	-0.83508503	0.21142006
0.4350075	0.26247913	-0.8348775	0.21178497
0.43481374	0.26310685	-0.83471465	0.21204537
0.43464538	0.26371813	-0.8345454	0.21229757
0.434528	0.26430446	-0.8343425	0.21260563
0.43444988	0.26490912	-0.8340924	0.21299367
0.43441004	0.2655132	-0.8338076	0.21343713
0.43437842	0.26609904	-0.8335255	0.21387386
0.434321	0.2667478	-0.83324057	0.21429193
0.43430045	0.2673441	-0.83297706	0.21461484
0.4341509	0.26798585	-0.8328028	0.21479337
0.43391746	0.26865792	-0.8326943	0.21484628
0.43365467	0.26934257	-0.8326188	0.21481262
0.43327883	0.27066803	-0.8324312	0.21463107
0.43312097	0.27122813	-0.83233297	0.21462376
0.43298993	0.2716956	-0.8322509	0.21461526
0.43288448	0.27209955	-0.8321785	0.21459706
0.4328322	0.27230972	-0.83214164	0.21457852
0.432802	0.27249593	-0.8321151	0.21450639
0.43275476	0.2726646	-0.83211297	0.21439528
0.4327131	0.27283865	-0.8321085	0.21427555
0.43263394	0.27297702	-0.8321247	0.21419586
0.43254203	0.27311707	-0.83213735	0.21415403
0.4325635	0.27322942	-0.83206886	0.2142336
0.43258548	0.27337	-0.83197206	0.21438605
0.43255547	0.27361584	-0.83184403	0.2146291
0.43248263	0.2739404	-0.8317079	0.21488954
0.43241364	0.27419722	-0.8316104	0.21507786
0.43230087	0.2745216	-0.8315032	0.21530539
0.43217364	0.2748697	-0.831381	0.21558802
0.43202683	0.27525845	-0.8312306	0.21596614
0.43190756	0.27559322	-0.8310685	0.21640113
0.43174058	0.27624363	-0.8306147	0.21764389
0.43164307	0.27652115	-0.8304001	0.21830226
0.43153736	0.276818	-0.83017665	0.21898453
0.4314393	0.27711108	-0.8299716	0.2195831
0.43136585	0.277452	-0.82973367	0.22019508
0.4313276	0.27780968	-0.82949203	0.22072953
0.43122378	0.278319	-0.82923913	0.22123979
0.43103507	0.2789295	-0.82902545	0.22163919
0.43083856	0.27963722	-0.82879686	0.22198436
0.4306496	0.2803304	-0.828596	0.22222616
0.43050075	0.28097415	-0.82841504	0.2223762
0.4304194	0.28151673	-0.8282513	0.2224574
0.43040323	0.28189948	-0.82812965	0.22245675
0.43068987	0.28204927	-0.8279741	0.22229114
0.43080375	0.2820901	-0.82791775	0.22222893
0.43103018	0.2820955	-0.82783395	0.22209515
0.43130562	0.28208032	-0.8277377	0.22193842
0.4315775	0.28208056	-0.82763135	0.22180624
0.4319443	0.28208655	-0.8274483	0.22176667
0.43263975	0.28214818	-0.82702416	0.22191544
0.4325878	0.28215697	-0.8270546	0.2218919
0.43289995	0.28215778	-0.82686585	0.22198558
0.4332507	0.28210276	-0.8266752	0.22208177
0.4336496	0.28203017	-0.8264684	0.2221647
0.4339231	0.28199133	-0.82632935	0.22219679
0.43419698	0.2819423	-0.8262066	0.22218056
0.43443152	0.28183106	-0.8261389	0.22211532
0.43470302	0.28161353	-0.82608974	0.22204275
0.43502402	0.28131145	-0.82602215	0.22204876
0.4353845	0.28098798	-0.8259085	0.22217381
0.43579268	0.28068897	-0.8257315	0.22240928
0.43621513	0.28043866	-0.8255179	0.22269008
0.43724427	0.28010422	-0.82499516	0.22302952
0.4377273	0.27994248	-0.8247605	0.2231532
0.4376811	0.27991366	-0.8247825	0.223198
0.43810046	0.27977115	-0.8246046	0.22321202
0.43855715	0.2795748	-0.8244491	0.22313526
0.43905997	0.27928138	-0.82432175	0.22298439
0.4395533	0.27892724	-0.8242256	0.2228108
0.44011202	0.27848682	-0.8241311	0.22260849
0.44082057	0.27796644	-0.8239947	0.22236186
0.44141394	0.27754268	-0.8238758	0.22215475
0.44218612	0.2770284	-0.8237147	0.22185758
0.4430626	0.2764639	-0.8235427	0.22145109
0.44394442	0.27595538	-0.8233666	0.22097427
0.44468325	0.27548218	-0.8232636	0.22046222
0.4454095	0.27504545	-0.82319015	0.21981424
0.4461271	0.27460808	-0.82308316	0.21930598
0.4467591	0.27424034	-0.82294524	0.21899748
0.44746977	0.27390787	-0.82272214	0.21880022
0.44816524	0.27364993	-0.8224425	0.2187514
0.44887358	0.2733907	-0.8221273	0.21880774
0.44959378	0.27308488	-0.8218072	0.21891353
0.45032263	0.2727359	-0.82148755	0.21905029
0.45114025	0.2723323	-0.82112724	0.2192208
0.45179787	0.2720042	-0.82083553	0.21936597
0.4525577	0.271636	-0.8204969	0.21952264
0.4531904	0.2713731	-0.820195	0.21967101
0.45386967	0.2711442	-0.8198487	0.21984382
0.45453474	0.2709519	-0.8195022	0.21999878
0.45529187	0.27077988	-0.81910837	0.22011162
0.45593062	0.27063498	-0.8187861	0.22016646
0.45660964	0.2705002	-0.81844956	0.2201765
0.4573516	0.2703818	-0.8180765	0.22016847
0.45792636	0.27033016	-0.8177736	0.22016244
0.45854127	0.27033314	-0.81742626	0.22016874
0.4591097	0.2704454	-0.8170716	0.22016281
0.45968994	0.2705565	-0.8167084	0.22016305
0.46027848	0.27069998	-0.81632954	0.22016217
0.46087095	0.27083525	-0.8159428	0.2201903
0.4616439	0.27082506	-0.8154827	0.22028776
0.46239257	0.2708198	-0.815037	0.22037385
0.4631668	0.2707184	-0.8146098	0.22045155
0.46397737	0.27056122	-0.81420887	0.22042127
0.46477184	0.27023923	-0.813868	0.22040178
0.46557182	0.26992658	-0.81352234	0.22037233
0.46637845	0.26964408	-0.81318325	0.22026435
0.4671813	0.269402	-0.81284666	0.22010118
0.46798828	0.26915047	-0.8125221	0.21989273
0.46878126	0.26886433	-0.81221855	0.21967521
0.4695441	0.26854646	-0.81193244	0.21949235
0.47035292	0.26819393	-0.81161505	0.21936558
0.4711726	0.26784727	-0.81126577	0.21932192
0.4719604	0.26752713	-0.810898	0.21937883
0.47272065	0.26724938	-0.8105009	0.2195478
0.47342512	0.26705602	-0.810088	0.2197894
0.47406182	0.26695535	-0.80965704	0.2201266
0.47462612	0.26693404	-0.80922455	0.22052614
0.47517505	0.26697323	-0.80876344	0.2209882
0.47566706	0.2670562	-0.8083175	0.22146037
0.47616827	0.26715735	-0.80785346	0.22195376
0.47669646	0.26724014	-0.80738145	0.2224379
0.47728977	0.26725495	-0.80688924	0.2229333
0.47788128	0.26715782	-0.8064487	0.22337545
0.4785519	0.26690942	-0.80601364	0.2238069
0.4790868	0.26662204	-0.80572134	0.22405712
0.47975478	0.26618767	-0.8054092	0.22426663
0.48034623	0.26577914	-0.8051661	0.22435792
0.48107672	0.26529756	-0.8048796	0.22439098
0.48184335	0.2648631	-0.8045724	0.22436096
0.4826281	0.2645398	-0.80422664	0.22429542
0.4834347	0.26432014	-0.8038385	0.22420871
0.4842551	0.26413575	-0.8034381	0.22409074
0.4850986	0.2638825	-0.80306405	0.22390537
0.48581252	0.2636322	-0.8027632	0.22373082
0.48648357	0.26338208	-0.80246985	0.22361985
0.48721564	0.2631226	-0.8021214	0.22358154
0.48788312	0.26293665	-0.80176777	0.22361317
0.488987	0.2628574	-0.8010488	0.22387166
0.48951733	0.26296145	-0.80061257	0.22415118
0.49001563	0.26312262	-0.80015045	0.22452311
0.4904837	0.26330918	-0.7996837	0.224945
0.49101293	0.26353654	-0.7991337	0.22547749
0.49145082	0.2636471	-0.7987212	0.22585584
0.492001	0.26368353	-0.7982506	0.22627856
0.49259564	0.2635869	-0.79780376	0.22667317
0.49324486	0.2633701	-0.797377	0.22701482
0.49386856	0.26309586	-0.79701555	0.22724555
0.49446315	0.26281992	-0.7966979	0.22738583
0.49509457	0.26253727	-0.79638064	0.22744985
0.4957218	0.2622456	-0.7960923	0.22742988
0.49636897	0.26194283	-0.7958188	0.22732422
0.4969955	0.26164925	-0.795568	0.22717123
0.4975389	0.26140752	-0.7953501	0.2270234
0.49806982	0.26120093	-0.795127	0.22687829
0.49853602	0.26106086	-0.79491216	0.22676817
0.4989676	0.26095942	-0.7946785	0.22675452
0.49947444	0.26080728	-0.7943655	0.2269104
0.49994534	0.26069313	-0.79404676	0.22711992
0.5006371	0.26044127	-0.793582	0.22750941
0.50130314	0.2602121	-0.7931191	0.22791877
0.5018854	0.26005194	-0.79269606	0.22829132
0.5023907	0.25994182	-0.7923214	0.22860596
0.50290453	0.25977537	-0.79201406	0.22873047
0.5033646	0.25961897	-0.79178804	0.22867857
0.5039207	0.2594314	-0.7915647	0.22843933
0.5039434	0.25945857	-0.7915526	0.22840072
0.5046811	0.25924215	-0.7912862	0.22794013
0.5051835	0.25909722	-0.79109216	0.22766532
0.50575405	0.2589456	-0.79084235	0.22743872
0.5062713	0.25882873	-0.79058397	0.22731921
0.506829	0.2587294	-0.7902755	0.22726232
0.5073396	0.25867152	-0.7899739	0.22723714
0.5078096	0.25867355	-0.7896731	0.22723119
0.5082115	0.25874183	-0.7893882	0.22724508
0.50856614	0.25888354	-0.7890992	0.22729343
0.50888973	0.25906956	-0.7887961	0.2274091
0.50919783	0.2592817	-0.788468	0.22761543
0.50949866	0.25949913	-0.78811175	0.22792861
0.50980467	0.25976908	-0.78769416	0.22837937
0.5101068	0.26006806	-0.7872289	0.22896811
0.5104674	0.2603454	-0.78669816	0.22967222
0.5108577	0.26056582	-0.7861642	0.23038174
0.51124364	0.2607742	-0.7856427	0.23106782
0.51159185	0.26099396	-0.7851728	0.23164535
0.51190907	0.2612304	-0.784762	0.23206973
0.5121193	0.26152244	-0.7844829	0.23222066
0.51241314	0.26165682	-0.78429294	0.23206311
0.51269835	0.26177254	-0.78410864	0.23192497
0.51305044	0.26180598	-0.783917	0.23175646
0.5134642	0.2617711	-0.78368723	0.23165686
0.51390123	0.2616738	-0.78343356	0.23165591
0.51433164	0.26152152	-0.7831901	0.23169585
0.5147643	0.26133567	-0.78295237	0.23174779
0.5151443	0.26117852	-0.78274757	0.23177283
0.5154751	0.26105833	-0.7825725	0.23176357
0.51578945	0.2609514	-0.78240126	0.23176274
0.516147	0.26082057	-0.78219175	0.23182148
0.5165275	0.26067516	-0.78194433	0.2319721
0.51687586	0.2605482	-0.78169304	0.23218554
0.51717365	0.26044533	-0.7814591	0.23242533
0.5174203	0.26034877	-0.78125525	0.23266955
0.5176138	0.26024237	-0.78109443	0.23289819
0.5177379	0.26014295	-0.78098595	0.23309703
0.51781476	0.26008883	-0.78089947	0.23327641
0.51787543	0.2601163	-0.7807934	0.23346551
0.51788884	0.26023912	-0.7806763	0.23369074
0.51783884	0.26043418	-0.78057456	0.23392433
0.51770526	0.26071104	-0.78049845	0.2341652
0.51753616	0.26102248	-0.7804339	0.23440687
0.517362	0.2613113	-0.78038466	0.2346333
0.51717126	0.26158854	-0.78035444	0.23484561
0.51700306	0.26190546	-0.78030366	0.23503122
0.5168316	0.26228708	-0.7802378	0.23520142
0.51672876	0.2626766	-0.78010744	0.23542479
0.5166057	0.2630774	-0.7799791	0.23567231
0.51647025	0.2634445	-0.7798555	0.23596832
0.51635635	0.26367936	-0.7797711	0.23623414
0.5162537	0.26382703	-0.7797036	0.23651575
0.5162	0.26385117	-0.7796649	0.23673376
0.51620245	0.2637354	-0.7796788	0.2368111
0.5162391	0.26349184	-0.7797671	0.23671198
0.516441	0.26270327	-0.7800578	0.2361897
0.51639634	0.26273447	-0.780092	0.23613958
0.5164859	0.26230714	-0.78029317	0.23575409
0.5165653	0.26194468	-0.7804731	0.23538725
0.51664096	0.26164204	-0.7806303	0.23503645
0.5167286	0.26140454	-0.7807391	0.23474614
0.51685816	0.26117563	-0.7808025	0.23450501
0.5170055	0.26095244	-0.7808444	0.23428923
0.5171402	0.26072958	-0.78089696	0.23406418
0.51726973	0.26051566	-0.78094274	0.23386379
0.51740915	0.26032493	-0.78096235	0.23370191
0.517527	0.26020038	-0.7809571	0.2335974
0.51764005	0.2601733	-0.78090096	0.23356473
0.5177102	0.26024646	-0.78081787	0.23360549
0.51771474	0.26045606	-0.78072387	0.23367555
0.51768416	0.26078433	-0.7806168	0.23373531
0.5175946	0.26119053	-0.780531	0.23376645
0.51726556	0.26186678	-0.7805155	0.23379008
0.51715785	0.26211303	-0.7804978	0.23381127
0.51706845	0.26233327	-0.7804619	0.23388201
0.5169108	0.26251426	-0.780411	0.23419683
0.5168234	0.26252514	-0.7804411	0.23427714
0.51675636	0.26249322	-0.7804744	0.23434977
0.5167341	0.26240548	-0.7804941	0.23443158
0.51674014	0.26227912	-0.78049946	0.23454241
0.516737	0.26219296	-0.78048986	0.23467764
0.5167146	0.26219067	-0.7804676	0.23480293
0.51665884	0.26224995	-0.78045785	0.23489179
0.51659405	0.26235437	-0.78045195	0.23493753
0.51652455	0.2624923	-0.7804533	0.23493154
0.5164248	0.2626565	-0.78049487	0.23482949
0.5163396	0.2628247	-0.78054357	0.23466626
0.51629496	0.26295257	-0.7805936	0.23445493
0.51628166	0.26300204	-0.7806718	0.2341683
0.5162951	0.26295742	-0.78078103	0.23382406
0.516367	0.26285273	-0.78087246	0.23347801
0.51646656	0.2627462	-0.78093994	0.23315172
0.5166015	0.2626445	-0.78097415	0.2328524
0.5168154	0.26250917	-0.7809589	0.23258114
0.5171143	0.26228243	-0.78090966	0.23233823
0.5174868	0.26190788	-0.78086567	0.2320786
0.51790977	0.2613472	-0.7808364	0.23186557
0.51826876	0.26066044	-0.7809097	0.23158912
0.51840633	0.26005796	-0.78113824	0.23118752
0.5183711	0.25955063	-0.7814605	0.23074745
0.518294	0.2591854	-0.781743	0.23037428
0.5182694	0.25894603	-0.7818894	0.23020157
0.5182969	0.25881827	-0.7819085	0.23021853
0.51832134	0.25880384	-0.78186643	0.23032232
0.5182627	0.25894043	-0.78182566	0.23043935
0.51818067	0.2591043	-0.7817729	0.23061854
0.5181236	0.25922388	-0.78172046	0.23078977
0.51806545	0.25926614	-0.7817121	0.23090144
0.51800615	0.25925454	-0.78174067	0.2309508
0.51794237	0.25919712	-0.78180057	0.2309556
0.51789755	0.25905403	-0.781891	0.23091061
0.5178916	0.25883007	-0.781998	0.23081312
0.5178861	0.25854605	-0.78214073	0.23065968
0.51785237	0.25833544	-0.78227496	0.23051587
0.51784164	0.25809777	-0.782405	0.23036541
0.51785284	0.25788924	-0.7825052	0.23023331
0.51788485	0.25774598	-0.7825629	0.23012532
0.5179281	0.2576967	-0.78257114	0.2300552
0.51798433	0.25771722	-0.7825337	0.2300328
0.5180534	0.25778672	-0.7824585	0.23005521
0.5181195	0.25789598	-0.78235966	0.23011996
0.51816446	0.25804493	-0.7822484	0.23023012
0.5181847	0.25816944	-0.7821504	0.23037772
0.51820403	0.25827593	-0.78203946	0.23059161
0.51822877	0.25833738	-0.7819321	0.23083135