0.2529696	-0.74671316	-0.49673367	-0.36287943
0.252739	-0.74660546	-0.49697685	-0.36292893
0.25261155	-0.7464518	-0.49721232	-0.3630111
0.25257534	-0.74628985	-0.4973923	-0.36312276
0.25256327	-0.74616134	-0.49750468	-0.36324126
0.25255534	-0.7460913	-0.49753386	-0.36335075
0.25256878	-0.7460662	-0.49749863	-0.3634409
0.252493	-0.74608684	-0.49745166	-0.36351576
0.25235465	-0.74613214	-0.4973981	-0.3635919
0.25222254	-0.74613714	-0.49739942	-0.36367154
0.25213212	-0.7461092	-0.49741828	-0.36376584
0.25209498	-0.7460726	-0.49742278	-0.36386058
0.2520662	-0.74604774	-0.49742427	-0.36392945
0.2520561	-0.7460313	-0.49743262	-0.36395872
0.25209743	-0.7459985	-0.4974643	-0.363954
0.2521998	-0.74593955	-0.49751607	-0.36393294
0.25236595	-0.7458451	-0.4975867	-0.36391497
0.2525626	-0.74572647	-0.49764755	-0.3639384
0.2527286	-0.7456317	-0.49768505	-0.363966
0.25279886	-0.74560547	-0.49769944	-0.36395133
0.25276023	-0.7456481	-0.49770078	-0.36388904
0.25264674	-0.7457284	-0.49769515	-0.36381093
0.25254762	-0.7458009	-0.49766243	-0.36377585
0.25249898	-0.74584204	-0.49763015	-0.3637695
0.25250193	-0.74583554	-0.4976268	-0.36378536
0.25254294	-0.74578583	-0.49765036	-0.3638266
0.25257102	-0.7457212	-0.49770987	-0.36385807
0.2525603	-0.74566996	-0.49778125	-0.3638729
0.25250456	-0.7456492	-0.49784175	-0.36387137
0.25240833	-0.7456531	-0.49788228	-0.36387467
0.2522674	-0.745671	-0.49792	-0.36388412
0.25212565	-0.7456839	-0.49797675	-0.36387816
0.25200522	-0.74568135	-0.49805775	-0.363856
0.25191963	-0.74567235	-0.4981197	-0.36384892
0.25188917	-0.74564767	-0.49817505	-0.36384493
0.2518905	-0.74558556	-0.49826303	-0.36385086
0.25189063	-0.7454906	-0.49840206	-0.3638547
0.25183716	-0.7453955	-0.49857077	-0.36385548
0.25182185	-0.7453942	-0.49857843	-0.36385843
0.25167534	-0.7453155	-0.49878144	-0.3638425
0.25142923	-0.74527353	-0.4989946	-0.3638065
0.2513111	-0.74524975	-0.49911577	-0.3637706
0.2513169	-0.7452263	-0.4992204	-0.36367095
0.25132114	-0.7452064	-0.49932495	-0.36356527
0.25135323	-0.7451947	-0.49940032	-0.36346364
0.2513915	-0.74519336	-0.49942836	-0.3634013
0.2514235	-0.7451954	-0.49941206	-0.3633974
0.25145116	-0.74519074	-0.4993823	-0.3634287
0.25147566	-0.74518013	-0.49935493	-0.36347118
0.25151005	-0.7451605	-0.49933687	-0.36351234
0.25154245	-0.7451471	-0.49932688	-0.36353105
0.2515538	-0.745159	-0.4993205	-0.36350763
0.2515481	-0.7451935	-0.49930468	-0.36346278
0.25152507	-0.7452278	-0.49927154	-0.3634538
0.2514724	-0.7452609	-0.4992349	-0.36347267
0.25132516	-0.7452682	-0.4991885	-0.3636231
0.25124982	-0.74527067	-0.49913907	-0.36373803
0.25119528	-0.7452678	-0.49907085	-0.36387518
0.25116327	-0.7452603	-0.4989998	-0.36401013
0.25114912	-0.7452477	-0.49894902	-0.36411518
0.2511647	-0.74525136	-0.4989413	-0.36410752
0.2509176	-0.7453431	-0.4989564	-0.36406943
0.25085318	-0.74539715	-0.49895146	-0.36401013
0.25085083	-0.7454457	-0.49891162	-0.36396682
0.25090614	-0.7454669	-0.49887693	-0.36393288
0.25101718	-0.7454402	-0.498884	-0.36390117
0.25116387	-0.7453197	-0.4990012	-0.36388612
0.25135618	-0.74512535	-0.4992161	-0.3638567
0.25128174	-0.7451156	-0.49925295	-0.36387753
0.25120094	-0.7449707	-0.4995171	-0.36386728
0.2511229	-0.7448838	-0.4996683	-0.36389145
0.25106123	-0.7448835	-0.4996987	-0.36389297
0.25097933	-0.7447183	-0.49990317	-0.3640067
0.2508784	-0.74463767	-0.5000194	-0.36408168
0.25075224	-0.7445824	-0.50012624	-0.3641349
0.25063372	-0.74453765	-0.50020653	-0.36419755
0.25054199	-0.7444823	-0.50026023	-0.36430028
0.2505102	-0.7444276	-0.50030434	-0.3643732
0.25052375	-0.7443582	-0.50037104	-0.3644141
0.25056618	-0.7442929	-0.5004642	-0.36439025
0.25063914	-0.74423194	-0.5005723	-0.36431617
0.2507467	-0.7441519	-0.500712	-0.36421368
0.25087866	-0.74404305	-0.50088054	-0.36411342
0.25122294	-0.74375755	-0.5012676	-0.36392668
0.25134894	-0.7435467	-0.5015398	-0.36389548
0.25145394	-0.7432822	-0.5018987	-0.3638684
0.2515534	-0.74293774	-0.5024087	-0.3637995
0.25148	-0.7428785	-0.50244546	-0.36392033
0.2515944	-0.742506	-0.50315464	-0.36362138
0.25171843	-0.74229056	-0.5036037	-0.36335358
0.25184533	-0.7421264	-0.5039281	-0.36315134
0.25210166	-0.74191475	-0.5042888	-0.362905
0.25245726	-0.7416498	-0.5046604	-0.36268288
0.25286582	-0.74134725	-0.505037	-0.36249247
0.25329486	-0.7410088	-0.5054583	-0.36229774
0.2537568	-0.74065226	-0.5059065	-0.36207783
0.25426325	-0.740291	-0.5063476	-0.36184466
0.25471544	-0.7399573	-0.5067564	-0.36163685
0.25517288	-0.7396344	-0.5071386	-0.36143917
0.25560355	-0.73930746	-0.5075378	-0.36124334
0.25598264	-0.739012	-0.5079245	-0.36103585
0.25629812	-0.73866725	-0.50842315	-0.3608157
0.2565681	-0.73832387	-0.50896055	-0.36056873
0.25684103	-0.7379658	-0.5095252	-0.36031002
0.2571345	-0.73759586	-0.5100798	-0.36007336
0.25747356	-0.73719144	-0.51066715	-0.3598268
0.25777924	-0.7368385	-0.5111529	-0.35964108
0.25811777	-0.7364637	-0.51165223	-0.3594559
0.2584351	-0.7360971	-0.5121408	-0.35928297
0.2587071	-0.7357755	-0.512587	-0.35910946
0.25896272	-0.7354955	-0.51299584	-0.35891515
0.25919196	-0.73524106	-0.5133877	-0.3587105
0.25942484	-0.73499084	-0.51378673	-0.35848346
0.2596505	-0.7347435	-0.5142062	-0.35822585
0.25989637	-0.7344807	-0.5146515	-0.35794678
0.26015928	-0.73419774	-0.51511055	-0.35767588
0.26035368	-0.73398685	-0.5154406	-0.35749173
0.26060945	-0.7337156	-0.5158483	-0.35727397
0.26100937	-0.7333518	-0.5163086	-0.35706395
0.26097995	-0.7333548	-0.5163231	-0.35705847
0.26165318	-0.73285836	-0.51690656	-0.3567407
0.2620959	-0.73257	-0.5172393	-0.35652557
0.2625821	-0.73226315	-0.5176123	-0.3562568
0.26310468	-0.731912	-0.518062	-0.35593888
0.26364806	-0.731522	-0.51855487	-0.3556208
0.26425856	-0.7310697	-0.5191196	-0.3552738
0.26477143	-0.73067087	-0.5196208	-0.35497937
0.26531127	-0.73019874	-0.5202223	-0.35466686
0.26573348	-0.7297902	-0.5208023	-0.35434017
0.2661135	-0.7293899	-0.52136964	-0.35404485
0.26645803	-0.72901434	-0.5219829	-0.35365543
0.26676187	-0.72866493	-0.52254796	-0.3533118
0.2670964	-0.7283092	-0.5230733	-0.35301486
0.26746228	-0.72792846	-0.5236089	-0.3527292
0.26785508	-0.7275303	-0.5241591	-0.35243535
0.2678764	-0.72752273	-0.52414876	-0.35245013
0.26839605	-0.7270449	-0.52482194	-0.3520387
0.2691587	-0.7265495	-0.525548	-0.3513957
0.2696364	-0.7262665	-0.525954	-0.35100657
0.27015638	-0.72595245	-0.5264055	-0.35057938
0.2706251	-0.7256359	-0.52686536	-0.3501822
0.2710729	-0.7252674	-0.5274214	-0.349762
0.2714987	-0.7248381	-0.5280685	-0.3493451
0.27189076	-0.72437495	-0.52877235	-0.34893575
0.2722601	-0.72387934	-0.5295465	-0.3485021
0.27263406	-0.72336394	-0.5303479	-0.3480611
0.27306765	-0.7228111	-0.5311618	-0.34762815
0.2735485	-0.7222373	-0.53196883	-0.3472084
0.27408877	-0.7216027	-0.53283775	-0.34676915
0.27463084	-0.7209668	-0.53371096	-0.34631976
0.2750907	-0.720393	-0.53450984	-0.34591657
0.27553052	-0.7198075	-0.5353456	-0.3454926
0.2759298	-0.7192232	-0.5361814	-0.3450945
0.27632508	-0.7186506	-0.5370003	-0.34469765
0.2767483	-0.7180851	-0.53779995	-0.3442898
0.27727965	-0.7175249	-0.5385161	-0.34391066
0.27782157	-0.7169492	-0.5392517	-0.34352112
0.27843076	-0.71636844	-0.5399306	-0.34317276
0.27895528	-0.7158444	-0.5405602	-0.3428492
0.27942	-0.715327	-0.54120594	-0.34253174
0.2798105	-0.7148367	-0.5418504	-0.3422176
0.28014424	-0.71432924	-0.5425504	-0.34189475
0.28062385	-0.7133517	-0.5439524	-0.3413142
0.28078705	-0.71289325	-0.544628	-0.3410605
0.28095597	-0.71245295	-0.5452274	-0.3408838
0.28114188	-0.7120517	-0.5457221	-0.34077713
0.2813493	-0.7116939	-0.5461151	-0.34072396
0.28158635	-0.71138173	-0.54643553	-0.3406661
0.28183284	-0.7111053	-0.54672617	-0.34057316
0.28206778	-0.710867	-0.5470008	-0.3404351
0.28234205	-0.71060807	-0.54732186	-0.34023234
0.2826544	-0.71033263	-0.54765403	-0.34001327
0.2830305	-0.70999277	-0.54806256	-0.3397521
0.2834478	-0.7095891	-0.54855305	-0.33945572
0.2841333	-0.7088621	-0.54946464	-0.33892706
0.28416115	-0.7088516	-0.5494513	-0.33894742
0.2849772	-0.7079416	-0.55063945	-0.3382353
0.28551042	-0.70733374	-0.55144733	-0.33774072
0.28608	-0.70669305	-0.5523091	-0.33719116
0.28670228	-0.7060446	-0.5531661	-0.33661568
0.28743973	-0.70536566	-0.55402607	-0.3359955
0.28821433	-0.70469224	-0.5548704	-0.3353509
0.28906342	-0.70401585	-0.5556929	-0.3346781
0.28987956	-0.7033626	-0.55645853	-0.3340732
0.29064083	-0.7027644	-0.55717075	-0.3334832
0.29134673	-0.70217246	-0.5579085	-0.33288008
0.29202557	-0.7015582	-0.55866015	-0.3323195
0.29259205	-0.70099074	-0.5593341	-0.3318845
0.29316068	-0.70036936	-0.5600469	-0.33149213
0.2936945	-0.6997256	-0.5607724	-0.33115244
0.29418877	-0.6990397	-0.5615678	-0.3308144
0.2945993	-0.69834536	-0.56242657	-0.33045655
0.29490635	-0.697699	-0.5632793	-0.33009526
0.2951627	-0.69708854	-0.56410795	-0.32974038
0.29540944	-0.6964734	-0.56494355	-0.32938847
0.29563737	-0.69584537	-0.5657968	-0.32904696
0.29581043	-0.69524324	-0.5666457	-0.32870322
0.29604056	-0.69442517	-0.5677649	-0.32829377
0.29605678	-0.694426	-0.56775683	-0.32829124
0.2964362	-0.6933475	-0.56913894	-0.32783493
0.2966609	-0.6927513	-0.5699045	-0.32756183
0.2968818	-0.69213516	-0.5707202	-0.32724407
0.29706872	-0.69165117	-0.5713684	-0.32696658
0.29728928	-0.69113374	-0.57205313	-0.3266626
0.2975394	-0.690619	-0.5727237	-0.32634857
0.29781854	-0.690128	-0.5733488	-0.3260346
0.29813543	-0.6896196	-0.57399535	-0.32568318
0.29815173	-0.68962187	-0.5739872	-0.3256778
0.29884842	-0.6887398	-0.5750552	-0.32502094
0.29948115	-0.6880119	-0.5759332	-0.32442516
0.29997438	-0.6874525	-0.5766171	-0.32393998
0.30047965	-0.68686545	-0.5773458	-0.32341874
0.30101988	-0.6862397	-0.57811767	-0.3228653
0.30156967	-0.6855894	-0.5789199	-0.32229614
0.3020839	-0.68492657	-0.57973355	-0.32176068
0.30257758	-0.6842411	-0.5805665	-0.32125285
0.3030343	-0.6835704	-0.58138174	-0.3207758
0.3034543	-0.6829143	-0.58216923	-0.3203476
0.30383047	-0.68227357	-0.58293873	-0.3199567
0.3041767	-0.6816673	-0.5836432	-0.31963566
0.304526	-0.6810564	-0.58432484	-0.31935984
0.30488223	-0.68048024	-0.58494925	-0.31910485
0.3052338	-0.6799382	-0.5855301	-0.3188589
0.30554464	-0.6794491	-0.58604425	-0.31865904
0.30585495	-0.6789254	-0.58658516	-0.31848228
0.3061228	-0.67844623	-0.5870737	-0.31834584
0.30640456	-0.67793524	-0.5875904	-0.31821007
0.30672723	-0.67737657	-0.58815664	-0.31804273
0.3071359	-0.6767519	-0.5887795	-0.31782562
0.3075893	-0.67616093	-0.58934706	-0.31759304
0.30819318	-0.6754541	-0.5900126	-0.3172759
0.30884266	-0.6747155	-0.5907151	-0.31690842
0.30950513	-0.6739409	-0.59147453	-0.31649342
0.31011876	-0.6732001	-0.5922272	-0.31606182
0.3107574	-0.672391	-0.59307814	-0.31556076
0.31119296	-0.6718238	-0.59366995	-0.31522673
0.31171036	-0.6711627	-0.5943353	-0.31486946
0.31224385	-0.67048365	-0.5950095	-0.31451425
0.31283978	-0.66968673	-0.59581375	-0.31409717
0.3133491	-0.6689931	-0.5965189	-0.31372908
0.31381652	-0.6683615	-0.5971596	-0.31338868
0.31446648	-0.6674587	-0.59806794	-0.31292903
0.31447628	-0.66746294	-0.5980628	-0.31291988
0.31525332	-0.6664846	-0.5990475	-0.3123392
0.31572857	-0.665947	-0.59957945	-0.31198505
0.31624955	-0.66542065	-0.6000802	-0.31161734
0.3167851	-0.66490734	-0.60056174	-0.31124124
0.3173293	-0.6644056	-0.60102445	-0.31086498
0.3179222	-0.66385174	-0.6015396	-0.31044552
0.3184243	-0.6633519	-0.60203177	-0.31004533
0.31890994	-0.66280675	-0.6026082	-0.30959186
0.3193442	-0.6622546	-0.6032359	-0.30910304
0.31975088	-0.66169715	-0.6038981	-0.30858287
0.32010728	-0.66122115	-0.60445845	-0.3081362
0.32054266	-0.660677	-0.605081	-0.3076286
0.32131764	-0.65978366	-0.60599065	-0.30694607
0.3218606	-0.6591317	-0.6066433	-0.30648848
0.32186687	-0.6591311	-0.6066402	-0.30648932
0.322494	-0.65813214	-0.607723	-0.3058309
0.32283923	-0.6575445	-0.6083658	-0.30545267
0.32321706	-0.65694875	-0.6089764	-0.30511776
0.32362595	-0.6563593	-0.60955447	-0.30479836
0.3240219	-0.65579325	-0.6101124	-0.30447963
0.32436997	-0.65526396	-0.61065835	-0.30415395
0.324684	-0.6547249	-0.611229	-0.30383348
0.3248962	-0.65419805	-0.61181366	-0.30356473
0.3250202	-0.65358967	-0.6125339	-0.3032899
0.32511407	-0.6531308	-0.61306226	-0.30311006
0.3252563	-0.6526595	-0.6135861	-0.30291265
0.3254633	-0.6521987	-0.61407644	-0.30268902
0.32575974	-0.65176475	-0.61449856	-0.3024481
0.32610288	-0.65140426	-0.61483186	-0.30217755
0.32650024	-0.65108246	-0.61510944	-0.30187678
0.32691205	-0.6508026	-0.61533767	-0.3015694
0.32733116	-0.6505294	-0.61555356	-0.30126366
0.32774755	-0.6502449	-0.61576146	-0.30100003
0.32814434	-0.64994496	-0.6159795	-0.30076915
0.32854548	-0.6496288	-0.61619395	-0.300575
0.3289016	-0.64935756	-0.61636895	-0.30041304
0.32928374	-0.6490686	-0.61655974	-0.30022734
0.32965943	-0.64878666	-0.6167608	-0.30001122
0.3300769	-0.6484748	-0.6170036	-0.29972693
0.33051267	-0.6481374	-0.617272	-0.29942396
0.3309987	-0.647738	-0.61759436	-0.29908627
0.3315084	-0.64731646	-0.6179302	-0.29874066
0.33203435	-0.6468804	-0.61828095	-0.29837504
0.33267277	-0.64636254	-0.61869425	-0.29792932
0.3332624	-0.6458958	-0.6190643	-0.29751346
0.33392346	-0.64534426	-0.61951673	-0.29702705
0.33458602	-0.64475304	-0.6200204	-0.29651394
0.33523428	-0.64415085	-0.620531	-0.29602203
0.33589533	-0.6435211	-0.62104845	-0.2955568
0.3365203	-0.6429034	-0.6215608	-0.29511282
0.33718047	-0.6421597	-0.6221967	-0.29463804
0.3371783	-0.6421796	-0.62219614	-0.2945983
0.33804455	-0.64131564	-0.62284786	-0.29410997
0.33855158	-0.6408606	-0.62319595	-0.29378113
0.33888736	-0.64055943	-0.6234455	-0.29352114
0.33923393	-0.6402175	-0.6237251	-0.2932727
0.3396059	-0.6398135	-0.6240394	-0.2930553
0.33999476	-0.63936615	-0.6243608	-0.29289615
0.34042174	-0.63887	-0.6246883	-0.29278427
0.34086165	-0.63838744	-0.6249737	-0.2927161
0.3413866	-0.63787556	-0.62523353	-0.2926652
0.34182146	-0.6374887	-0.62541217	-0.2926189
0.34232163	-0.63708454	-0.6255847	-0.29254568
0.3428298	-0.6366934	-0.625755	-0.292438
0.34333113	-0.6362921	-0.625944	-0.29231888
0.34381473	-0.63585806	-0.62618154	-0.29218602
0.34431186	-0.6353711	-0.6264827	-0.29201424
0.34481397	-0.63484836	-0.626827	-0.29181972
0.34530252	-0.6343115	-0.62718534	-0.29163963
0.34578606	-0.63373154	-0.62757987	-0.29147878
0.34579977	-0.63372386	-0.6275736	-0.29149276
0.34636465	-0.63300776	-0.62807643	-0.2912949
0.34716043	-0.632022	-0.6287481	-0.29103872
0.34765065	-0.63149005	-0.629078	-0.29089585
0.34823352	-0.6309051	-0.6294148	-0.29073906
0.34872815	-0.63043743	-0.62967116	-0.29060575
0.34928212	-0.629901	-0.6299652	-0.29046607
0.34979397	-0.6293821	-0.63026524	-0.2903244
0.35029954	-0.6289642	-0.63048595	-0.29014114
0.35077628	-0.62856585	-0.6306825	-0.29000106
0.35135415	-0.6282401	-0.63072896	-0.28990635
0.35259435	-0.6275098	-0.63079864	-0.28983074
0.35337448	-0.6270119	-0.6308561	-0.28983322
0.35337076	-0.6270264	-0.6308566	-0.28980514
0.3540597	-0.6264652	-0.6310189	-0.28982458
0.35442322	-0.6261418	-0.6311417	-0.28981188
0.35481557	-0.6258256	-0.6312393	-0.28980225
0.35523742	-0.6255569	-0.6312786	-0.28977978
0.35574606	-0.6252842	-0.6312734	-0.28975576
0.35581252	-0.6252978	-0.63123757	-0.28972283
0.35695428	-0.6246277	-0.6312615	-0.2897116
0.35746822	-0.6243369	-0.63127553	-0.2896743
0.35803697	-0.6240244	-0.6312841	-0.2896264
0.35864842	-0.6237119	-0.63127655	-0.28955954
0.35925975	-0.6234318	-0.6312471	-0.28946903
0.35990447	-0.62313163	-0.6312212	-0.2893711
0.36055353	-0.6228949	-0.63113135	-0.28926882
0.36115947	-0.6227108	-0.6310076	-0.289179
0.3617199	-0.6225524	-0.6308593	-0.2891433
0.3622302	-0.6224023	-0.6306986	-0.28917822
0.36268383	-0.62225884	-0.6305228	-0.2893016
0.3631075	-0.62209535	-0.6303429	-0.2895139
0.36352888	-0.6218915	-0.6301846	-0.28976744
0.3639663	-0.6216362	-0.63008004	-0.28999358
0.36442205	-0.62134606	-0.6300222	-0.29016832
0.36488804	-0.62102044	-0.63001263	-0.29030058
0.36537156	-0.6207004	-0.6300116	-0.2903793
0.3658898	-0.62041914	-0.62996584	-0.290427
0.3664522	-0.6201727	-0.62985206	-0.29049098
0.3670196	-0.61995286	-0.6296689	-0.2906412
0.36762652	-0.6197146	-0.6294644	-0.29082516
0.36828643	-0.619427	-0.6292707	-0.29102194
0.36894476	-0.6191187	-0.6291152	-0.2911804
0.36967167	-0.6187562	-0.6289707	-0.2913409
0.37027055	-0.6184633	-0.62885356	-0.2914552
0.3709214	-0.6181392	-0.6287343	-0.29157236
0.37155932	-0.6178176	-0.62862074	-0.29168653
0.37211564	-0.61750835	-0.6285387	-0.29180905
0.372711	-0.6171702	-0.628439	-0.29197916
0.373336	-0.61678123	-0.62834936	-0.2921957
0.37397268	-0.61632645	-0.62831855	-0.29240733
0.3746232	-0.61580575	-0.6283537	-0.2925961
0.37534475	-0.6151932	-0.6284479	-0.2927576
0.375342	-0.6151834	-0.62845045	-0.29277602
0.37658834	-0.61414313	-0.6286301	-0.29297385
0.37712103	-0.6136982	-0.6286814	-0.29311082
0.3776114	-0.6132779	-0.62871516	-0.2932869
0.37806693	-0.612886	-0.62872446	-0.29349932
0.37849566	-0.6125255	-0.62869525	-0.29376152
0.37913206	-0.6121185	-0.62852764	-0.2941476
0.37965557	-0.61178595	-0.62838715	-0.29446426
0.38032952	-0.61140937	-0.6281797	-0.294819
0.38110882	-0.61100847	-0.62793726	-0.29516023
0.38182762	-0.6106437	-0.6277286	-0.29542986
0.38258192	-0.6102446	-0.6275266	-0.2957076
0.38327456	-0.6098658	-0.62734395	-0.29597956
0.38386118	-0.6095331	-0.62715083	-0.29631394
0.38438922	-0.60920453	-0.62697494	-0.29667708
0.38483596	-0.60889053	-0.6268305	-0.2970476
0.3852548	-0.60858405	-0.6266851	-0.29743904
0.38605222	-0.6080327	-0.6263641	-0.298208
0.38653833	-0.60774314	-0.62615395	-0.2986097
0.38704926	-0.60744554	-0.62593067	-0.29902124
0.38748762	-0.6071933	-0.62572277	-0.29940057
0.38794744	-0.6069363	-0.62547153	-0.29985076
0.388428	-0.60669535	-0.6251613	-0.30036288
0.3889138	-0.606503	-0.6247885	-0.30089778
0.38943726	-0.6063553	-0.6243327	-0.30146432
0.38998786	-0.60626245	-0.623816	-0.3020084
0.39013487	-0.6062328	-0.62373537	-0.30204427
0.39076334	-0.60617137	-0.62310314	-0.3026598
0.3913222	-0.6061587	-0.6224823	-0.30323985
0.39179865	-0.60619867	-0.62185323	-0.30383497
0.3921239	-0.60624504	-0.6213957	-0.30425858
0.39249206	-0.6062849	-0.62089336	-0.30472964
0.393096	-0.606202	-0.62032706	-0.3052688
0.3932016	-0.60618526	-0.620268	-0.30528614
0.39421174	-0.60595655	-0.6194877	-0.30602112
0.39489365	-0.6057808	-0.61903745	-0.3064008
0.3955416	-0.6055908	-0.6186584	-0.3067059
0.39612055	-0.60539156	-0.6183584	-0.3069569
0.39660054	-0.60519755	-0.61813635	-0.3071667
0.3970209	-0.6049974	-0.6179659	-0.3073609
0.39744925	-0.60479283	-0.617805	-0.3075334
0.39794382	-0.6045451	-0.61763626	-0.30771983
0.3985411	-0.60421765	-0.6175178	-0.30782768
0.39915627	-0.6038466	-0.6174432	-0.30790815
0.39977324	-0.60344034	-0.61739135	-0.3080084
0.40032163	-0.6030204	-0.61738014	-0.30814058
0.40071428	-0.6026348	-0.6174194	-0.30830604
0.40100738	-0.60228753	-0.6174501	-0.30854234
0.40124193	-0.6019987	-0.61742926	-0.30884236
0.40146342	-0.601762	-0.6173369	-0.3092003
0.401698	-0.6015697	-0.6171751	-0.3095927
0.4019805	-0.6013972	-0.61694854	-0.31001243
0.40233624	-0.6012326	-0.6166503	-0.31046343
0.40267327	-0.6011096	-0.6163439	-0.31087258
0.40301502	-0.6010107	-0.6159957	-0.31131098
0.40333393	-0.6009412	-0.61561316	-0.31178823
0.4036047	-0.60090953	-0.6152425	-0.31223035
0.40390757	-0.60088986	-0.6148202	-0.31270805
0.40424344	-0.60087806	-0.61436385	-0.31319314
0.40462828	-0.6008637	-0.6138664	-0.3136987
0.4050141	-0.6008391	-0.6133934	-0.31417292
0.40540302	-0.6007473	-0.61297596	-0.3146613
0.40583804	-0.60064733	-0.61252844	-0.3151621
0.40616146	-0.6005373	-0.61220986	-0.31557408
0.40645903	-0.6004237	-0.6118862	-0.3160344
0.40684152	-0.6003473	-0.6111957	-0.3170222
0.40697822	-0.6004259	-0.61077535	-0.3175074
0.4071287	-0.60051394	-0.6103623	-0.3179422
0.40756685	-0.6006055	-0.60959756	-0.31867415
0.40790585	-0.60054946	-0.6092489	-0.3190127
0.40827087	-0.6004466	-0.6089159	-0.31937474
0.4085578	-0.6003676	-0.60864174	-0.3196787
0.4088226	-0.6003431	-0.6083176	-0.3200032
0.40904412	-0.6003968	-0.6079429	-0.32033134
0.40923223	-0.6005157	-0.6075164	-0.32067683
0.4094057	-0.6006722	-0.6070462	-0.32105294
0.40956172	-0.60084826	-0.60655546	-0.32145163
0.40970248	-0.6010352	-0.6060463	-0.32188293
0.409826	-0.6012295	-0.6055239	-0.32234547
0.40991506	-0.6014129	-0.6050175	-0.32284054
0.40995666	-0.6016602	-0.6044205	-0.32344478
0.40995452	-0.6018201	-0.60403633	-0.32386714
0.40988302	-0.60203815	-0.6036291	-0.32431147
0.40977517	-0.6023031	-0.60321945	-0.32471782
0.40964767	-0.6026526	-0.60271406	-0.32516816
0.40956843	-0.6029382	-0.6022899	-0.3255246
0.40951076	-0.60323274	-0.60182875	-0.3259039
0.4095141	-0.6035044	-0.60134375	-0.32629174
0.40958253	-0.6037369	-0.6008444	-0.32669577
0.40964186	-0.6038905	-0.60044414	-0.327073
0.40968728	-0.6038715	-0.60041815	-0.3270988
0.4096849	-0.6040985	-0.5998789	-0.32767162
0.40964454	-0.60422605	-0.5996055	-0.32798716
0.40956083	-0.6043746	-0.5993452	-0.32829362
0.4094553	-0.6045493	-0.5990678	-0.32860968
0.40934625	-0.60474414	-0.59875584	-0.32895556
0.4092497	-0.60496056	-0.59841555	-0.3292967
0.40918332	-0.60519713	-0.5980298	-0.329645
0.40915504	-0.6054443	-0.59761494	-0.32997856
0.40915784	-0.6057046	-0.59717005	-0.33030266
0.4091818	-0.6059829	-0.5966884	-0.33063275
0.40919992	-0.60626763	-0.59621125	-0.3309488
0.4092156	-0.60657394	-0.5957156	-0.33126068
0.40923908	-0.6072714	-0.59467334	-0.33182618
0.4092249	-0.607657	-0.59413195	-0.33210716
0.4091691	-0.6080569	-0.5936049	-0.3323864
0.4090828	-0.6084366	-0.59312284	-0.3326583
0.4089211	-0.608882	-0.5925892	-0.33299297
0.4086938	-0.60935163	-0.5920475	-0.33337647
0.40843529	-0.60977995	-0.5915712	-0.3337552
0.40812328	-0.610204	-0.59110963	-0.33417955
0.4078068	-0.6105922	-0.59068316	-0.3346108
0.40750682	-0.6109764	-0.5902362	-0.33506328
0.40731907	-0.6112752	-0.589851	-0.33542463
0.40718535	-0.6115564	-0.58947986	-0.33572674
0.40710133	-0.61181504	-0.58914214	-0.33595008
0.40703416	-0.6120603	-0.58883893	-0.33611622
0.40694594	-0.6123113	-0.5885516	-0.33626908
0.4067851	-0.61260283	-0.5882704	-0.33642498
0.40642673	-0.613074	-0.587855	-0.33672574
0.40643764	-0.6130905	-0.5878462	-0.33669776
0.4058991	-0.6138907	-0.58704716	-0.33728302
0.4056077	-0.61436117	-0.586553	-0.3376364
0.40534818	-0.61478496	-0.58608323	-0.3379922
0.4050793	-0.61519027	-0.5856212	-0.338378
0.40472966	-0.61560255	-0.58519447	-0.33878446
0.4044208	-0.6159073	-0.58489627	-0.33911437
0.40395653	-0.6163516	-0.5845159	-0.33951578
0.40341035	-0.61687416	-0.5841128	-0.33990958
0.40281597	-0.6174662	-0.58367765	-0.34028715
0.40222567	-0.61808926	-0.5832167	-0.3406443
0.40162727	-0.6187644	-0.58268696	-0.34103107
0.4010428	-0.61945826	-0.5821377	-0.3413971
0.40057972	-0.62008727	-0.5815517	-0.34179738
0.40015736	-0.6207512	-0.5808672	-0.3422505
0.39978766	-0.6214252	-0.5801048	-0.3427521
0.39947054	-0.6220488	-0.5793724	-0.34322923
0.399122	-0.6227081	-0.57861584	-0.34371516
0.39872223	-0.62334496	-0.5779374	-0.3441659
0.39824113	-0.6240013	-0.5772952	-0.34461093
0.3977306	-0.6246425	-0.57669914	-0.3450368
0.39723733	-0.62528175	-0.576126	-0.34540442
0.39678073	-0.62587047	-0.57558656	-0.34576213
0.39638636	-0.6263862	-0.5750734	-0.3461339
0.396083	-0.626839	-0.5745627	-0.34650967
0.39592195	-0.62721163	-0.5740927	-0.34679836
0.39576578	-0.6276032	-0.5735974	-0.34708753
0.39563462	-0.62798935	-0.57312566	-0.34731787
0.39545783	-0.6283762	-0.5727111	-0.34750322
0.39528087	-0.6287433	-0.5723312	-0.34766665
0.39508978	-0.6291553	-0.57188463	-0.34787333
0.39492127	-0.62953633	-0.5714411	-0.348104
0.3947847	-0.62989587	-0.5709741	-0.34837458
0.39464092	-0.6302248	-0.57052255	-0.34868243
0.3944597	-0.6305392	-0.5700845	-0.3490351
0.39416823	-0.63095707	-0.5695271	-0.34951916
0.39414662	-0.63094074	-0.5695424	-0.34954807
0.3935573	-0.63166296	-0.5687358	-0.35022017
0.39355823	-0.6316394	-0.5687378	-0.3502583
0.39320102	-0.632081	-0.5682464	-0.3506602
0.39273295	-0.6326584	-0.5676275	-0.35114557
0.39203355	-0.6334242	-0.56686795	-0.35177287
0.3916385	-0.63384414	-0.5664413	-0.35214385
0.39119565	-0.6343023	-0.56599575	-0.35252714
0.390716	-0.6347949	-0.5655495	-0.35288832
0.39019364	-0.63537997	-0.56502837	-0.353248
0.3898151	-0.63589287	-0.5645396	-0.3535244
0.38948655	-0.6364573	-0.5639507	-0.35381046
0.38927844	-0.63699883	-0.5632816	-0.354131
0.38915884	-0.63749754	-0.5626328	-0.35439628
0.38912326	-0.6378682	-0.56211287	-0.35459325
0.3890877	-0.6382035	-0.56165504	-0.35475436
0.3887657	-0.6389634	-0.5608869	-0.35495478
0.3884752	-0.63939893	-0.5605092	-0.35508516
0.3879517	-0.6399627	-0.560106	-0.35527828
0.38755196	-0.64038473	-0.5597965	-0.35544172
0.3870919	-0.64086795	-0.5594159	-0.35567126
0.38668886	-0.6413087	-0.55902684	-0.35592678
0.38631332	-0.6417477	-0.55858594	-0.3562356
0.38596594	-0.64215493	-0.55815	-0.35656136
0.38556042	-0.64262253	-0.5576618	-0.35692117
0.3851008	-0.64314526	-0.5571375	-0.35729468
0.38458803	-0.6437151	-0.55658454	-0.3576823
0.3840296	-0.6443379	-0.55598676	-0.35809043
0.38347584	-0.6449462	-0.5554106	-0.35848257
0.38289922	-0.6455705	-0.5548284	-0.35887665
0.38233414	-0.6461785	-0.5542658	-0.35925388
0.38178885	-0.64677656	-0.5536971	-0.35963458
0.38131666	-0.64733624	-0.5531236	-0.36001062
0.38089982	-0.6478917	-0.5524955	-0.3604171
0.38055176	-0.64843416	-0.5518154	-0.3608508
0.38027525	-0.6489867	-0.55106455	-0.36129615
0.38007933	-0.6494995	-0.5503486	-0.36167204
0.3798642	-0.65045226	-0.54891807	-0.36235908
0.37985668	-0.6504655	-0.5489213	-0.36233833
0.37975428	-0.6509289	-0.5482511	-0.36262795
0.37958094	-0.6513997	-0.54762924	-0.36290368
0.37929887	-0.65190506	-0.54702663	-0.36319968
0.37894014	-0.6524204	-0.5464395	-0.36353263
0.37852055	-0.65296197	-0.5458209	-0.36392647
0.37809342	-0.6535066	-0.54515946	-0.36438397
0.3776808	-0.65406406	-0.54440117	-0.36494505
0.37726435	-0.65463686	-0.5435939	-0.3655517
0.37683555	-0.6552439	-0.5427603	-0.36614442
0.37642482	-0.65585977	-0.5419155	-0.36671513
0.37601405	-0.6565357	-0.54099643	-0.36728364
0.37566906	-0.6571665	-0.54013705	-0.36777285
0.3753063	-0.6578312	-0.5392699	-0.3682272
0.37494338	-0.65843505	-0.5385292	-0.36860162
0.37453812	-0.6590228	-0.5378633	-0.36893544
0.37412044	-0.65957856	-0.5372566	-0.36924982
0.37412447	-0.6595752	-0.53725445	-0.36925486
0.3733376	-0.660586	-0.53612095	-0.3698914
0.37298658	-0.6610818	-0.53551114	-0.37024283
0.37251973	-0.66195476	-0.5343645	-0.37080932
0.37252623	-0.661951	-0.5343609	-0.37081474
0.3723907	-0.66236544	-0.53379303	-0.3710287
0.37239376	-0.66235995	-0.5337917	-0.37103733
0.37222335	-0.6630257	-0.53291774	-0.3712754
0.3720365	-0.6636245	-0.53215015	-0.3714937
0.3718497	-0.66408783	-0.53156745	-0.37168688
0.37158784	-0.66444165	-0.53112	-0.3719561
0.3712886	-0.6648469	-0.5305849	-0.37229446
0.37094286	-0.66525924	-0.53003997	-0.37267837
0.37054574	-0.6656818	-0.5295012	-0.37308472
0.37007037	-0.6661426	-0.5289276	-0.37354723
0.36952204	-0.66661346	-0.52836555	-0.37404537
0.3688968	-0.6671294	-0.5277353	-0.37463188
0.36826298	-0.66763836	-0.5270674	-0.37528843
0.36776713	-0.66801256	-0.5265738	-0.37580138
0.3672597	-0.668438	-0.5259579	-0.37640306
0.36655992	-0.66935056	-0.5245436	-0.37743562
0.36621147	-0.669813	-0.52385104	-0.37791526
0.3658948	-0.6702706	-0.5231652	-0.37836042
0.36559707	-0.6707182	-0.52249676	-0.37877834
0.36531633	-0.67113954	-0.52183443	-0.37921578
0.36503914	-0.67155266	-0.52118087	-0.37965
0.36476225	-0.67193675	-0.5205594	-0.38008893
0.36448985	-0.67227733	-0.5200125	-0.38049614
0.36423102	-0.6725942	-0.5195035	-0.38087922
0.3639672	-0.6729085	-0.5190233	-0.38123083
0.36368313	-0.6732396	-0.51853806	-0.38157743
0.36337936	-0.673577	-0.51805973	-0.38192096
0.36296892	-0.6740394	-0.517407	-0.38238007
0.36296892	-0.6740394	-0.517407	-0.38238007
0.36253116	-0.67463446	-0.5164216	-0.3830773
0.3622662	-0.6750068	-0.5157993	-0.3835103
0.36200505	-0.67539334	-0.5151351	-0.3839688
0.3617496	-0.6757778	-0.51446676	-0.384429
0.361501	-0.676171	-0.5137545	-0.38492367
0.36123455	-0.67656606	-0.51302963	-0.38544586
0.36093488	-0.67694557	-0.5123461	-0.38596913
0.36058882	-0.67733866	-0.51165926	-0.3865138
0.36017665	-0.6777858	-0.5108817	-0.38714224
0.3598153	-0.6782076	-0.5101273	-0.38773403
0.35950944	-0.67861015	-0.5093703	-0.38830808
0.35934407	-0.67897874	-0.5085428	-0.38890108
0.35921645	-0.67927855	-0.5078621	-0.38938466
0.35914716	-0.67956746	-0.5071338	-0.38989323
0.3590819	-0.6798566	-0.50643057	-0.39036322
0.35895732	-0.68018186	-0.5057225	-0.39082876
0.35880002	-0.680539	-0.5049795	-0.3913119
0.3586352	-0.6809195	-0.50420034	-0.39180538
0.35846093	-0.6813822	-0.5031929	-0.39245504
0.35851163	-0.6813715	-0.5031621	-0.39246684
0.35847163	-0.68181777	-0.5019595	-0.39326757
0.35849416	-0.68202966	-0.50128955	-0.39373392
0.35851374	-0.6822105	-0.50069994	-0.39415264
0.35851324	-0.682408	-0.50009567	-0.3945783
0.35848686	-0.68264717	-0.4994451	-0.39501226
0.3584239	-0.68294483	-0.4987197	-0.395471
0.35834682	-0.68324274	-0.49804622	-0.395875
0.35827723	-0.68357074	-0.4973031	-0.39630565
0.35822526	-0.68391246	-0.4965079	-0.3967598
0.35817876	-0.68423	-0.4957351	-0.39722037
0.3581275	-0.68450356	-0.49498987	-0.39772427
0.35806775	-0.68473	-0.49430206	-0.39824352
0.35775822	-0.68524545	-0.49298772	-0.39926296
0.35748774	-0.68550134	-0.4924388	-0.39974308
0.35715264	-0.68581796	-0.49183983	-0.4002368
0.35680425	-0.68614787	-0.4912478	-0.40070865
0.3564512	-0.6864871	-0.4906587	-0.4011634
0.3560864	-0.6868342	-0.49006367	-0.40162018
0.35573655	-0.6871749	-0.4894792	-0.4020601
0.35538277	-0.6875463	-0.48885065	-0.40250257
0.3549816	-0.6879876	-0.48809573	-0.40301818
0.35460663	-0.6884677	-0.48724377	-0.40355906
0.35428956	-0.6889736	-0.4863118	-0.40409786
0.3540401	-0.6895139	-0.48526868	-0.4046486
0.3538922	-0.690045	-0.48417112	-0.40518704
0.35380107	-0.6905392	-0.48308167	-0.4057247
0.35369834	-0.691014	-0.48201928	-0.40626925
0.3535514	-0.6913664	-0.48124966	-0.40670967
0.3532726	-0.6917457	-0.48049983	-0.40719318
0.3528771	-0.69214046	-0.47983682	-0.40764686
0.35238475	-0.6925674	-0.47918403	-0.40811533
0.3518364	-0.6930082	-0.47854728	-0.40858698
0.35123774	-0.69347	-0.47788513	-0.40909326
0.35064635	-0.6939329	-0.47719005	-0.40962663
0.3500799	-0.69439757	-0.47642395	-0.4102151
0.34956113	-0.69485265	-0.47561634	-0.4108235
0.34903648	-0.6953293	-0.47475663	-0.41145712
0.348561	-0.6958203	-0.47387528	-0.4120456
0.34806958	-0.69632524	-0.4729685	-0.41264945
0.34759778	-0.6968928	-0.4719624	-0.41324052
0.34710717	-0.69758594	-0.47071585	-0.41390482
0.3468079	-0.6980711	-0.4698345	-0.41433865
0.3464802	-0.69864976	-0.46875557	-0.4148594
0.34585997	-0.69970673	-0.46662757	-0.41599295
0.34586203	-0.69970495	-0.4666264	-0.41599548
0.34552488	-0.70020765	-0.46561316	-0.41656488
0.34513608	-0.700699	-0.46463713	-0.41715053
0.34468007	-0.70122594	-0.46359557	-0.41780037
0.34430006	-0.70164734	-0.46273187	-0.41836306
0.34392932	-0.7020942	-0.46173263	-0.4190219
0.3436348	-0.7024709	-0.46086484	-0.41958722
0.34331882	-0.70288795	-0.4599031	-0.4202022
0.34302336	-0.703286	-0.4589826	-0.42078355
0.34273297	-0.7037064	-0.4580286	-0.4213566
0.34208804	-0.70462066	-0.45612153	-0.42242
0.34173343	-0.70510155	-0.45517698	-0.4229233
0.34139964	-0.70558953	-0.45420295	-0.42342582
0.3410769	-0.7060918	-0.4531838	-0.42394015
0.34080443	-0.70654935	-0.452203	-0.42444426
0.34054077	-0.7069975	-0.4511774	-0.42500058
0.3403039	-0.7073738	-0.45021278	-0.42558676
0.340092	-0.7076764	-0.44934905	-0.42616552
0.3398604	-0.7079583	-0.44852334	-0.42675146
0.33956838	-0.708231	-0.4477744	-0.42731762
0.33921024	-0.7085261	-0.44705495	-0.42786586
0.33876768	-0.7088597	-0.44636688	-0.42838192
0.33823037	-0.70925945	-0.44565773	-0.42888278
0.3376548	-0.70968276	-0.44496265	-0.42935756
0.3370101	-0.7101569	-0.44419312	-0.4298765
0.33635727	-0.71063006	-0.4433941	-0.43043053
0.33574402	-0.7110712	-0.44262746	-0.43096954
0.33515415	-0.71149325	-0.4418874	-0.43149102
0.33457276	-0.7119155	-0.44112614	-0.43202457
0.3335209	-0.712797	-0.43954968	-0.43299013
0.33302295	-0.7132514	-0.4387429	-0.43344304
0.3325391	-0.71369463	-0.43797535	-0.43386105
0.33210626	-0.7141002	-0.4372845	-0.4342219
0.33163753	-0.7145154	-0.43660855	-0.4345772
0.33112282	-0.7149508	-0.435932	-0.43493262
0.33061326	-0.715365	-0.4353226	-0.43524936
0.3300863	-0.7157844	-0.43469626	-0.43558568
0.32955733	-0.71619874	-0.43404686	-0.43595278
0.32904094	-0.7165977	-0.43339396	-0.43633646
0.3284817	-0.7170185	-0.43268955	-0.43676546
0.3278795	-0.71746194	-0.43194568	-0.4372259
0.3272364	-0.7179302	-0.4312005	-0.43767428
0.32654655	-0.7184148	-0.4304827	-0.4381008
0.32584068	-0.7188998	-0.4298226	-0.4384786
0.32495022	-0.71950233	-0.42907867	-0.43887952
0.3243065	-0.71993744	-0.42854849	-0.4391601
0.3234879	-0.7204978	-0.4278768	-0.4394998
0.3226826	-0.72105294	-0.42720193	-0.4398376
0.32190436	-0.72164786	-0.42643422	-0.44017705
0.32114634	-0.7222177	-0.42565694	-0.44054833
0.32035628	-0.7228309	-0.424787	-0.44095752
0.3196389	-0.72339725	-0.4239755	-0.44132996
0.3196537	-0.7233881	-0.42396683	-0.44134283
0.31817675	-0.72458166	-0.42233047	-0.44202045
0.3173473	-0.7252228	-0.42147043	-0.4423858
0.31671846	-0.7256954	-0.42083687	-0.4426647
0.31603384	-0.7261957	-0.42014605	-0.44298953
0.3153992	-0.7266699	-0.4194935	-0.4432825
0.31476888	-0.7271507	-0.4188356	-0.4435642
0.31414068	-0.7276449	-0.41815796	-0.44383836
0.3134531	-0.728182	-0.41740814	-0.44414937
0.3127116	-0.72876024	-0.41657722	-0.44450346
0.3119681	-0.7293226	-0.41575068	-0.44487736
0.31124058	-0.72986215	-0.4149322	-0.44526607
0.31053767	-0.7303964	-0.414085	-0.4456693
0.30986902	-0.73093003	-0.41322455	-0.44605824
0.3092578	-0.73143953	-0.4124186	-0.44639316
0.30862007	-0.73197645	-0.41159573	-0.44671357
0.30796167	-0.7325414	-0.4107464	-0.44702375
0.3072757	-0.7331281	-0.40987682	-0.44733208
0.30655977	-0.7337236	-0.40897715	-0.44767013
0.3058529	-0.7342935	-0.40811625	-0.44800472
0.3051072	-0.7348737	-0.4072193	-0.44837788
0.3044145	-0.7354088	-0.40636346	-0.4487477
0.30367517	-0.7359861	-0.40543592	-0.4491409
0.3030702	-0.7364537	-0.404675	-0.4494692
0.30239695	-0.7369732	-0.4038501	-0.44981298
0.30169773	-0.7375004	-0.40305716	-0.45012954
0.30093384	-0.73805255	-0.40228814	-0.45042387
0.30016726	-0.73858714	-0.40156144	-0.45070726
0.29937	-0.739134	-0.4007993	-0.45101938
0.2985946	-0.73967403	-0.39999333	-0.45136344
0.2978853	-0.74019337	-0.3991526	-0.45172495
0.29721597	-0.74070287	-0.3982938	-0.45208856
0.29661098	-0.7411606	-0.39753693	-0.45240188
0.2959531	-0.7416037	-0.39685932	-0.4527014
0.29529607	-0.7420328	-0.39629173	-0.45292434
0.2945325	-0.7425068	-0.39571458	-0.4531493
0.2937541	-0.742977	-0.3951604	-0.45336738
0.29300633	-0.74344707	-0.3946002	-0.4535687
0.29227045	-0.74394643	-0.39397067	-0.45377186
0.29159296	-0.74445456	-0.39326718	-0.4539846
0.29092732	-0.74499804	-0.3925272	-0.45416036
0.29022673	-0.74556863	-0.39179865	-0.45430133
0.28948474	-0.7461623	-0.39103273	-0.45445988
0.28886518	-0.7466235	-0.39041862	-0.45462462
0.28816226	-0.74710697	-0.38976762	-0.454835
0.28741547	-0.7475668	-0.38912144	-0.45510525
0.28663337	-0.74800503	-0.38847905	-0.45542717
0.28584453	-0.7484426	-0.3878341	-0.45575374
0.28497407	-0.74895716	-0.38709706	-0.45608002
0.28413907	-0.74947375	-0.3863681	-0.45637026
0.28335324	-0.74998075	-0.38567686	-0.45661062
0.28243414	-0.7505919	-0.38489547	-0.4568352
0.28144878	-0.7512382	-0.3841219	-0.4570318
0.28039828	-0.7519212	-0.38331074	-0.45723552
0.2793617	-0.75257826	-0.3825271	-0.45744497
0.27833527	-0.75322825	-0.38174057	-0.4576581
0.27734864	-0.75387084	-0.38092372	-0.45787948
0.2763947	-0.75452167	-0.38002208	-0.45813352
0.2755587	-0.7551449	-0.3790811	-0.45838985
0.2747976	-0.75583464	-0.3778732	-0.45870715
0.2742717	-0.7563424	-0.3769739	-0.4589248
0.27369648	-0.7568784	-0.37599885	-0.4591846
0.2730486	-0.757459	-0.3751594	-0.45929924
0.27239162	-0.7580539	-0.37436396	-0.459357
0.27172214	-0.7586436	-0.37362003	-0.45938557
0.2710522	-0.75921136	-0.37292692	-0.45940673
0.2703737	-0.7597728	-0.37223938	-0.45943594
0.26974782	-0.7602878	-0.37156668	-0.45949647
0.2691013	-0.76081353	-0.37082368	-0.4596055
0.2684368	-0.7613316	-0.37003246	-0.45977375
0.26773816	-0.76186234	-0.36919075	-0.45997852
0.26703486	-0.76239115	-0.36832625	-0.4602044
0.26628116	-0.76296246	-0.367379	-0.46045125
0.26557425	-0.76351124	-0.36649674	-0.46065313
0.26480982	-0.76411766	-0.36555722	-0.46083406
0.26412	-0.7646724	-0.36473948	-0.4609577
0.26341125	-0.7652338	-0.36395025	-0.46105546
0.26268855	-0.76577634	-0.36323792	-0.46112862
0.2619643	-0.7662848	-0.36261374	-0.46118718
0.26118985	-0.7667885	-0.36203316	-0.46124545
0.26038054	-0.7672929	-0.36146885	-0.4613067
0.2595476	-0.7678036	-0.36088595	-0.46138287
0.2587194	-0.7683189	-0.3602562	-0.46148226
0.25790176	-0.76883864	-0.35958454	-0.46159816
0.25706744	-0.76937014	-0.35893402	-0.46168423
0.2562097	-0.7699039	-0.35835904	-0.4617179
0.2552685	-0.7704762	-0.3578219	-0.46170092
0.2543341	-0.77103233	-0.35733968	-0.4616619
0.2533865	-0.7715948	-0.35686263	-0.46161225
0.2524412	-0.77215576	-0.35638574	-0.46156037
0.25157335	-0.7727058	-0.35580245	-0.46156397
0.25077903	-0.7732345	-0.35513806	-0.4616225
0.24999127	-0.77376497	-0.35440236	-0.46172634
0.24926609	-0.77425617	-0.3537287	-0.46181142
0.24848495	-0.7747947	-0.35304147	-0.46185535
0.24769074	-0.7753516	-0.35234025	-0.46188262
0.24686159	-0.7759474	-0.35158554	-0.46190134
0.24610777	-0.77649903	-0.35086948	-0.46192104
0.24532802	-0.77708185	-0.3500945	-0.4619436
0.2444147	-0.77778006	-0.34911498	-0.46199417
0.2438091	-0.7782394	-0.34845328	-0.4620399
0.24311364	-0.7787669	-0.34769627	-0.4620881
0.24236746	-0.77934253	-0.34686872	-0.46213135
0.24236442	-0.7793371	-0.34687093	-0.46214047
0.2416256	-0.77992046	-0.34604707	-0.4621608
0.24073003	-0.7806387	-0.3451015	-0.46212265
0.23895337	-0.78203416	-0.34341544	-0.4619413
0.23822896	-0.7825852	-0.34277937	-0.46185467
0.23743539	-0.78318095	-0.34210047	-0.4617569
0.23684587	-0.78360826	-0.3416115	-0.46169683
0.23619963	-0.7840828	-0.34107158	-0.46162122
0.23559785	-0.7845417	-0.34053096	-0.46154818
0.23497407	-0.78503066	-0.33993608	-0.46147308
0.23434243	-0.7855242	-0.33932057	-0.46140757
0.23365308	-0.78601885	-0.33870652	-0.46136582
0.23290098	-0.786516	-0.33810765	-0.4613381
0.23210455	-0.7870325	-0.3374924	-0.46130925
0.23121083	-0.787554	-0.3369044	-0.46129778
0.23036514	-0.78804415	-0.3363258	-0.46130615
0.2295372	-0.7885378	-0.3357075	-0.46132585
0.2287304	-0.78904194	-0.33505154	-0.4613412
0.22796313	-0.7895442	-0.3343798	-0.46134907
0.22722265	-0.7900407	-0.33370462	-0.46135318
0.22655323	-0.7904869	-0.3330957	-0.46135825
0.22589996	-0.79091585	-0.33252293	-0.46135652
0.22528498	-0.7913028	-0.332042	-0.46134004
0.2246572	-0.7916836	-0.33162814	-0.4612908
0.22402032	-0.79205614	-0.33128026	-0.46121076
0.223375	-0.7924249	-0.33095777	-0.46112204
0.2227289	-0.79278743	-0.3306135	-0.46105826
0.22208332	-0.79315436	-0.33021933	-0.46102113
0.22144695	-0.7935216	-0.3297962	-0.46099806
0.22075641	-0.7938712	-0.32940784	-0.46100497
0.22008154	-0.79421	-0.32899076	-0.46104187
0.21936907	-0.7945837	-0.32847565	-0.46110493
0.21864383	-0.79496986	-0.327892	-0.4611991
0.21800302	-0.7953123	-0.32739976	-0.46126202
0.21733098	-0.79568994	-0.32683185	-0.46133026
0.21671301	-0.79606164	-0.3262145	-0.46141687
0.2161391	-0.79643345	-0.3255353	-0.46152413
0.2155818	-0.7968052	-0.3248247	-0.46164376
0.21505402	-0.7971501	-0.32416394	-0.4617592
0.21444951	-0.79747295	-0.3235726	-0.46189722
0.21389262	-0.797767	-0.32305995	-0.46200645
0.21318199	-0.79808694	-0.3226071	-0.4620988
0.21241508	-0.79841095	-0.32218596	-0.46218616
0.21164994	-0.79874086	-0.32176474	-0.46226066
0.21091695	-0.7990859	-0.32128233	-0.4623347
0.21028545	-0.79943484	-0.32072267	-0.4624078
0.20964342	-0.7998634	-0.31992993	-0.46250743
0.2092335	-0.8001833	-0.31927642	-0.4625913
0.20880777	-0.8005509	-0.3184762	-0.46269932
0.20839933	-0.80090094	-0.3177143	-0.4628015
0.20792176	-0.8012666	-0.31696647	-0.46289578
0.20661862	-0.8021177	-0.3155766	-0.4629552
0.20656915	-0.8020807	-0.3156074	-0.4630204
0.20573835	-0.8025362	-0.3149507	-0.46304804
0.2048614	-0.80306846	-0.3141705	-0.46304384
0.2043358	-0.8034014	-0.31362846	-0.46306616
0.20388308	-0.8037313	-0.31304145	-0.4630906
0.2035087	-0.8040312	-0.31249416	-0.46310422
0.20317803	-0.8043038	-0.31200337	-0.46310708
0.20283093	-0.80457294	-0.31157914	-0.46307704
0.20241925	-0.8048567	-0.31120324	-0.46301702
0.20195751	-0.80514187	-0.31088865	-0.46293417
0.20144206	-0.8054456	-0.31060576	-0.4628203
0.20083837	-0.80578446	-0.3102993	-0.46269828
0.20009454	-0.80622035	-0.30976468	-0.46261957
0.19994596	-0.8061726	-0.30985346	-0.46270752
0.19889575	-0.8068081	-0.30895692	-0.46265215
0.19819383	-0.80714786	-0.30842784	-0.46271354
0.19750647	-0.8074593	-0.3079119	-0.4628077
0.19677846	-0.8078076	-0.3073513	-0.46288273
0.19602178	-0.80819726	-0.3067232	-0.4629401
0.19508207	-0.8087399	-0.30584967	-0.4629674
0.19503376	-0.8086801	-0.30587998	-0.46307224
0.19389448	-0.8094513	-0.30476797	-0.46293634
0.19330235	-0.8098351	-0.30421495	-0.46287653
0.19276729	-0.81020755	-0.30370715	-0.4627813
0.1923086	-0.81055576	-0.30323413	-0.4626725
0.19188538	-0.81091005	-0.30276078	-0.4625374
0.19153349	-0.8112339	-0.30235678	-0.46237975
0.19124618	-0.8115379	-0.30202952	-0.46217877
0.19100738	-0.8118341	-0.30177638	-0.46192282
0.1907771	-0.8121289	-0.30160183	-0.46161368
0.19054681	-0.812411	-0.30151898	-0.4612663
0.19026127	-0.8127338	-0.3015142	-0.4608184
0.19000115	-0.81300443	-0.3015802	-0.46040496
0.18969096	-0.8133054	-0.301719	-0.45991027
0.18941213	-0.813564	-0.30187201	-0.45946717
0.18910159	-0.81385475	-0.30203184	-0.45897457
0.18884864	-0.8140843	-0.30216342	-0.45858526
0.18864949	-0.8143445	-0.3021852	-0.45819044
0.18835407	-0.81463987	-0.30217123	-0.45779604
0.18777363	-0.8150429	-0.30202508	-0.45741338
0.18735184	-0.8153261	-0.3019255	-0.45714754
0.1867097	-0.81571215	-0.30172256	-0.45685518
0.18601155	-0.81610304	-0.3014549	-0.45661855
0.18526128	-0.81652135	-0.30113813	-0.4563847
0.18450116	-0.81696755	-0.30076933	-0.45613724
0.18333006	-0.81782794	-0.300092	-0.4555134
0.18283556	-0.8182276	-0.29985815	-0.45514822
0.18233462	-0.8186412	-0.29974	-0.4546831
0.18188472	-0.81901914	-0.29972354	-0.45419312
0.18147698	-0.819382	-0.29975823	-0.45367876
0.18110834	-0.8197459	-0.29980364	-0.45313826
0.18078712	-0.8200962	-0.29983896	-0.45260903
0.18051895	-0.8204359	-0.299857	-0.45208824
0.18028374	-0.82077646	-0.29986513	-0.4515581
0.18001613	-0.8211523	-0.29986706	-0.45097968
0.1797071	-0.8215213	-0.2998934	-0.45041323
0.17933197	-0.8219133	-0.29995254	-0.44980773
0.17889835	-0.8223189	-0.30002522	-0.44919026
0.1784179	-0.82270604	-0.30015635	-0.44858453
0.17792997	-0.82310164	-0.30028817	-0.44796407
0.17755239	-0.8233994	-0.30041757	-0.44747946
0.17713611	-0.82371324	-0.3005576	-0.44697246
0.17670096	-0.8240359	-0.3006469	-0.44648987
0.17622183	-0.8243937	-0.3006743	-0.44599998
0.175665	-0.8248201	-0.3006292	-0.44546136
0.17509627	-0.8252391	-0.30054414	-0.4449663
0.17447664	-0.8256841	-0.30041045	-0.4444743
0.17384496	-0.8261225	-0.3002619	-0.44400722
0.1732337	-0.82655317	-0.30011848	-0.4435414
0.17266968	-0.8269622	-0.30000377	-0.44307622
0.17216606	-0.8273439	-0.29993975	-0.4426028
0.17173472	-0.8276963	-0.2999306	-0.44211718
0.17134218	-0.82800436	-0.30004516	-0.4416147
0.17094918	-0.8283023	-0.30023715	-0.44107756
0.17045204	-0.8286165	-0.3003916	-0.44057417
0.16995405	-0.8289082	-0.30047387	-0.44016168
0.16942222	-0.8292103	-0.30048597	-0.43978935
0.16888724	-0.8295404	-0.3004468	-0.4393992
0.16825159	-0.8299773	-0.3003393	-0.43889138
0.16825509	-0.8299871	-0.30033723	-0.43887264
0.16754848	-0.83059114	-0.30020803	-0.43808806
0.16720639	-0.83093286	-0.3001636	-0.43760067
0.16691	-0.8312677	-0.30015877	-0.4370811
0.16669779	-0.8315462	-0.30020186	-0.4366024
0.16648465	-0.8318337	-0.30031058	-0.43606085
0.16628955	-0.832083	-0.3004203	-0.43558398
0.1660657	-0.83236057	-0.3004997	-0.43508396
0.16580898	-0.8326689	-0.3005319	-0.43456927
0.1655198	-0.8329763	-0.3005234	-0.4340962
0.16517246	-0.83331555	-0.30049735	-0.43359512
0.16477896	-0.83365554	-0.30045772	-0.43311825
0.16389206	-0.8343358	-0.30028182	-0.432266
0.16347913	-0.8346439	-0.3001204	-0.43193984
0.16298053	-0.8350235	-0.29988113	-0.43156064
0.16243969	-0.8354452	-0.29961154	-0.4311352
0.16181532	-0.8359345	-0.29931772	-0.43062535
0.16104384	-0.8364917	-0.2990694	-0.43000478
0.16032021	-0.8370149	-0.29883415	-0.42942014
0.15954548	-0.8375592	-0.29863408	-0.42878616
0.15877704	-0.83810186	-0.29843414	-0.42814988
0.15803996	-0.838593	-0.29832554	-0.42753616
0.15743257	-0.8390454	-0.29825884	-0.4269186
0.15685159	-0.8395066	-0.29817966	-0.4262806
0.15629724	-0.839961	-0.29806787	-0.42566666
0.15570556	-0.84044844	-0.2979499	-0.42500356
0.15513422	-0.84093416	-0.29783043	-0.42433503
0.15462168	-0.841398	-0.29770598	-0.4236894
0.15419985	-0.84181553	-0.29759848	-0.42308888
0.15383542	-0.8422128	-0.2975096	-0.4224931
0.15353791	-0.8425838	-0.297449	-0.42190382
0.15331577	-0.8429216	-0.2974271	-0.42132464
0.15314253	-0.8432412	-0.29746282	-0.4207226
0.1529687	-0.843534	-0.29755232	-0.42013532
0.15275863	-0.84382504	-0.2976924	-0.41952738
0.15252693	-0.8441139	-0.297884	-0.41889432
0.1522542	-0.8444197	-0.29812387	-0.4182059
0.15188818	-0.8447833	-0.2984372	-0.41738042
0.15152672	-0.845112	-0.29869106	-0.41666424
0.15106435	-0.8455082	-0.29891577	-0.4158663
0.15054756	-0.8459289	-0.29907995	-0.41507953
0.14952026	-0.8467121	-0.29926673	-0.4137171
0.14900751	-0.8470575	-0.29935104	-0.41313374
0.14850764	-0.8473737	-0.29942968	-0.41260773
0.14803785	-0.8476716	-0.29947948	-0.4121282
0.14760159	-0.84795785	-0.29948777	-0.41168964
0.14710568	-0.848307	-0.29945663	-0.41117015
0.1465294	-0.8487018	-0.29944214	-0.41057152
0.14600372	-0.84904987	-0.2994706	-0.4100181
0.14471567	-0.8498634	-0.29979807	-0.40854716
0.1442232	-0.8501534	-0.30006477	-0.4079215
0.14371815	-0.8504407	-0.30041045	-0.4072462
0.14317681	-0.850755	-0.3008219	-0.40647596
0.14273635	-0.85102326	-0.30117837	-0.40580457
0.14232585	-0.85131514	-0.30155027	-0.4050598
0.14195988	-0.8516146	-0.3019478	-0.4042617
0.14161584	-0.85192263	-0.30239335	-0.40339938
0.14163452	-0.85190463	-0.30238444	-0.40343747
0.14124517	-0.85240185	-0.30311704	-0.4019715
0.14109421	-0.8526765	-0.30351472	-0.40114108
0.14099781	-0.8529453	-0.30391434	-0.40030003
0.14093806	-0.853207	-0.30433932	-0.39943966
0.14086123	-0.853488	-0.30481708	-0.3985007
0.14074554	-0.8537433	-0.305238	-0.39767203
0.14057662	-0.8540285	-0.30566272	-0.39679188
0.14037749	-0.85429895	-0.30601203	-0.39601034
0.14013594	-0.8545807	-0.30633214	-0.3952399
0.13986817	-0.85488284	-0.30665854	-0.39442694
0.13962469	-0.85518074	-0.30700594	-0.39359662
0.13941155	-0.8554863	-0.3073897	-0.39270756
0.13923676	-0.85579276	-0.3078242	-0.3917606
0.13910116	-0.8560756	-0.3083131	-0.39080477
0.13895379	-0.8563473	-0.30885118	-0.3898362
0.13877068	-0.856597	-0.30941918	-0.3889012
0.13856933	-0.8568315	-0.3099413	-0.38803986
0.1382813	-0.85708207	-0.31038916	-0.38723016
0.13804783	-0.857308	-0.31075165	-0.386522
0.13774742	-0.85756004	-0.3110622	-0.3858196
0.1374402	-0.8578163	-0.31135157	-0.3851258
0.13672148	-0.85834855	-0.31200132	-0.3836667
0.13622381	-0.8586392	-0.31235412	-0.3829057
0.13563009	-0.85896885	-0.31268105	-0.38210952
0.13503212	-0.8593087	-0.3129396	-0.38134474
0.13451387	-0.8596324	-0.31313962	-0.38063344
0.13403498	-0.85997987	-0.31333512	-0.3798557
0.13372262	-0.86027104	-0.31350493	-0.37916562
0.13346982	-0.8605571	-0.31370956	-0.37843573
0.13324493	-0.8608205	-0.31394976	-0.37771624
0.13300908	-0.86105436	-0.31419322	-0.37706318
0.13269001	-0.8612917	-0.31445158	-0.37641782
0.1323022	-0.86153364	-0.31471226	-0.37578228
0.13184683	-0.8617999	-0.3149585	-0.37512454
0.13133088	-0.8621167	-0.31516242	-0.37440577
0.13085411	-0.86245465	-0.3153003	-0.37367755
0.13032864	-0.86283296	-0.31547832	-0.37283677
0.12968189	-0.86324996	-0.3159317	-0.37171152
0.1297065	-0.86325353	-0.31592116	-0.37170327
0.12866805	-0.8638083	-0.3167533	-0.37006384
0.12804478	-0.8640816	-0.31725314	-0.3692126
0.12739801	-0.86432326	-0.3177331	-0.3684572
0.12679958	-0.86454135	-0.31814507	-0.36779585
0.1263965	-0.86473364	-0.31839415	-0.36726677
0.12614265	-0.86492187	-0.31855232	-0.36677337
0.12601261	-0.8651102	-0.31864807	-0.36629048
0.1258822	-0.8653353	-0.3187689	-0.36569813
0.1256809	-0.8655888	-0.31894997	-0.3650088
0.12537086	-0.8658643	-0.319204	-0.3642392
0.12496466	-0.86612725	-0.31953943	-0.36345828
0.1244988	-0.86637586	-0.31995556	-0.36265883
0.12400835	-0.8665978	-0.32042864	-0.36187828
0.12354557	-0.8667893	-0.32088605	-0.36117172
0.123160616	-0.8669627	-0.32128212	-0.3605343
0.12288106	-0.8671289	-0.3216156	-0.35993218
0.122704834	-0.8672844	-0.32190615	-0.35935742
0.12268687	-0.8673087	-0.32191417	-0.35929793
0.12252672	-0.8675122	-0.3222845	-0.3585283
0.12229584	-0.8678437	-0.32287636	-0.35727006
0.12208845	-0.8680478	-0.32316718	-0.35658172
0.12177422	-0.86829567	-0.3234977	-0.35578483
0.12139102	-0.8685661	-0.32385138	-0.3549333
0.12099963	-0.86882466	-0.32420173	-0.35411307
0.120639354	-0.8690591	-0.324548	-0.35334283
0.12033489	-0.86924374	-0.3249128	-0.3526565
0.12010042	-0.86938745	-0.325351	-0.35197747
0.119951226	-0.8694981	-0.32587898	-0.35126582
0.11988806	-0.8695927	-0.326546	-0.35043293
0.119899355	-0.8696681	-0.32716456	-0.3496641
0.119956486	-0.869737	-0.32783303	-0.3488458
0.1200282	-0.8698157	-0.32851163	-0.34798577
0.12011043	-0.86991465	-0.3291509	-0.3471049
0.12016556	-0.87001616	-0.32971612	-0.34629413
0.12020708	-0.8701159	-0.3302757	-0.34549484
0.120260626	-0.8701928	-0.33080706	-0.34477308
0.12031095	-0.87024945	-0.33127993	-0.34415808
0.12032055	-0.87030584	-0.3317275	-0.34358057
0.12024397	-0.8703786	-0.3320536	-0.34310767
0.12006863	-0.87047076	-0.33232057	-0.34267673
0.11977474	-0.8705888	-0.33256707	-0.34224018
0.11942117	-0.8707167	-0.33279055	-0.34182087
0.11893021	-0.87088567	-0.33304992	-0.34130865
0.11837838	-0.87106943	-0.33329302	-0.3407939
0.11772637	-0.8712727	-0.33353645	-0.34026143
0.11715656	-0.8714445	-0.33370093	-0.33985674
0.11661899	-0.8716044	-0.3338153	-0.33951908
0.11580177	-0.8718274	-0.3339462	-0.33909735
0.11579381	-0.8718435	-0.33394986	-0.33905512
0.11477214	-0.87209153	-0.33407196	-0.33864397
0.114216335	-0.8722295	-0.3341465	-0.33840278
0.11364305	-0.87238073	-0.33427888	-0.3380752
0.11309644	-0.87253463	-0.33448502	-0.3376573
0.11258983	-0.87268114	-0.33475238	-0.3371826
0.11206128	-0.8728355	-0.3350853	-0.3366277
0.11156482	-0.87300014	-0.33541813	-0.33603403
0.1111033	-0.87315464	-0.3357986	-0.3354049
0.11074825	-0.87328154	-0.3362138	-0.3347755
0.11059769	-0.87334996	-0.33661082	-0.33424732
0.11065922	-0.8733827	-0.33697328	-0.33377588
0.1108724	-0.87334055	-0.337404	-0.3333801
0.111136265	-0.87328005	-0.33795264	-0.33289465
0.11140222	-0.87320536	-0.33859563	-0.33234748
0.111602336	-0.8731217	-0.3393433	-0.33173707
0.11176274	-0.87301695	-0.34014046	-0.33114204
0.11194002	-0.8729006	-0.34088928	-0.33061832
0.112184316	-0.8727722	-0.34160054	-0.33014002
0.112059735	-0.87282485	-0.3416493	-0.3299926
0.11250524	-0.8726386	-0.34251222	-0.3294388
0.1130195	-0.87244445	-0.3433044	-0.32895213
0.11358685	-0.87220687	-0.34420598	-0.3284441
0.113812916	-0.8721031	-0.34477076	-0.32804853
0.114016026	-0.87200636	-0.34532785	-0.32764924
0.114167556	-0.87193495	-0.34577647	-0.32731313
0.114334464	-0.8718667	-0.34622222	-0.3269654
0.11452967	-0.8718023	-0.34662005	-0.32664743
0.11475046	-0.87174124	-0.3469739	-0.32635668
0.114962645	-0.8716835	-0.34729496	-0.32609463
0.11519444	-0.8716093	-0.3476584	-0.32582372
0.11530524	-0.8715532	-0.34795395	-0.3256194
0.1153416	-0.87150216	-0.34831583	-0.32535598
0.115269855	-0.8714555	-0.34872428	-0.3250685
0.11515429	-0.8713924	-0.34920517	-0.32476234
0.11507345	-0.87131834	-0.34970146	-0.3244555
0.11505297	-0.87122244	-0.3502746	-0.32410187
0.11534159	-0.8710181	-0.35105577	-0.32370296
0.11532355	-0.8710298	-0.35106283	-0.3236704
0.11594476	-0.870641	-0.3523587	-0.32308578
0.1163459	-0.8704057	-0.35314283	-0.32271945
0.11674046	-0.87020093	-0.3538129	-0.32239497
0.117171586	-0.8700095	-0.3544311	-0.32207614
0.1175977	-0.86984605	-0.35496053	-0.32177898
0.118002065	-0.8697094	-0.35542336	-0.32148927
0.118350334	-0.8695936	-0.35582668	-0.32122827
0.11866686	-0.86948645	-0.35625154	-0.32093045
0.11895254	-0.8693603	-0.35677117	-0.32058904
0.11925074	-0.86919665	-0.35740408	-0.32021686
0.11962318	-0.86899424	-0.35810617	-0.3198429
0.12065437	-0.86849725	-0.35969537	-0.31902096
0.121283084	-0.8682287	-0.36054528	-0.31855398
0.121988006	-0.86795235	-0.36141	-0.31805742
0.12274149	-0.86766195	-0.36229545	-0.31755188
0.123450674	-0.86737883	-0.36313236	-0.31709427
0.12420346	-0.8670559	-0.36404353	-0.31663847
0.124936044	-0.8667205	-0.36500028	-0.3161669
0.12568456	-0.8663626	-0.36603463	-0.3156549
0.12644358	-0.8660134	-0.36704415	-0.31513736
0.12722161	-0.8656658	-0.36801228	-0.31464943
0.12809871	-0.8653187	-0.36894846	-0.31415203
0.12901793	-0.8649539	-0.36982813	-0.313746
0.12988186	-0.8645967	-0.3706854	-0.31336182
0.13067463	-0.8642516	-0.37151402	-0.31300274
0.13135171	-0.8639168	-0.3723032	-0.3127056
0.13194698	-0.86356735	-0.3731294	-0.31243557
0.13245398	-0.86321276	-0.3739867	-0.3121758
0.1328484	-0.8628741	-0.37487733	-0.31187597
0.13284932	-0.86287147	-0.374877	-0.31188357
0.13356796	-0.8622128	-0.37674576	-0.31114537
0.1338566	-0.86194915	-0.3774973	-0.31084085
0.13419813	-0.8616478	-0.37831628	-0.3105333
0.1345896	-0.8613145	-0.37915143	-0.31026977
0.13502803	-0.86095095	-0.38000238	-0.310047
0.13546956	-0.86057365	-0.38088283	-0.3098216
0.13588421	-0.860179	-0.3818571	-0.30953655
0.13628125	-0.8597807	-0.3828881	-0.3091948
0.13664989	-0.8594036	-0.3838809	-0.30884922
0.13705353	-0.8589787	-0.3850217	-0.3084321
0.13737729	-0.8586372	-0.3859469	-0.30808222
0.1377236	-0.858266	-0.38693926	-0.30771694
0.13813134	-0.85785776	-0.3879874	-0.3073526
0.13859458	-0.857441	-0.38899684	-0.30703077
0.13908188	-0.8570307	-0.38995603	-0.30673912
0.13958685	-0.85661966	-0.39091933	-0.30643213
0.14012253	-0.8561992	-0.39189857	-0.3061114
0.14058407	-0.85583574	-0.39281633	-0.30573958
0.14101462	-0.8554816	-0.39372748	-0.30536017
0.1415491	-0.8550639	-0.3947794	-0.30492443
0.14156742	-0.85506564	-0.3947729	-0.3049195
0.142116	-0.85457283	-0.39601082	-0.30444008
0.14247143	-0.8542988	-0.39670497	-0.3041394
0.14287192	-0.8540294	-0.39735064	-0.303865
0.14333637	-0.8537381	-0.39802915	-0.3035764
0.14383942	-0.8534191	-0.39876416	-0.30327088
0.14424129	-0.85312706	-0.39961353	-0.3027833
0.14459579	-0.85284865	-0.40045726	-0.3022836
0.14477597	-0.8526095	-0.40123245	-0.3018437
0.14496873	-0.8523173	-0.40219975	-0.3012885
0.14498554	-0.8523179	-0.40219378	-0.3012865
0.14527425	-0.8519777	-0.40335873	-0.30055174
0.14548771	-0.8517936	-0.40400147	-0.30010638
0.14576806	-0.851601	-0.40465674	-0.2996338
0.14613305	-0.8513827	-0.40536207	-0.29912287
0.14662518	-0.8511717	-0.40604845	-0.2985511
0.14715594	-0.85093546	-0.40672705	-0.29803914
0.14766811	-0.85069764	-0.40734613	-0.29761866
0.14818503	-0.8504414	-0.40797016	-0.29723886
0.14879899	-0.8500916	-0.40877926	-0.296821
0.14880471	-0.8501082	-0.40877697	-0.29677367
0.14965065	-0.84955275	-0.40997577	-0.29628515
0.15008853	-0.8492558	-0.41062194	-0.29601976
0.15055573	-0.8489202	-0.41133708	-0.29575193
0.15099566	-0.84857774	-0.4120812	-0.2954748
0.15137531	-0.8482736	-0.4127566	-0.2952111
0.15176639	-0.84794587	-0.41351408	-0.29489148
0.15212329	-0.84763694	-0.41425568	-0.2945545
0.15255952	-0.8472927	-0.41505545	-0.29419327
0.15332116	-0.84678656	-0.41610327	-0.2937742
0.1533386	-0.8468096	-0.41609657	-0.29370803
0.15452068	-0.8460312	-0.41769606	-0.29306105
0.15519348	-0.8455995	-0.41858748	-0.29267958
0.15591435	-0.845127	-0.4196157	-0.29218793
0.1566286	-0.8446276	-0.42066327	-0.2917434
0.1574104	-0.84410423	-0.42168015	-0.29136902
0.15822938	-0.8435633	-0.4226895	-0.29102954
0.1590836	-0.8430001	-0.4237105	-0.29071054
0.16005884	-0.8423506	-0.42486778	-0.29036885
0.16087851	-0.84178495	-0.42588183	-0.29007056
0.16177124	-0.8411372	-0.42705697	-0.28972548
0.1626176	-0.84047794	-0.42828006	-0.28935906
0.16339457	-0.83980906	-0.42956373	-0.2889601
0.16406484	-0.8391535	-0.43085065	-0.28856853
0.16463368	-0.83851504	-0.4321188	-0.2882041
0.16509011	-0.83791786	-0.43332604	-0.2878672
0.16549432	-0.83733946	-0.43450856	-0.28753513
0.16590372	-0.8367654	-0.4356622	-0.28722468
0.16636619	-0.83617157	-0.43681312	-0.2869386
0.16687952	-0.83554995	-0.43797973	-0.28667274
0.16737993	-0.83491933	-0.43914625	-0.2864339
0.16784282	-0.8342686	-0.44034675	-0.28621587
0.1682058	-0.83366746	-0.44147348	-0.28601846
0.16855042	-0.8330196	-0.44268674	-0.28582817
0.16886882	-0.8323964	-0.44384867	-0.28565356
0.16919605	-0.83179253	-0.44498402	-0.28545254
0.16955315	-0.8311952	-0.4461375	-0.28518012
0.16993324	-0.83059573	-0.44733748	-0.28482065
0.17034115	-0.8299768	-0.44857663	-0.28443173
0.17079349	-0.82931685	-0.4498809	-0.28402525
0.17127772	-0.828634	-0.45117682	-0.283671
0.1716788	-0.82801795	-0.45234138	-0.28337288
0.17169286	-0.8280136	-0.45233655	-0.2833843
0.17231977	-0.8268477	-0.4546418	-0.28271866
0.17256081	-0.8263055	-0.45574048	-0.28238723
0.17278855	-0.82577574	-0.45682117	-0.2820512
0.17300294	-0.82524854	-0.45790493	-0.28170553
0.17320508	-0.8247117	-0.45901144	-0.28135234
0.173413	-0.8241722	-0.46010655	-0.28101656
0.17360815	-0.8236569	-0.4611508	-0.28069454
0.17382741	-0.8231691	-0.46213463	-0.28037193
0.17408471	-0.8226881	-0.46308318	-0.2800587
0.1743709	-0.82222027	-0.46400547	-0.27972794
0.17471185	-0.821725	-0.46497577	-0.279359
0.17507839	-0.82119006	-0.46603435	-0.27893797
0.17536886	-0.8207075	-0.46700612	-0.2785506
0.17562953	-0.82017756	-0.46808985	-0.278128
0.17583066	-0.8196534	-0.46919507	-0.27768338
0.17598444	-0.8191563	-0.47027507	-0.2772254
0.17616011	-0.81866366	-0.47131836	-0.2767968
0.176396	-0.81823796	-0.47217405	-0.27644694
0.1767745	-0.81776726	-0.4730553	-0.2760909
0.17726429	-0.81728286	-0.47391087	-0.27574417
0.17784005	-0.816739	-0.4748403	-0.27538505
0.1784026	-0.81618404	-0.4757865	-0.27503353
0.17889123	-0.81568426	-0.4766529	-0.27469823
0.17937289	-0.815116	-0.4776648	-0.27431312
0.17977723	-0.81459033	-0.47862443	-0.273937
0.18023326	-0.8140162	-0.47966662	-0.27352095
0.18098661	-0.8132194	-0.4810163	-0.27302268
0.18098545	-0.81322265	-0.48101655	-0.27301344
0.1821237	-0.8121523	-0.48263425	-0.27258715
0.18288925	-0.81146854	-0.48364228	-0.2723245
0.18368964	-0.81074893	-0.4847024	-0.27204415
0.18446259	-0.810038	-0.4857678	-0.2717386
0.18521218	-0.8093067	-0.4868931	-0.2713933
0.1859522	-0.80852526	-0.48812875	-0.2709963
0.18659252	-0.80779237	-0.48931956	-0.27059412
0.18718657	-0.80702096	-0.49059993	-0.2701668
0.18784912	-0.8060297	-0.49227953	-0.26961052
0.1878565	-0.80602896	-0.492277	-0.26961207
0.1885669	-0.8047218	-0.49448618	-0.26897758
0.18898024	-0.80398387	-0.4956814	-0.2686943
0.18941258	-0.8032802	-0.49677393	-0.26847643
0.19039226	-0.80194104	-0.49877217	-0.2680813
0.19093783	-0.8012933	-0.4997367	-0.26783428
0.19201481	-0.8000175	-0.50162673	-0.26734456
0.19252911	-0.7993821	-0.50256085	-0.2671207
0.19304027	-0.7987101	-0.5035519	-0.26689556
0.1934987	-0.79804426	-0.50454575	-0.2666779
0.1939529	-0.79736584	-0.5055623	-0.26645228
0.19445178	-0.79665893	-0.5066184	-0.26619703
0.19501385	-0.7959365	-0.50768137	-0.2659217
0.19559605	-0.79527223	-0.50863343	-0.26566228
0.19627997	-0.7945956	-0.5095613	-0.26540428
0.19705355	-0.7938615	-0.5105335	-0.26515898
0.19783746	-0.79314476	-0.5114672	-0.26492077
0.19875334	-0.79227465	-0.512606	-0.26463777
0.19875658	-0.7922752	-0.5126049	-0.26463607
0.19950643	-0.7913935	-0.5137784	-0.26443365
0.20023179	-0.7903782	-0.5151529	-0.26424855
0.20064825	-0.7896732	-0.5161255	-0.26414192
0.20097204	-0.7890386	-0.5170114	-0.26405972
0.20131768	-0.7883618	-0.51795006	-0.2639787
0.2017366	-0.7876865	-0.51886386	-0.26387972
0.20223802	-0.7869867	-0.51980543	-0.2637312
0.20278835	-0.78625625	-0.5208073	-0.26351056
0.20335044	-0.78550285	-0.52187186	-0.26321796
0.20383453	-0.7848092	-0.5228611	-0.2629491
0.2042308	-0.7841543	-0.5237994	-0.26272815
0.20455797	-0.7835022	-0.5247336	-0.26255462
0.2048415	-0.7828409	-0.52568096	-0.2624112
0.20511916	-0.78225917	-0.5264999	-0.26228765
0.20544757	-0.78168213	-0.5272876	-0.2621683
0.20583563	-0.7810912	-0.5280745	-0.2620411
0.20629129	-0.78047675	-0.5288807	-0.2618881
0.20678899	-0.7798081	-0.52977717	-0.26167524
0.20727578	-0.77890265	-0.53109986	-0.26130557
0.2072946	-0.7789052	-0.5310929	-0.26129648
0.20785126	-0.7776279	-0.5329893	-0.26079705
0.20812984	-0.7768892	-0.5340936	-0.2605171
0.2084219	-0.77617747	-0.53513074	-0.2602768
0.20871653	-0.7754531	-0.53618497	-0.26003024
0.20906997	-0.774769	-0.5371212	-0.2598534
0.20953119	-0.7740909	-0.53797114	-0.25974458
0.210041	-0.7733903	-0.5387986	-0.2597043
0.21054791	-0.77267903	-0.53964245	-0.25965893
0.2110685	-0.7719157	-0.54057866	-0.2595595
0.21149896	-0.77125096	-0.5414298	-0.2594106
0.21192832	-0.7705655	-0.54234385	-0.25918788
0.2123706	-0.7698596	-0.54330254	-0.25891572
0.21281725	-0.76915944	-0.54425853	-0.2586218
0.21326283	-0.76848006	-0.5451863	-0.25832048
0.2136923	-0.7678331	-0.5460696	-0.25802353
0.21416049	-0.767149	-0.54699755	-0.2577041
0.21464495	-0.7664749	-0.5478759	-0.25744134
0.21519154	-0.7657168	-0.54884565	-0.25717482
0.21571174	-0.7650209	-0.5497245	-0.25693303
0.2162697	-0.7642953	-0.5506393	-0.25666428
0.21682875	-0.76356965	-0.55156046	-0.25637445
0.21744466	-0.762778	-0.5525726	-0.25602958
0.2180311	-0.76204234	-0.55350816	-0.25570038
0.21867724	-0.76125467	-0.5544798	-0.25538972
0.21934344	-0.7604717	-0.5554085	-0.255133
0.22001484	-0.75969416	-0.55631274	-0.25490117
0.22132562	-0.75812995	-0.5581441	-0.2544192
0.22194852	-0.75733393	-0.5591067	-0.2541335
0.22250645	-0.75646603	-0.5602137	-0.25379258
0.22301973	-0.75566274	-0.5612352	-0.25347847
0.22347958	-0.7548241	-0.5623319	-0.25314102
0.22389877	-0.7539578	-0.56347334	-0.252814
0.22430624	-0.7531297	-0.5645523	-0.2525136
0.22480626	-0.75229126	-0.5655769	-0.2522751
0.22562692	-0.7512003	-0.5668455	-0.25194618
0.22563088	-0.75120485	-0.5668437	-0.25193328
0.22710328	-0.74980676	-0.5682688	-0.25156444
0.22802287	-0.74898916	-0.5690766	-0.2513418
0.22893807	-0.7481664	-0.56989557	-0.2511046
0.22977991	-0.7473438	-0.5707549	-0.25083342
0.23049594	-0.7465354	-0.57165974	-0.25052264
0.23114552	-0.74567986	-0.5726702	-0.25016454
0.23167881	-0.74487674	-0.57364523	-0.24982956
0.23218466	-0.7440597	-0.5746375	-0.24951436
0.23271766	-0.7432056	-0.5756542	-0.24921916
0.23328185	-0.7423416	-0.5766554	-0.24895221
0.2338925	-0.7414556	-0.577653	-0.2487067
0.23448224	-0.74063444	-0.57856774	-0.24847159
0.23504944	-0.7398436	-0.5794505	-0.24823473
0.23560263	-0.7390789	-0.5803052	-0.24799146
0.23610651	-0.7384083	-0.58106107	-0.24773979
0.23667127	-0.73771155	-0.58184344	-0.24744041
0.23724127	-0.73706895	-0.58255845	-0.2471267
0.2378831	-0.73639846	-0.5832935	-0.24677466
0.23860769	-0.7356829	-0.58405864	-0.24639927
0.23935151	-0.7349624	-0.5848278	-0.24600346
0.24013181	-0.73416495	-0.5857081	-0.24552943
0.24093185	-0.7331772	-0.58685535	-0.24495709
0.2414807	-0.73239124	-0.5878315	-0.24442664
0.24198766	-0.73160064	-0.588816	-0.24392262
0.24239644	-0.7307808	-0.5898451	-0.24348769
0.2428206	-0.72997314	-0.5908456	-0.2430614
0.243181	-0.7292271	-0.59177375	-0.24268219
0.24351028	-0.72851145	-0.59265405	-0.24235313
0.24387053	-0.7278296	-0.59346575	-0.24205323
0.24424197	-0.7271523	-0.59426636	-0.2417496
0.24460848	-0.72645146	-0.5951078	-0.24141605
0.2449572	-0.72576916	-0.59592247	-0.24110512
0.2453029	-0.72504073	-0.5968221	-0.24071972
0.24567911	-0.72431535	-0.59770054	-0.24033992
0.24614432	-0.7235511	-0.5985839	-0.23996717
0.24668652	-0.7227912	-0.59941703	-0.2396205
0.24726993	-0.72204363	-0.60021627	-0.23927176
0.24786471	-0.72128505	-0.60105133	-0.23884808
0.24844468	-0.72050226	-0.6019494	-0.23834574
0.24944012	-0.71897477	-0.6037962	-0.23724481
0.24991187	-0.71821505	-0.6047126	-0.23671497
0.25038964	-0.71745914	-0.605611	-0.23620509
0.25089598	-0.71668696	-0.606512	-0.23569962
0.25145987	-0.7158669	-0.6074457	-0.23518547
0.25204617	-0.7150502	-0.60835487	-0.23469195
0.2526711	-0.7141784	-0.6093312	-0.23414136
0.253234	-0.71334666	-0.61028844	-0.2335746
0.25374287	-0.71248615	-0.61132544	-0.23293614
0.25413552	-0.71165264	-0.61238205	-0.23228003
0.25441435	-0.7108847	-0.6133949	-0.23165278
0.25456628	-0.7101628	-0.61435944	-0.23114344
0.25466472	-0.70952696	-0.6152074	-0.23073204
0.25476876	-0.70886165	-0.61609554	-0.23029213
0.25494754	-0.7081543	-0.6169491	-0.22998506
0.25530177	-0.7071475	-0.6181015	-0.22959536
0.2553035	-0.7071505	-0.61810046	-0.22958682
0.25594988	-0.70581424	-0.61958593	-0.2289745
0.25636956	-0.70501786	-0.6204893	-0.22851132
0.2568249	-0.70424265	-0.6213865	-0.22795191