0.45023227	-0.081611864	-0.8888154	-0.025250463
0.45033154	-0.081218734	-0.88881195	-0.024867063
0.4504959	-0.08090201	-0.8887667	-0.024542343
0.45067823	-0.080723174	-0.8886954	-0.024357721
0.45080757	-0.08071326	-0.8886313	-0.024342421
0.4508292	-0.08080659	-0.8886081	-0.02447271
0.45075685	-0.08096415	-0.8886238	-0.024715284
0.45066324	-0.08111487	-0.88865	-0.024983723
0.4506082	-0.081180476	-0.88866544	-0.025214888
0.4505804	-0.08113265	-0.88868004	-0.025352648
0.45054632	-0.08101318	-0.8887064	-0.025417637
0.450489	-0.080844484	-0.88875073	-0.025415234
0.4504596	-0.08064294	-0.88878524	-0.025375312
0.4505611	-0.08049667	-0.888749	-0.0253074
0.45067933	-0.080435686	-0.8886946	-0.025301622
0.45076734	-0.080450825	-0.8886467	-0.025366856
0.45083338	-0.08051008	-0.8886054	-0.025454916
0.45087644	-0.0805873	-0.88857377	-0.025553307
0.4508926	-0.08065352	-0.8885564	-0.025662286
0.4509627	-0.08071471	-0.8885129	-0.025744312
0.451066	-0.080747694	-0.8884562	-0.025787521
0.45116007	-0.08072999	-0.88841	-0.02578822
0.451219	-0.080653004	-0.88838834	-0.025744366
0.45124286	-0.080540136	-0.88838863	-0.025668684
0.45123392	-0.08042419	-0.8884057	-0.025600951
0.45118853	-0.08031315	-0.88844013	-0.025549974
0.45114076	-0.08020381	-0.8884754	-0.02551506
0.45109412	-0.08010115	-0.8885092	-0.025481876
0.45102724	-0.08003567	-0.888549	-0.025485381
0.45095813	-0.08000964	-0.88858485	-0.025538329
0.4508883	-0.08004111	-0.88861406	-0.025657155
0.45081958	-0.08010337	-0.8886385	-0.025823614
0.45076695	-0.080163255	-0.8886539	-0.026023295
0.4507168	-0.08020321	-0.88866967	-0.026234603
0.45066428	-0.08022497	-0.8886893	-0.026405279
0.4506246	-0.08023424	-0.8887044	-0.026540413
0.45059887	-0.08024202	-0.8887137	-0.02664109
0.45059353	-0.0802284	-0.8887162	-0.026689118
0.45057967	-0.08018313	-0.88872755	-0.026683763
0.45055214	-0.08010776	-0.8887495	-0.026645264
0.45053577	-0.08006315	-0.8887632	-0.026595093
0.45056373	-0.08002689	-0.8887548	-0.026516212
0.45067054	-0.08002011	-0.8887044	-0.026410017
0.45083383	-0.08002557	-0.8886252	-0.026271567
0.45100513	-0.079991825	-0.88854647	-0.026093
0.45114666	-0.07987859	-0.888491	-0.025883354
0.45126915	-0.07970631	-0.8884509	-0.02565345
0.45132	-0.07948473	-0.88845146	-0.025428135
0.45129874	-0.079160176	-0.8884973	-0.025216868
0.45127124	-0.0791566	-0.8885113	-0.025224831
0.4512328	-0.07881854	-0.8885622	-0.025179928
0.45119026	-0.07867288	-0.88859445	-0.025255043
0.45114976	-0.07856614	-0.8886204	-0.025401494
0.45111662	-0.078480944	-0.888638	-0.025635473
0.45107877	-0.078431845	-0.88865316	-0.025926394
0.4510376	-0.0784319	-0.8886634	-0.026285775
0.45098475	-0.078452975	-0.8886778	-0.026644332
0.45092198	-0.07848698	-0.8886969	-0.026963308
0.45087844	-0.07855401	-0.8887051	-0.027222842
0.45085648	-0.078663476	-0.8887006	-0.027420338
0.4508293	-0.07877833	-0.8887005	-0.027541252
0.45083728	-0.07892202	-0.8886822	-0.027586421
0.4509121	-0.07909632	-0.8886294	-0.027566018
0.45103595	-0.07929288	-0.88855094	-0.027507888
0.45121023	-0.07948602	-0.88844734	-0.027434869
0.45139763	-0.07960505	-0.8883442	-0.02734752
0.4515439	-0.07961567	-0.8882719	-0.027247509
0.45160776	-0.079516724	-0.88825095	-0.02716228
0.45161292	-0.07935461	-0.8882641	-0.027120678
0.45156044	-0.07913908	-0.88831055	-0.027105507
0.45148787	-0.078929625	-0.8883655	-0.027121698
0.4513882	-0.07871894	-0.8884337	-0.027157085
0.45124528	-0.07852622	-0.8885218	-0.027210802
0.45106447	-0.07835826	-0.8886269	-0.027258951
0.45086813	-0.078218475	-0.8887375	-0.027302993
0.4507092	-0.07812635	-0.88882446	-0.02735794
0.4505868	-0.07807282	-0.88888973	-0.027411466
0.4505257	-0.078052945	-0.88892126	-0.027448837
0.4505569	-0.07803693	-0.8889064	-0.027463302
0.4506937	-0.077988625	-0.888842	-0.027442424
0.45083103	-0.07790955	-0.88878095	-0.027384315
0.45096305	-0.0777459	-0.88873017	-0.0273251
0.45092863	-0.07752981	-0.8887682	-0.0272722
0.4508389	-0.077247195	-0.88883924	-0.027238987
0.45070463	-0.07690523	-0.8889378	-0.027215306
0.4504843	-0.07647238	-0.88908744	-0.027193073
0.4504714	-0.07646426	-0.8890942	-0.02720947
0.45034745	-0.075987026	-0.88920087	-0.02711151
0.45034358	-0.075728394	-0.8892271	-0.027036212
0.450371	-0.07545879	-0.8892395	-0.026926678
0.45041415	-0.07520274	-0.88924295	-0.026808646
0.45047295	-0.07499138	-0.88923466	-0.02668741
0.45056757	-0.07481728	-0.8892042	-0.02659411
0.4506592	-0.07466858	-0.8891722	-0.02652915
0.45071566	-0.07450227	-0.889159	-0.026476316
0.45076102	-0.074270956	-0.88915676	-0.026431983
0.45078897	-0.07396902	-0.88916916	-0.02638513
0.4507807	-0.073622905	-0.8892041	-0.026314978
0.45069328	-0.07319046	-0.8892875	-0.02620429
0.45070818	-0.073181495	-0.88928014	-0.026221659
0.45037693	-0.07234894	-0.88952494	-0.025918974
0.4502105	-0.07185706	-0.8896533	-0.02577098
0.4500482	-0.07143483	-0.8897724	-0.025667353
0.44989043	-0.07104497	-0.8898852	-0.02560406
0.44976956	-0.070661545	-0.88997704	-0.025599632
0.44957718	-0.07029762	-0.8901042	-0.025561826
0.44957262	-0.06990762	-0.8901376	-0.025544107
0.44957045	-0.06958402	-0.8901643	-0.02553324
0.4496411	-0.06919527	-0.89016104	-0.025458628
0.44965723	-0.06866206	-0.8902012	-0.025218055
0.44965312	-0.06830816	-0.8902349	-0.025056632
0.44967487	-0.06788769	-0.8902635	-0.024790842
0.44971356	-0.06745039	-0.89028496	-0.024511306
0.44973466	-0.066975884	-0.89031863	-0.024201019
0.44970667	-0.06645187	-0.8903816	-0.023849964
0.44968382	-0.06593501	-0.8904417	-0.02346595
0.4497149	-0.065446176	-0.89047295	-0.023051167
0.44981518	-0.064968064	-0.89046824	-0.022625517
0.45000565	-0.064294204	-0.89043605	-0.022020424
0.44995385	-0.064237334	-0.89046353	-0.022134345
0.45020694	-0.06329065	-0.89042246	-0.021350881
0.45043817	-0.062102556	-0.8904111	-0.020417888
0.45056695	-0.06122058	-0.89042103	-0.019799069
0.45065603	-0.060340166	-0.89044905	-0.01920081
0.45079827	-0.058723554	-0.8905107	-0.017982474
0.45083818	-0.057940852	-0.890551	-0.017518468
0.4508816	-0.05719629	-0.8905855	-0.017083319
0.45091105	-0.05655078	-0.89061826	-0.01674988
0.45096883	-0.055911954	-0.8906352	-0.01642991
0.4510078	-0.055333022	-0.8906575	-0.016113333
0.45110333	-0.05467619	-0.89065576	-0.01577119
0.4511675	-0.053994972	-0.8906711	-0.015408476
0.4512848	-0.053328056	-0.8906582	-0.015039975
0.45143092	-0.052719753	-0.89062613	-0.014692516
0.45161465	-0.052132446	-0.8905736	-0.014319383
0.4517822	-0.05168147	-0.89051974	-0.014020009
0.45192358	-0.051271368	-0.890477	-0.0136736
0.45211256	-0.050845448	-0.8904118	-0.013263415
0.452184	-0.0508332	-0.89037585	-0.0132856
0.45232326	-0.050130393	-0.890356	-0.012528578
0.4524294	-0.049631033	-0.8903373	-0.011994531
0.45253512	-0.049013942	-0.8903263	-0.011348026
0.45262095	-0.04830369	-0.8903302	-0.010643877
0.45268366	-0.047548737	-0.8903473	-0.0099158
0.4527341	-0.04683326	-0.8903669	-0.009239446
0.45278034	-0.046152815	-0.89038545	-0.008588932
0.45285055	-0.045506682	-0.8903889	-0.007944777
0.45289987	-0.04492609	-0.8903984	-0.0073629236
0.45293105	-0.044328645	-0.8904169	-0.0067975926
0.4529741	-0.04368496	-0.89043105	-0.0062263664
0.45303592	-0.043004498	-0.8904365	-0.0056561395
0.45303592	-0.043004498	-0.8904365	-0.0056561395
0.45319062	-0.041612223	-0.89043057	-0.0044925483
0.45323485	-0.040932707	-0.8904421	-0.003944615
0.45327383	-0.04024052	-0.8904561	-0.0034129673
0.45331463	-0.039554838	-0.8904678	-0.0029101295
0.45338893	-0.03892421	-0.8904591	-0.0024597736
0.4534971	-0.038323764	-0.89043117	-0.0020306427
0.45364222	-0.037743565	-0.8903828	-0.0016153825
0.45377806	-0.037174284	-0.8903383	-0.001203282
0.45385262	-0.036504075	-0.89032847	-0.0007789374
0.45382607	-0.035798565	-0.89037097	-0.0002792987
0.45370483	-0.03500851	-0.8904642	0.00026608087
0.45354766	-0.034228753	-0.8905742	0.000807346
0.4533934	-0.03347628	-0.8906807	0.0013362523
0.45325577	-0.032775898	-0.89077586	0.0018580395
0.4532407	-0.0321067	-0.8908068	0.002327767
0.45323122	-0.031357285	-0.8908367	0.0028563477
0.4532278	-0.030824836	-0.8908558	0.003244225
0.45319423	-0.03008799	-0.89089596	0.0037627518
0.45312202	-0.02923896	-0.89095813	0.004371609
0.45305395	-0.028375238	-0.89101744	0.00500221
0.45299697	-0.02752085	-0.89106935	0.005636827
0.45294058	-0.026698574	-0.89111894	0.0062622074
0.4528678	-0.025025617	-0.89119524	0.0074609984
0.45283017	-0.024198223	-0.8912319	0.008062535
0.45276576	-0.02340288	-0.89128035	0.008660417
0.45261902	-0.022596784	-0.8913693	0.0092877755
0.45236897	-0.021736015	-0.8915106	0.009938478
0.45209885	-0.020879976	-0.89166075	0.010579261
0.45187837	-0.02006377	-0.8917838	0.011188327
0.4517316	-0.019303085	-0.89186776	0.0117474515
0.45166448	-0.018615166	-0.8919099	0.0122205345
0.4516609	-0.017964311	-0.8919193	0.012643484
0.45170075	-0.017339233	-0.8919059	0.013027059
0.45170555	-0.01668604	-0.8919099	0.013427813
0.4515839	-0.015861206	-0.89197874	0.013945275
0.45153162	-0.015310826	-0.8920077	0.0143874455
0.45148522	-0.014752757	-0.8920328	0.014865678
0.45143768	-0.014127361	-0.8920572	0.0154460585
0.45140707	-0.013449113	-0.8920714	0.016106805
0.45132437	-0.01258582	-0.8921121	0.016851248
0.45122594	-0.011664648	-0.8921592	0.017636802
0.45111865	-0.01072176	-0.89220876	0.018459287
0.45112252	-0.009784636	-0.89220005	0.019282602
0.45109627	-0.00888407	-0.89220506	0.02008554
0.45111927	-0.00811365	-0.8921836	0.020831618
0.4512118	-0.007396047	-0.89212507	0.02159377
0.45134112	-0.006806922	-0.89204776	0.022265244
0.45149103	-0.006140637	-0.8919584	0.022983331
0.45164782	-0.005375107	-0.8918648	0.023721116
0.4517736	-0.0045418222	-0.89178556	0.024461629
0.45185882	-0.003632339	-0.8917258	0.02521166
0.4519095	-0.0026681048	-0.89168173	0.025971148
0.45192802	-0.0016313108	-0.8916505	0.026792359
0.4519359	-0.0005313577	-0.8916203	0.027696637
0.45195088	0.000496948	-0.8915849	0.028578859
0.45197654	0.0014773265	-0.89154077	0.029497879
0.45200402	0.0024415515	-0.8914973	0.030318163
0.45203248	0.0034501336	-0.89145434	0.031049663
0.45207044	0.0043837046	-0.891408	0.031702098
0.4521065	0.0053167082	-0.8913614	0.032347284
0.45215887	0.0062896144	-0.8913038	0.033020172
0.4522314	0.0072718034	-0.891233	0.03372922
0.45229173	0.008259936	-0.89116657	0.034441408
0.45235014	0.0092735775	-0.8910975	0.035195056
0.45242047	0.010227813	-0.8910232	0.03590053
0.45246553	0.011165763	-0.8909621	0.036564477
0.45248055	0.012005909	-0.89091873	0.037162565
0.4524709	0.012849012	-0.890888	0.03773231
0.45244238	0.013706837	-0.89086425	0.038326327
0.4524329	0.014573591	-0.89082587	0.039006893
0.45245212	0.015442797	-0.89076704	0.03978411
0.45248088	0.016322749	-0.89069706	0.040661395
0.45251146	0.01721449	-0.8906212	0.04160489
0.45258528	0.018118	-0.8905194	0.042587593
0.45277563	0.019087821	-0.8903503	0.04365962
0.4529449	0.019712387	-0.8902174	0.0443331
0.45309275	0.020392876	-0.89009196	0.045025636
0.45318297	0.02110314	-0.8899967	0.045669798
0.45313886	0.022525143	-0.88992727	0.046767753
0.45302135	0.023352904	-0.8899376	0.047302064
0.45294678	0.024215074	-0.8899203	0.047902647
0.45292777	0.02507704	-0.8898701	0.048569255
0.45296153	0.025949977	-0.88978773	0.049297743
0.45303562	0.026804514	-0.8896814	0.05007457
0.45310622	0.027669469	-0.88957036	0.05092965
0.45316416	0.028513284	-0.8894637	0.051803645
0.45318004	0.029403696	-0.8893711	0.05274872
0.45311636	0.030361392	-0.88931125	0.053750906
0.45292804	0.031414073	-0.8893084	0.054771572
0.4526523	0.03260507	-0.8893395	0.05583962
0.45242342	0.033939324	-0.88933825	0.056909397
0.45219123	0.035261486	-0.88933504	0.057991866
0.4520602	0.036575075	-0.88927287	0.059139635
0.45203844	0.037835643	-0.8891584	0.060226206
0.45207632	0.039017465	-0.8890155	0.061287172
0.45206758	0.040173322	-0.88890004	0.06227295
0.45196205	0.041308284	-0.8888431	0.06310249
0.4517685	0.042363636	-0.8888437	0.06377615
0.4515001	0.04340563	-0.88888633	0.06437946
0.45122296	0.044435356	-0.8889323	0.064982645
0.451022	0.045480378	-0.88893104	0.06566984
0.45093685	0.046486948	-0.888865	0.06643822
0.4509585	0.04746542	-0.88873935	0.0672754
0.45108038	0.048568487	-0.88853794	0.06832323
0.4512099	0.049292985	-0.88837606	0.06904956
0.45137075	0.050177477	-0.8881773	0.06991342
0.4514484	0.051148977	-0.8880115	0.070807554
0.45143813	0.052165262	-0.8878882	0.07167366
0.45138052	0.053177003	-0.8877885	0.07252264
0.45129022	0.054233592	-0.88769513	0.07343965
0.45121792	0.055303015	-0.8875849	0.07441106
0.45119762	0.05635864	-0.8874439	0.07541738
0.45125932	0.057740584	-0.88720894	0.07675552
0.45125446	0.057736658	-0.887211	0.07676269
0.4514686	0.05958288	-0.8868356	0.078414135
0.45156872	0.060612794	-0.88664013	0.079253934
0.45159876	0.06171054	-0.8864851	0.07996563
0.4516308	0.06279289	-0.88632864	0.08067454
0.45162278	0.06388132	-0.88619584	0.08132075
0.45158538	0.06502928	-0.88607323	0.08195141
0.45153338	0.06628101	-0.885945	0.08261901
0.45147896	0.06754488	-0.8858135	0.08330171
0.45141193	0.06882446	-0.88568205	0.08401056
0.4513822	0.07020409	-0.8855141	0.08479585
0.45137355	0.07130994	-0.8853675	0.085447654
0.45138204	0.072486624	-0.8851981	0.086164676
0.45134732	0.07362585	-0.8850527	0.08687121
0.45130002	0.07478967	-0.88490355	0.08763764
0.45127583	0.07580197	-0.8847557	0.08838408
0.45128918	0.07680037	-0.88458323	0.0891762
0.45156625	0.07865201	-0.88413084	0.09063466
0.45182267	0.079434246	-0.8838621	0.091293104
0.4521242	0.08020979	-0.88357705	0.09187867
0.45244554	0.0810072	-0.8832868	0.0923869
0.45277122	0.081862345	-0.88299334	0.09284247
0.4527685	0.081831545	-0.88299125	0.0929016
0.45321548	0.08392498	-0.88247645	0.09374229
0.45329344	0.08469967	-0.8823257	0.09408717
0.45333114	0.08563596	-0.88217103	0.094507836
0.45335847	0.08654692	-0.8820204	0.09495212
0.45340282	0.08742519	-0.8818591	0.095431834
0.45349088	0.08825368	-0.88167626	0.09593921
0.45364118	0.089062415	-0.8814592	0.09647469
0.45387292	0.089995556	-0.88117784	0.09708659
0.45406845	0.090800144	-0.8809355	0.09762101
0.45431486	0.09180567	-0.88062966	0.09829104
0.45448878	0.09284131	-0.88035506	0.09897277
0.4545688	0.094003074	-0.88010836	0.09970012
0.45458406	0.09528693	-0.87987816	0.100439675
0.45482194	0.09765503	-0.8793254	0.10191956
0.4550316	0.09858786	-0.8790479	0.10247726
0.45533806	0.099449374	-0.8787306	0.10300323
0.45571923	0.10021809	-0.8783926	0.10345498
0.4562735	0.10097405	-0.87797	0.10386261
0.4569984	0.10167989	-0.87747186	0.10419565
0.45788097	0.102355495	-0.87690127	0.10446393
0.45856363	0.102844164	-0.8764715	0.10459601
0.4592427	0.1034509	-0.8760338	0.10468445
0.45971707	0.10413712	-0.8756988	0.10472536
0.46002	0.104879245	-0.8754471	0.10475914
0.4601885	0.10566599	-0.8752582	0.104806766
0.46025518	0.1063455	-0.87513006	0.10489641
0.46030426	0.10706862	-0.8749948	0.10507326
0.46037388	0.10775515	-0.87484366	0.105324246
0.46053806	0.108418636	-0.87463534	0.105656184
0.46084538	0.10906018	-0.87434447	0.106063075
0.46118584	0.109577894	-0.8740517	0.1064615
0.46158165	0.11006776	-0.87372947	0.10688483
0.4619294	0.11046336	-0.873421	0.10749342
0.46242058	0.110972226	-0.87299573	0.10831013
0.46282846	0.11133916	-0.8726401	0.10905378
0.4632333	0.11170413	-0.8722879	0.10977633
0.46354404	0.11189449	-0.8720306	0.11031457
0.46388915	0.112032466	-0.87176526	0.11081928
0.4643335	0.11213673	-0.87145555	0.111288235
0.46488407	0.11225068	-0.8710908	0.11172962
0.46546286	0.11239693	-0.87070924	0.112145565
0.46607995	0.11252605	-0.8703158	0.11250663
0.46667677	0.11262129	-0.86994535	0.11280215
0.46727347	0.112661436	-0.8695811	0.11310013
0.4679241	0.1127175	-0.8691719	0.11349943
0.46837783	0.11282979	-0.86886346	0.11387777
0.4687915	0.11301929	-0.86855626	0.11433028
0.4691719	0.113247134	-0.8682602	0.11479115
0.46960652	0.113500305	-0.8679269	0.11528437
0.47000754	0.11370591	-0.8676285	0.115693145
0.47051924	0.11393976	-0.86726457	0.11611006
0.4710408	0.11420285	-0.8668981	0.116472945
0.4715778	0.11450196	-0.8665192	0.11682542
0.47156835	0.114514455	-0.8665259	0.116801746
0.47265866	0.11504059	-0.86578405	0.11737698
0.47318137	0.11529707	-0.8654368	0.11758041
0.4736429	0.115547314	-0.86512953	0.11773784
0.47365835	0.11553893	-0.86511993	0.117754646
0.4744059	0.11584045	-0.8646493	0.11790549
0.474765	0.11592679	-0.86443585	0.11794008
0.47510773	0.11592275	-0.86424154	0.11798774
0.47548166	0.11584743	-0.8640396	0.1180346
0.4758747	0.11571961	-0.86383265	0.118090734
0.47631562	0.1155609	-0.8636029	0.11814938
0.47690967	0.115376845	-0.8632926	0.11820063
0.4769022	0.115350686	-0.86329395	0.11824644
0.47780654	0.115076914	-0.8628404	0.11817227
0.47848934	0.11486984	-0.8625192	0.117955245
0.47850478	0.11486438	-0.86250985	0.11796664
0.4791617	0.11470656	-0.8622159	0.11760222
0.4794642	0.11459387	-0.8620992	0.1173352
0.4800378	0.114247166	-0.86190844	0.116727665
0.48026627	0.11391031	-0.8618739	0.11637027
0.4804814	0.113431185	-0.8618847	0.115869254
0.48062396	0.1128708	-0.86194336	0.11538808
0.48082876	0.112114914	-0.8620173	0.114717685
0.48115414	0.11119316	-0.86205935	0.113932386
0.4815349	0.11027902	-0.8620584	0.11321685
0.4820798	0.109286085	-0.8619874	0.11239813
0.4826947	0.1083541	-0.8618646	0.11160023
0.48332274	0.10749881	-0.8617151	0.110861264
0.48396608	0.10664865	-0.8615536	0.1101294
0.48459378	0.10580796	-0.8613907	0.10945203
0.48519406	0.105016716	-0.8612173	0.10891696
0.48582903	0.10416078	-0.8610267	0.10841469
0.48640433	0.1033748	-0.86084276	0.10804813
0.48698455	0.10262761	-0.8606362	0.10779188
0.48745006	0.101998046	-0.8604964	0.107400596
0.4879523	0.1014472	-0.86030895	0.10714289
0.48851824	0.10092095	-0.86007094	0.106972285
0.48900947	0.10049615	-0.8598492	0.106909946
0.48949182	0.10009296	-0.85962415	0.106890395
0.48991084	0.09969915	-0.8594325	0.10687899
0.49025762	0.0992674	-0.8592945	0.106800795
0.49059352	0.09873628	-0.85918707	0.10661551
0.49092656	0.098183826	-0.85909534	0.10633179
0.49093366	0.09817235	-0.85909003	0.10635235
0.49165758	0.0971029	-0.8588965	0.1055491
0.49200892	0.096695915	-0.85878134	0.105222955
0.49232772	0.09638455	-0.8586664	0.10495431
0.49262565	0.09609888	-0.8585558	0.10472404
0.49289566	0.09576055	-0.85846794	0.104482695
0.4930925	0.09536055	-0.8584319	0.104215354
0.49328122	0.094878696	-0.85841155	0.10392967
0.49356386	0.09432552	-0.8583432	0.103655696
0.49397135	0.09373541	-0.85820353	0.10340525
0.494517	0.09310173	-0.85798895	0.10315104
0.4951072	0.09249377	-0.8577449	0.10289575
0.49563202	0.091976434	-0.8575279	0.10264179
0.49613765	0.09147094	-0.8573299	0.10230388
0.4965878	0.090961926	-0.857178	0.10184572
0.4969638	0.09036309	-0.8570981	0.10121446
0.49726304	0.089675814	-0.8570887	0.10043251
0.49752766	0.08891372	-0.85711616	0.099561945
0.49784225	0.08805782	-0.8571261	0.098659895
0.4982091	0.08716932	-0.8570991	0.09782832
0.49863437	0.0862371	-0.85704124	0.09699178
0.4990008	0.08546136	-0.8569828	0.0963065
0.49928835	0.08471302	-0.8569655	0.09563012
0.49950546	0.08401211	-0.85698146	0.094969004
0.49976936	0.08264095	-0.85710275	0.09368021
0.50009376	0.08172753	-0.85706306	0.09311139
0.5004781	0.080624714	-0.8570164	0.09243527
0.5008423	0.07958691	-0.8569579	0.091902204
0.50125295	0.07838548	-0.8568896	0.09133127
0.5016729	0.07701542	-0.8568426	0.09062964
0.5020099	0.07562255	-0.85684896	0.089872874
0.50218195	0.07443324	-0.8569309	0.089120574
0.50224775	0.07326738	-0.85708183	0.088260114
0.5022871	0.0721156	-0.85725	0.087348014
0.50238556	0.07092196	-0.8573858	0.08642044
0.50257355	0.0696369	-0.8574726	0.08550745
0.5028547	0.06829174	-0.8575018	0.0846421
0.5031553	0.0669528	-0.85750854	0.08385267
0.5034442	0.06561505	-0.8575181	0.083074294
0.5037461	0.06407178	-0.8575489	0.08212529
0.50394154	0.06278615	-0.8576136	0.08123923
0.5040409	0.061383482	-0.85776335	0.080105506
0.5041482	0.060108673	-0.8579003	0.07892135
0.50397015	0.05753819	-0.8584263	0.07620865
0.5039566	0.056172825	-0.85864675	0.07482192
0.504064	0.05471609	-0.85879356	0.07347939
0.5043125	0.05320278	-0.8588484	0.072235085
0.5046427	0.051639166	-0.85884506	0.071094066
0.5049672	0.05012979	-0.858824	0.07011748
0.5052863	0.048436176	-0.8588218	0.06902826
0.5055377	0.047232985	-0.858805	0.06822579
0.50572026	0.04585833	-0.85884446	0.0673066
0.50548637	0.043343607	-0.85926205	0.06537392
0.505313	0.042139877	-0.85949427	0.06444116
0.50515777	0.040914267	-0.8597103	0.06356029
0.5050581	0.039672226	-0.8598837	0.0627891
0.50503904	0.03861626	-0.8599864	0.06219006
0.50509125	0.038627848	-0.8599565	0.062174466
0.5050871	0.03711473	-0.86008173	0.06139272
0.5051462	0.035141554	-0.86019284	0.060502596
0.50520027	0.032650486	-0.86034036	0.059339136
0.5052338	0.032673717	-0.8603223	0.059302356
0.5052183	0.031246632	-0.86043257	0.058601182
0.5051933	0.02978848	-0.86054844	0.05786831
0.50520563	0.028168475	-0.86065155	0.057033837
0.5052426	0.026703298	-0.8607269	0.05626819
0.5053303	0.025038432	-0.8607805	0.05541924
0.50547314	0.02330592	-0.86080104	0.054545455
0.50565875	0.021321181	-0.86080515	0.053565405
0.5056839	0.01887617	-0.86092585	0.05228893
0.5056002	0.016316453	-0.8611157	0.050814193
0.50555885	0.015060299	-0.8612124	0.049967617
0.5054586	0.013790579	-0.8613446	0.049062528
0.5053595	0.012432612	-0.8614809	0.048041843
0.5052869	0.0110931825	-0.8615945	0.047085524
0.50538844	0.0090709	-0.86163	0.045760777
0.50538224	0.009095768	-0.8616356	0.045717925
0.50584203	0.0063458323	-0.86147726	0.04405264
0.5061255	0.0046688747	-0.8613735	0.043022707
0.5063627	0.0029870102	-0.8612926	0.04198853
0.5065293	0.0012800536	-0.86125046	0.04091841
0.5066395	-0.00058375247	-0.8612427	0.03971223
0.5066728	-0.0024327596	-0.86127675	0.03845972
0.5066592	-0.00414992	-0.86133206	0.03723602
0.5066641	-0.0058326623	-0.8613698	0.036051884
0.5067303	-0.0074840244	-0.86136574	0.034894966
0.5069118	-0.009076693	-0.86128646	0.033818286
0.5071223	-0.010145551	-0.8611781	0.033112902
0.5074263	-0.011324539	-0.86101294	0.032360006
0.50775206	-0.012383991	-0.86082995	0.031724975
0.5080913	-0.013378543	-0.8606354	0.031160714
0.50838107	-0.014399182	-0.8604673	0.030616736
0.50859606	-0.01556985	-0.8603408	0.030022709
0.50880927	-0.01820068	-0.86020726	0.028730264
0.5087859	-0.019592384	-0.86021554	0.027970223
0.5087546	-0.02114787	-0.8602249	0.027107779
0.5087422	-0.022468327	-0.8602225	0.026343586
0.5088085	-0.023962153	-0.8601685	0.025494631
0.5089278	-0.025448391	-0.8600799	0.024650913
0.50908965	-0.026919812	-0.8599625	0.023822777
0.50933963	-0.028445315	-0.8597877	0.023004198
0.5096097	-0.0299511	-0.859597	0.022221578
0.50984365	-0.031537015	-0.8594221	0.02141734
0.51002663	-0.03314239	-0.8592723	0.02063132
0.50997037	-0.034765597	-0.8592595	0.019867666
0.5099992	-0.034743484	-0.8592441	0.019832585
0.5097812	-0.0368955	-0.85930663	0.018811584
0.50953346	-0.039728507	-0.8593556	0.017474184
0.509443	-0.04309641	-0.8592776	0.015887955
0.50961137	-0.044919685	-0.8591002	0.015012589
0.5098775	-0.046687543	-0.8588626	0.014155958
0.5101941	-0.048534397	-0.85858685	0.013236545
0.51048183	-0.05043525	-0.85832053	0.012263106
0.51066583	-0.052388698	-0.85810834	0.011227163
0.51073414	-0.054236602	-0.85796577	0.010198682
0.51071733	-0.056049094	-0.8578712	0.009134041
0.5106237	-0.057823222	-0.8578203	0.0080292905
0.51050043	-0.059476607	-0.85779005	0.0069416696
0.5103677	-0.061088707	-0.8577639	0.0058386317
0.5102709	-0.062601104	-0.85771906	0.004780082
0.51022065	-0.064010486	-0.85764986	0.0037872337
0.5102386	-0.06538711	-0.8575391	0.0028239158
0.51033753	-0.066705376	-0.85738105	0.0019158364
0.51045996	-0.068229504	-0.8571901	0.00089200435
0.5104944	-0.06952914	-0.85706544	0.00006495451
0.5104722	-0.071012214	-0.8569567	-0.00079551816
0.5104044	-0.0724229	-0.856878	-0.001560429
0.5102769	-0.07386293	-0.85682935	-0.0023074949
0.5101526	-0.07530758	-0.85677534	-0.003050525
0.51007265	-0.07678031	-0.8566892	-0.0038059428
0.5100976	-0.078400105	-0.85652316	-0.004703755
0.51011944	-0.08005958	-0.8563511	-0.005622675
0.5101679	-0.08174862	-0.85615563	-0.0066042
0.51026195	-0.083542235	-0.85591805	-0.0075941077
0.5103472	-0.085434645	-0.8556706	-0.008643884
0.5103694	-0.087380156	-0.8554487	-0.009758481
0.5102984	-0.08914762	-0.8552963	-0.010789925
0.5101002	-0.09117256	-0.85518515	-0.011994841
0.5099401	-0.09267273	-0.8551064	-0.012886724
0.5097739	-0.09439871	-0.85500115	-0.013878875
0.5096404	-0.09614443	-0.85486984	-0.014846593
0.50965935	-0.09613622	-0.8548593	-0.014858918
0.5092867	-0.09968838	-0.8546398	-0.016733328
0.509106	-0.10125695	-0.85454774	-0.017508065
0.5088916	-0.10314252	-0.8544315	-0.01837967
0.5087388	-0.10468884	-0.8543194	-0.01906921
0.50860643	-0.10644633	-0.8541631	-0.019854922
0.5085246	-0.108187735	-0.8539744	-0.020638337
0.50846773	-0.1099277	-0.8537669	-0.021412993
0.5084039	-0.11166505	-0.8535599	-0.022178927
0.5084117	-0.111653574	-0.85355633	-0.022197736
0.5082847	-0.113939725	-0.853304	-0.023169793
0.5081188	-0.11700857	-0.85294896	-0.02454617
0.5080126	-0.11896455	-0.8527141	-0.025483835
0.5079266	-0.12058616	-0.85251224	-0.026313076
0.5079103	-0.12241578	-0.8522285	-0.027352141
0.5078646	-0.12423378	-0.8519556	-0.02848144
0.5077955	-0.12603605	-0.85169315	-0.029620605
0.50766355	-0.12779127	-0.8514709	-0.0307328
0.5074325	-0.12947448	-0.8513132	-0.031854905
0.50713456	-0.13112482	-0.85119784	-0.03291389
0.50684106	-0.13275275	-0.8510801	-0.03393547
0.50660306	-0.1343	-0.8509404	-0.034889895
0.5065191	-0.1358399	-0.85070777	-0.03581025
0.5064937	-0.13744639	-0.85042584	-0.03672196
0.5064627	-0.13899906	-0.8501538	-0.03759574
0.50633746	-0.14053635	-0.84993654	-0.038467504
0.50608975	-0.1421344	-0.84977686	-0.039374035
0.5057972	-0.1434854	-0.84968746	-0.040156804
0.50542784	-0.14487806	-0.84963083	-0.040993623
0.50502455	-0.14626727	-0.84959024	-0.041864328
0.5046753	-0.14768775	-0.849505	-0.042807292
0.5044437	-0.14919142	-0.8493287	-0.04380933
0.5042826	-0.15120219	-0.84900033	-0.045115873
0.5042773	-0.15119343	-0.8490042	-0.04513131
0.5042742	-0.15400562	-0.84840906	-0.046816982
0.5042266	-0.155594	-0.848094	-0.047778122
0.5041058	-0.15723489	-0.84780407	-0.048815466
0.50390923	-0.15880328	-0.84757054	-0.049812585
0.5036595	-0.16044892	-0.84734464	-0.05089582
0.5034583	-0.1620546	-0.8470915	-0.052001465
0.5033318	-0.16368116	-0.84678173	-0.053164996
0.5031357	-0.16541427	-0.84648085	-0.05443304
0.502878	-0.16726497	-0.84618044	-0.055811577
0.5026453	-0.16901705	-0.84588563	-0.05708279
0.5024447	-0.17070448	-0.8455877	-0.058231343
0.5023322	-0.17242365	-0.8452276	-0.059352264
0.5020873	-0.17574793	-0.8445305	-0.061557125
0.50197303	-0.17719492	-0.8442225	-0.062559135
0.5017279	-0.17870812	-0.8439749	-0.06355255
0.5014591	-0.18017845	-0.8437505	-0.0644966
0.5010903	-0.18156475	-0.8436055	-0.065366045
0.500452	-0.18349276	-0.8434771	-0.066517346
0.50046664	-0.18347411	-0.8434701	-0.06654816
0.4996458	-0.18606544	-0.84327704	-0.0679529
0.49914458	-0.18768264	-0.8431433	-0.06884226
0.49873272	-0.18941928	-0.8429147	-0.0698629
0.49846217	-0.19119355	-0.84258556	-0.07092294
0.49833438	-0.19302595	-0.84215385	-0.07197792
0.49833125	-0.19487162	-0.84164804	-0.07293499
0.498387	-0.19647868	-0.84117717	-0.07367223
0.49845874	-0.1978763	-0.8407572	-0.074236885
0.498499	-0.19910778	-0.8404045	-0.07466719
0.49846962	-0.20021103	-0.84013027	-0.0749984
0.49836636	-0.2012041	-0.83992696	-0.07530314
0.49819532	-0.20217814	-0.8397603	-0.07568351
0.49794418	-0.20323922	-0.83960587	-0.07620644
0.49757722	-0.20439443	-0.8394777	-0.07692139
0.49720928	-0.20560776	-0.8393224	-0.077758595
0.4968866	-0.20680991	-0.83913505	-0.0786495
0.4965876	-0.20801182	-0.8389263	-0.0795906
0.49626514	-0.20918773	-0.8387328	-0.08055321
0.49589285	-0.21030325	-0.8385817	-0.08150917
0.49545258	-0.21141881	-0.8384701	-0.082442485
0.49501264	-0.21253331	-0.8383556	-0.083379835
0.49451718	-0.21369618	-0.8382594	-0.084308386
0.4939329	-0.21506262	-0.8381651	-0.08519266
0.49332374	-0.2166167	-0.83802694	-0.08613778
0.4927487	-0.21824479	-0.83783805	-0.08715131
0.492184	-0.21989995	-0.8376288	-0.08818653
0.49169418	-0.22145915	-0.83740807	-0.08910879
0.49132228	-0.22284746	-0.83717716	-0.08986598
0.4909809	-0.22447085	-0.83686084	-0.09063517
0.4909893	-0.2244575	-0.8368569	-0.090657674
0.49078616	-0.22657162	-0.8363359	-0.09130453
0.4907239	-0.22775824	-0.83601844	-0.09159462
0.4906432	-0.22892198	-0.83572036	-0.091844894
0.490442	-0.23009074	-0.83549225	-0.09207497
0.49013138	-0.23117436	-0.8353502	-0.092303045
0.4897646	-0.23221543	-0.8352482	-0.09255919
0.48938295	-0.23329037	-0.8351357	-0.09288906
0.48905122	-0.23444657	-0.8349549	-0.09334918
0.4888044	-0.23559004	-0.8347144	-0.09391256
0.48860893	-0.23678663	-0.83441275	-0.09459805
0.48844728	-0.23800054	-0.8340752	-0.09536037
0.48827145	-0.23923267	-0.8337367	-0.096135035
0.4880268	-0.240497	-0.83342963	-0.0968816
0.48767048	-0.24174184	-0.833202	-0.09753383
0.48721355	-0.24290922	-0.83306646	-0.09807387
0.4866307	-0.24407275	-0.833008	-0.09857408
0.48528665	-0.24612132	-0.83308816	-0.0994257
0.48461866	-0.2470859	-0.8331376	-0.09987489
0.4840817	-0.24806724	-0.83311033	-0.1002742
0.48385674	-0.24919169	-0.83284485	-0.10077546
0.48379236	-0.25025055	-0.8325149	-0.101186074
0.48378387	-0.2514695	-0.8321001	-0.1016155
0.48373765	-0.2527149	-0.8316966	-0.10204839
0.48353246	-0.25395685	-0.8313815	-0.10250483
0.48310545	-0.2553393	-0.831129	-0.10312898
0.48266238	-0.25632584	-0.8310117	-0.10370033
0.48202905	-0.25749987	-0.83091146	-0.104536876
0.48133206	-0.2586521	-0.83083475	-0.10550946
0.48062024	-0.25977564	-0.8307595	-0.10658085
0.47999245	-0.260823	-0.8306542	-0.10766775
0.47951108	-0.26175898	-0.83050287	-0.10870235
0.47910988	-0.26259896	-0.83034647	-0.10963686
0.47872123	-0.26331893	-0.83023655	-0.110437565
0.47829127	-0.26392022	-0.8302139	-0.11103435
0.47779664	-0.26448226	-0.8302614	-0.11147073
0.47727913	-0.26503915	-0.8303407	-0.11177411
0.47673398	-0.2656754	-0.8304174	-0.1120192
0.47616538	-0.26642936	-0.8304716	-0.11224492
0.47561398	-0.26730245	-0.8304747	-0.11248452
0.4751236	-0.26829413	-0.83039826	-0.11275926
0.47472426	-0.2693226	-0.8302508	-0.113074936
0.47441876	-0.27033773	-0.8300507	-0.11340281
0.47415093	-0.27129468	-0.82984895	-0.11371373
0.47392553	-0.272163	-0.82965374	-0.11400327
0.47366032	-0.2729494	-0.82951564	-0.11422957
0.47290733	-0.2742088	-0.8294926	-0.11450006
0.4720687	-0.2747723	-0.82976836	-0.11461174
0.47120008	-0.275227	-0.8300949	-0.11473081
0.47008565	-0.2757329	-0.8305352	-0.11490114
0.46893147	-0.27620697	-0.830995	-0.11515351
0.46786478	-0.27665725	-0.8313973	-0.11550726
0.46689713	-0.27705848	-0.83175325	-0.11589754
0.46608818	-0.27733362	-0.83206874	-0.11623043
0.46540064	-0.27748197	-0.832373	-0.1164522
0.46473563	-0.27752814	-0.83271706	-0.11653827
0.46405533	-0.27748972	-0.8331086	-0.116543606
0.46303704	-0.27747402	-0.8336998	-0.11640256
0.46309236	-0.2774436	-0.833672	-0.116454564
0.46145234	-0.2776275	-0.8345651	-0.116128735
0.46043932	-0.27775696	-0.83510846	-0.11593429
0.45925462	-0.27794617	-0.83572394	-0.115744345
0.45813835	-0.27820677	-0.8362658	-0.1156279
0.4571622	-0.27856976	-0.8366849	-0.11558559
0.4563943	-0.2790033	-0.836953	-0.115634196
0.45581412	-0.27944252	-0.8371101	-0.11572421
0.4552937	-0.27987784	-0.8372375	-0.11579943
0.45470333	-0.28028724	-0.83741415	-0.11585171
0.45400015	-0.2806349	-0.8376734	-0.11589356
0.45322287	-0.28092596	-0.8379872	-0.11596162
0.45232874	-0.28130132	-0.83832043	-0.11613458
0.45134944	-0.28176388	-0.83864886	-0.116451785
0.45037216	-0.28230768	-0.83893543	-0.11685392
0.44933727	-0.28292447	-0.83921957	-0.117304705
0.4482049	-0.2834643	-0.83957285	-0.117803864
0.44717324	-0.28378773	-0.83995676	-0.118208714
0.44609508	-0.283884	-0.84045297	-0.11852424
0.44507852	-0.2836893	-0.841066	-0.11846278
0.4441406	-0.28341755	-0.8416756	-0.118304744
0.44330052	-0.28319728	-0.84222215	-0.1180931
0.44252568	-0.28314912	-0.84268	-0.1178477
0.44187328	-0.28310505	-0.84305835	-0.11769544
0.44129083	-0.2832608	-0.843336	-0.11751697
0.44058126	-0.28345737	-0.8436678	-0.117323466
0.4397759	-0.283613	-0.84405416	-0.11718942
0.43809304	-0.28368253	-0.84495467	-0.116835415
0.43728283	-0.28362367	-0.8454276	-0.11659178
0.43672714	-0.28355083	-0.8457756	-0.116326794
0.43632638	-0.28348124	-0.8460531	-0.11598204
0.43604785	-0.28345513	-0.84626377	-0.115556374
0.4359139	-0.28346467	-0.846391	-0.11510527
0.43578845	-0.28350374	-0.8465076	-0.11462537
0.4355542	-0.2835262	-0.84667975	-0.11418782
0.43513063	-0.28347915	-0.8469583	-0.11385375
0.43451706	-0.28335875	-0.8473427	-0.11363668
0.43370694	-0.28319672	-0.8478277	-0.11351784
0.43282187	-0.2830271	-0.8483417	-0.11347852
0.43196866	-0.2828372	-0.84883857	-0.11348721
0.4312519	-0.28262925	-0.84927064	-0.11349827
0.43067783	-0.28239912	-0.8496389	-0.11349612
0.43020263	-0.28217176	-0.8499489	-0.11354129
0.42974934	-0.28195623	-0.85024506	-0.113576464
0.42925313	-0.28185403	-0.85051954	-0.11365168
0.4287071	-0.28190103	-0.8507559	-0.11382691
0.4280479	-0.28208733	-0.850988	-0.1141115
0.427224	-0.28242785	-0.8512252	-0.114585586
0.4262801	-0.2827939	-0.8515179	-0.11502231
0.42525968	-0.28306043	-0.85189486	-0.1153527
0.42431787	-0.28316623	-0.8523045	-0.11553489
0.42339885	-0.28314185	-0.8527613	-0.11559588
0.42202836	-0.2829069	-0.8535375	-0.11545402
0.42164734	-0.2827979	-0.85377264	-0.1153745
0.42120823	-0.28277782	-0.8540365	-0.115074396
0.4209196	-0.28272393	-0.8542177	-0.1149182
0.42039794	-0.28258452	-0.8545489	-0.11470788
0.41976577	-0.28239053	-0.85494435	-0.11455376
0.41886133	-0.2821428	-0.8554981	-0.114340134
0.41780874	-0.28190082	-0.856126	-0.114087634
0.41679773	-0.2817404	-0.85670185	-0.11385966
0.41592973	-0.2816491	-0.8571862	-0.11361402
0.4153058	-0.28159225	-0.8575362	-0.11339574
0.4149176	-0.28153205	-0.85776484	-0.11323793
0.41469017	-0.28149235	-0.8579023	-0.11312731
0.41450074	-0.281466	-0.85801554	-0.113028444
0.41422036	-0.28143194	-0.85817915	-0.11289927
0.41375998	-0.2813599	-0.8584451	-0.112744994
0.41269526	-0.28135294	-0.85899085	-0.11250732
0.41184792	-0.28135964	-0.8594079	-0.112410516
0.41053966	-0.28148985	-0.8600096	-0.11226824
0.4105149	-0.28149784	-0.8600209	-0.112252474
0.4094803	-0.28185028	-0.8604163	-0.11211669
0.4089449	-0.28204668	-0.8606158	-0.11204602
0.40847415	-0.28229532	-0.86077094	-0.111944795
0.4080622	-0.28251037	-0.8609122	-0.11181803
0.4076077	-0.28266817	-0.8610995	-0.11163552
0.4071059	-0.28277904	-0.86132514	-0.11144447
0.40653688	-0.28285396	-0.86158925	-0.11128997
0.4058958	-0.2829121	-0.86188287	-0.11120871
0.40450323	-0.28294832	-0.8625312	-0.11116325
0.40374357	-0.28291243	-0.86290395	-0.111124285
0.40308577	-0.2828022	-0.86325103	-0.11109653
0.4024016	-0.28265068	-0.86362636	-0.11104573
0.40199652	-0.2825113	-0.8638672	-0.110994264
0.40204892	-0.2825123	-0.86384296	-0.11098951
0.4013142	-0.28217217	-0.8643347	-0.11068582
0.40088362	-0.28197053	-0.8646346	-0.110416986
0.4003083	-0.28175342	-0.8650093	-0.110123105
0.39964426	-0.28153488	-0.8654262	-0.109818846
0.39891553	-0.28133807	-0.8658603	-0.10955094
0.398169	-0.28119728	-0.86627775	-0.10932798
0.39742032	-0.28112227	-0.8666705	-0.10913205
0.3968519	-0.2811229	-0.8669481	-0.108993664
0.39627656	-0.2811724	-0.86721706	-0.108819745
0.395699	-0.2812139	-0.8674974	-0.10857863
0.39504692	-0.28121126	-0.86784005	-0.10822138
0.3943447	-0.28118518	-0.8682248	-0.10776344
0.3936188	-0.2811472	-0.8686329	-0.10722616
0.3929712	-0.2810905	-0.8690078	-0.10671067
0.39231095	-0.2810789	-0.86936665	-0.10624773
0.39163497	-0.28109515	-0.8696997	-0.105972424
0.39097095	-0.2810723	-0.87002164	-0.10584155
0.3902202	-0.28099328	-0.87038285	-0.10585275
0.38946152	-0.28094837	-0.87072706	-0.105934285
0.3887664	-0.28091925	-0.87103504	-0.10603362
0.38807505	-0.28085566	-0.8713566	-0.106091805
0.38738483	-0.28073233	-0.8717085	-0.106049776
0.3866512	-0.28051168	-0.872123	-0.10590319
0.38575765	-0.28015295	-0.8726669	-0.10563013
0.38505614	-0.27980798	-0.87312305	-0.10533514
0.38419235	-0.27928388	-0.8737116	-0.104999535
0.38325548	-0.2787217	-0.8743311	-0.10475921
0.38237834	-0.27822646	-0.8748871	-0.10464007
0.38161227	-0.27788502	-0.87533766	-0.10457499
0.38094965	-0.2776292	-0.87571985	-0.10447028
0.38049096	-0.2773407	-0.87603575	-0.104260355
0.38017508	-0.2769641	-0.8763387	-0.10386677
0.37982976	-0.27646577	-0.876715	-0.103279874
0.3794197	-0.27587393	-0.87715954	-0.102592885
0.37893254	-0.2752157	-0.87765783	-0.10189845
0.37838343	-0.27459332	-0.8781576	-0.10131015
0.37695545	-0.27348548	-0.8792202	-0.10040939
0.37617916	-0.273065	-0.8797131	-0.1001484
0.37533668	-0.2726022	-0.8802352	-0.099982776
0.37468958	-0.27222338	-0.88064176	-0.09986127
0.37401947	-0.27189586	-0.88104355	-0.09972097
0.37337372	-0.27168554	-0.881392	-0.09963563
0.372737	-0.271601	-0.8816966	-0.099555075
0.37217358	-0.27165672	-0.8819174	-0.099554665
0.3714463	-0.27175528	-0.882176	-0.09971078
0.3693654	-0.27189893	-0.8829534	-0.10016708
0.36818925	-0.27184826	-0.8834324	-0.10041204
0.36694157	-0.2717029	-0.88397276	-0.10061651
0.3656875	-0.27148026	-0.88454765	-0.100730844
0.364696	-0.27124685	-0.8850229	-0.10077996
0.36372626	-0.27099493	-0.88549787	-0.10078928
0.36305314	-0.2708375	-0.8858232	-0.100780785
0.36242688	-0.2706979	-0.8861191	-0.10080839
0.36174047	-0.27067268	-0.8864031	-0.10084509
0.36110935	-0.27071986	-0.8866383	-0.100912996
0.36031392	-0.27081367	-0.88692	-0.10102862
0.35939035	-0.27095002	-0.88723254	-0.101208724
0.35834044	-0.2711302	-0.88757974	-0.10140413
0.35707736	-0.27136004	-0.88800955	-0.101482235
0.35580224	-0.27156785	-0.8884576	-0.101482406
0.35436726	-0.2716432	-0.8890423	-0.10118111
0.35436726	-0.2716432	-0.8890423	-0.10118111
0.35269046	-0.27160743	-0.8897893	-0.100568414
0.35177234	-0.27150202	-0.8902367	-0.10010758
0.35094082	-0.27133468	-0.89067304	-0.09959687
0.35019442	-0.27115262	-0.89108235	-0.099057965
0.34951228	-0.27100107	-0.89145726	-0.09850726
0.3484973	-0.27094936	-0.8919449	-0.09782886
0.34761602	-0.27096188	-0.8923338	-0.09738163
0.34639418	-0.27100304	-0.89285254	-0.09686522
0.3463904	-0.2710006	-0.89285403	-0.09687168
0.34522465	-0.27100116	-0.893354	-0.09642145
0.34385177	-0.27090466	-0.8939658	-0.095925756
0.3427369	-0.27046898	-0.8945878	-0.095345266
0.3421938	-0.27012235	-0.89494514	-0.094924085
0.34115067	-0.26929334	-0.895705	-0.09386225
0.34048018	-0.26892307	-0.8961292	-0.09330661
0.33967954	-0.26867136	-0.8965539	-0.092868954
0.3385814	-0.26851854	-0.89705086	-0.09252192
0.3374362	-0.26847762	-0.89751	-0.09237178
0.33622286	-0.268538	-0.8979492	-0.09235168
0.33516547	-0.268622	-0.8983034	-0.09250566
0.33421206	-0.2686928	-0.89861095	-0.09276318
0.3334694	-0.2686774	-0.8988711	-0.09295956
0.33285764	-0.26848325	-0.8991463	-0.09305056
0.33223644	-0.26810756	-0.8994935	-0.09299923
0.3315642	-0.2676364	-0.8998934	-0.09288733
0.33076993	-0.26719972	-0.90032566	-0.092786804
0.3297821	-0.26691565	-0.9007792	-0.09271898
0.32863286	-0.26690438	-0.9012089	-0.092656605
0.3273684	-0.26694226	-0.9016529	-0.09270279
0.3261344	-0.26710072	-0.90204597	-0.09277211
0.324917	-0.26726705	-0.90243024	-0.09282747
0.32390162	-0.26723924	-0.9028077	-0.09278577
0.3233748	-0.26699802	-0.90308625	-0.0926077
0.32320303	-0.26648337	-0.9033683	-0.09193568
0.32314166	-0.26584202	-0.9036597	-0.09114062
0.32302245	-0.26508725	-0.90402067	-0.09017676
0.32278687	-0.2643729	-0.9044059	-0.08925019
0.32236108	-0.26370752	-0.9048384	-0.088369876
0.32172215	-0.26308802	-0.9053315	-0.087490484
0.3211442	-0.26268166	-0.90571195	-0.08689492
0.32040164	-0.2621658	-0.9061853	-0.086256176
0.31959778	-0.26155093	-0.9067054	-0.08563821
0.3188449	-0.26083297	-0.907236	-0.08501145
0.31828108	-0.2600601	-0.90771174	-0.08441119
0.3179263	-0.25923783	-0.9081254	-0.08382681
0.3177107	-0.25841004	-0.9084864	-0.083285876
0.31754872	-0.25753793	-0.90883505	-0.08280097
0.31734243	-0.2566615	-0.90919	-0.08241467
0.3171211	-0.25581127	-0.90952873	-0.08217191
0.31700793	-0.25580248	-0.9095682	-0.08219959
0.31637293	-0.2536482	-0.91042346	-0.08185303
0.31564298	-0.25201336	-0.91116077	-0.08151677
0.31510073	-0.25100282	-0.9116501	-0.08126137
0.31463352	-0.25005594	-0.91209394	-0.081008755
0.3143134	-0.24916358	-0.9124715	-0.080749184
0.31415382	-0.24836236	-0.9127677	-0.080490075
0.3140662	-0.2474801	-0.9130677	-0.08014658
0.31399167	-0.24660088	-0.9133736	-0.07966162
0.31385675	-0.245637	-0.9137294	-0.07908824
0.3136733	-0.24432574	-0.9142143	-0.0782705
0.3136454	-0.2443164	-0.914224	-0.078298315
0.31333932	-0.24213244	-0.91504437	-0.076707676
0.3132247	-0.24082275	-0.915514	-0.07568982
0.31322995	-0.23925763	-0.9160329	-0.074341625
0.31333977	-0.2377733	-0.91649145	-0.072975755
0.31354108	-0.23607853	-0.9169904	-0.07132687
0.3134907	-0.23606792	-0.9170078	-0.07135952
0.31388962	-0.23254518	-0.9180452	-0.06774311
0.31393403	-0.23114981	-0.9184797	-0.06641106
0.31390953	-0.22919343	-0.9191047	-0.06463659
0.31383425	-0.22754295	-0.919637	-0.06324544
0.31371114	-0.22610211	-0.9201118	-0.062110092
0.3136176	-0.22450486	-0.9206151	-0.060905565
0.31365332	-0.222911	-0.92106384	-0.059780754
0.31374776	-0.22143604	-0.9214513	-0.058788743
0.31385383	-0.219895	-0.921845	-0.057825286
0.31397882	-0.218153	-0.9222775	-0.056840204
0.31405115	-0.21685508	-0.92259806	-0.056201674
0.3141001	-0.2154214	-0.9229513	-0.055638768
0.31406736	-0.21399711	-0.92332315	-0.055149693
0.3139645	-0.21261269	-0.92370397	-0.054708857
0.31377304	-0.21110797	-0.92414516	-0.05418109
0.31358847	-0.20955989	-0.9245981	-0.05352957
0.31344047	-0.20785135	-0.9250829	-0.052673794
0.31334767	-0.20592384	-0.9256082	-0.05155681
0.3134156	-0.20390218	-0.9261039	-0.05026223
0.3136195	-0.20184515	-0.92656064	-0.048855532
0.3139724	-0.19980234	-0.9269581	-0.047424953
0.31446055	-0.19779184	-0.9272934	-0.046042286
0.31503636	-0.19580835	-0.92758226	-0.044746533
0.31554312	-0.19389454	-0.92786086	-0.04372297
0.3158643	-0.19219594	-0.9281452	-0.04286252
0.31608102	-0.19040427	-0.92848015	-0.04199654
0.3162274	-0.1885769	-0.92884165	-0.041136295
0.31635654	-0.18670413	-0.9292138	-0.04027338
0.3165394	-0.18483394	-0.9295637	-0.03937889
0.31692505	-0.18233247	-0.9299796	-0.038094703
0.31688517	-0.18233342	-0.92999315	-0.038094867
0.31768218	-0.17924358	-0.9303948	-0.03626683
0.3182246	-0.17742047	-0.93060184	-0.035148762
0.31963912	-0.17388307	-0.9308616	-0.0330509
0.3203671	-0.17211848	-0.9309752	-0.03202052
0.3208448	-0.17038643	-0.9311636	-0.031007545
0.32105187	-0.16857544	-0.931456	-0.029962564
0.32109645	-0.16684712	-0.9317832	-0.028969493
0.32108268	-0.1650718	-0.9321347	-0.02796892
0.32125297	-0.16061099	-0.9329234	-0.025585406
0.32165948	-0.1577863	-0.9333005	-0.024267526
0.32184267	-0.15622213	-0.9335197	-0.023511138
0.3222058	-0.15456487	-0.9336887	-0.022771701
0.3226997	-0.15296784	-0.93379736	-0.022098625
0.32323813	-0.15145762	-0.9338722	-0.021457711
0.32389814	-0.14991611	-0.93391013	-0.020664956
0.32455578	-0.14842074	-0.9339398	-0.019783825
0.32518154	-0.14690264	-0.9339819	-0.018827558
0.32576185	-0.14533065	-0.9340455	-0.017815145
0.32620558	-0.143833	-0.93414015	-0.016860956
0.32652998	-0.14241958	-0.93425804	-0.016027492
0.32679933	-0.14109749	-0.93437576	-0.015350768
0.32706332	-0.13986559	-0.93447715	-0.014827083
0.32736915	-0.13859741	-0.93456596	-0.014381327
0.32765937	-0.13750179	-0.93463147	-0.014029737
0.32800463	-0.13627025	-0.9346968	-0.0136135
0.32833755	-0.13495855	-0.93477726	-0.013120314
0.32861724	-0.13362683	-0.9348781	-0.0125539275
0.32885382	-0.13224721	-0.9349994	-0.011920069
0.32903826	-0.13085559	-0.9351386	-0.011253321
0.32913768	-0.12951085	-0.93529874	-0.010566781
0.32918176	-0.12822758	-0.93546784	-0.0098528415
0.32921696	-0.12697664	-0.9356338	-0.009089233
0.3293185	-0.12557168	-0.9357964	-0.008143554
0.32949778	-0.12432588	-0.9359072	-0.007208133
0.3297757	-0.12287218	-0.9360095	-0.00605846
0.33046487	-0.12040176	-0.9360978	-0.0041548256
0.33042175	-0.120410055	-0.93611217	-0.004136021
0.33101565	-0.118331544	-0.9361727	-0.0026342724
0.3314464	-0.116723664	-0.93622464	-0.0015915424
0.3317998	-0.11497295	-0.93631715	-0.00060456985
0.33216906	-0.11318255	-0.9364045	0.00039906564
0.33240595	-0.111492775	-0.9365223	0.0013367202
0.33254838	-0.10964007	-0.9366885	0.002357198
0.33282068	-0.10784798	-0.93679667	0.003349048
0.33320603	-0.10611781	-0.93685323	0.004350606
0.33361253	-0.104460865	-0.93689036	0.00520844
0.33400097	-0.10276418	-0.9369347	0.0060230014
0.33429122	-0.101233475	-0.93699324	0.006706515
0.33459508	-0.09948321	-0.93706644	0.007475714
0.33486027	-0.09791075	-0.9371311	0.008216071
0.3354638	-0.094402395	-0.93725604	0.010168839
0.33586437	-0.092270836	-0.93730897	0.011537096
0.33616304	-0.09069899	-0.9373415	0.012605922
0.33649975	-0.089005545	-0.93736666	0.013778337
0.33682796	-0.08733992	-0.9373879	0.014919849
0.33710653	-0.08573504	-0.937419	0.015952036
0.33735126	-0.084168874	-0.93745655	0.016880646
0.33759782	-0.08253391	-0.9374967	0.017775906
0.33781147	-0.08093723	-0.93754274	0.018605545
0.33797503	-0.07944045	-0.93759686	0.019346332
0.33812305	-0.07781948	-0.93766344	0.020110669
0.33828422	-0.07582765	-0.9377493	0.020985277
0.33850121	-0.07285808	-0.9378801	0.022129571
0.33848816	-0.07285996	-0.93788457	0.02213297
0.3385869	-0.071138375	-0.9379662	0.022754133
0.33867094	-0.06970594	-0.93803024	0.023288636
0.33877647	-0.068202585	-0.9380884	0.023858745
0.33890697	-0.066692874	-0.9381333	0.024497734
0.3390727	-0.065183714	-0.93815666	0.025356606
0.3392314	-0.0637474	-0.9381765	0.026140053
0.339446	-0.06191259	-0.93818676	0.027365115
0.33963916	-0.060289674	-0.9381902	0.028453108
0.3398815	-0.058346085	-0.93818593	0.029725239
0.3401467	-0.056352578	-0.9381717	0.030959949
0.34044012	-0.05415966	-0.9381517	0.032227952
0.34071308	-0.05209075	-0.9381311	0.033336863
0.3409893	-0.050028384	-0.93810564	0.03437042
0.34123975	-0.048069965	-0.9380823	0.035304163
0.34144774	-0.046196334	-0.9380676	0.0361736
0.34162194	-0.044344407	-0.9380605	0.037019994
0.34178266	-0.042631995	-0.93805003	0.037806153
0.34197423	-0.040856183	-0.93802595	0.03862266
0.342205	-0.039302908	-0.9379785	0.039338034
0.34251335	-0.03776924	-0.9378988	0.040050298
0.3428587	-0.036277093	-0.93780226	0.040729627
0.34347755	-0.033277243	-0.9376304	0.042014375
0.34369433	-0.031737316	-0.9375773	0.042612452
0.34383002	-0.030074287	-0.93755424	0.04322533
0.343873	-0.028586777	-0.93756133	0.043737028
0.34386972	-0.026946742	-0.9375867	0.044257045
0.34386367	-0.025385505	-0.93760955	0.044740573
0.34393743	-0.023808273	-0.93760186	0.04520004
0.34409016	-0.02238746	-0.9375588	0.045652345
0.34435308	-0.02054876	-0.93746775	0.046400744
0.34452167	-0.0193768	-0.93740654	0.046887394
0.3446824	-0.018037094	-0.9373441	0.047485407
0.3448036	-0.016625395	-0.9372929	0.0481269
0.34475628	-0.015189836	-0.9373019	0.048760463
0.3446383	-0.013707909	-0.93733424	0.049408916
0.34451345	-0.012184902	-0.9373627	0.050131682
0.34442285	-0.010634047	-0.9373746	0.050880704
0.3444121	-0.009097161	-0.9373513	0.051674567
0.34449553	-0.007633251	-0.9372889	0.052481137
0.34466615	-0.0062249266	-0.9371913	0.053281836
0.3448351	-0.0048700436	-0.93709266	0.05405968
0.34495768	-0.003616656	-0.93701196	0.05476969
0.34505248	-0.0022597224	-0.9369369	0.05552572
0.34510392	-0.000874097	-0.93687624	0.056262307
0.34514308	0.0005060043	-0.93681973	0.05696307
0.34524086	0.0018276536	-0.93674296	0.057604212
0.34544817	0.003078064	-0.9366269	0.05819064
0.34575185	0.0042951163	-0.9364756	0.058743194
0.34609237	0.005362353	-0.9363139	0.059224743
0.34645447	0.0064083096	-0.93614197	0.059719488
0.3467579	0.0074387407	-0.9359904	0.060213607
0.34695694	0.008549049	-0.9358732	0.06073801
0.34701028	0.0097735105	-0.9358063	0.061277583
0.3469129	0.011096343	-0.93579084	0.061838087
0.34680957	0.012413479	-0.93577343	0.06242701
0.3467213	0.013668363	-0.9357497	0.06300953
0.34668583	0.014912007	-0.9357021	0.06362503
0.3467286	0.016120566	-0.9356222	0.06426979
0.34683892	0.017347626	-0.9355119	0.06495589
0.34702834	0.018592177	-0.9353673	0.06567832
0.34727445	0.019811124	-0.93519795	0.06642996
0.34752104	0.021028595	-0.9350255	0.06718906
0.3477536	0.022216633	-0.93485653	0.06794958
0.34797415	0.023448046	-0.93468726	0.06873186
0.34815896	0.024715299	-0.9345285	0.06950519
0.34828553	0.026056968	-0.93438876	0.07025565
0.34836456	0.027528824	-0.9342614	0.07099329
0.34840423	0.029101755	-0.9341444	0.07170856
0.34840858	0.030744495	-0.93403655	0.07240236
0.3484172	0.032444406	-0.933921	0.07310518
0.34846193	0.034176063	-0.9337849	0.07383892
0.34852898	0.03568817	-0.93364906	0.074521564
0.34859902	0.037302513	-0.93349665	0.07530803
0.34872016	0.0406043	-0.9331711	0.077054776
0.34871262	0.0422274	-0.9330301	0.077917755
0.34869614	0.043776445	-0.9328981	0.07871346
0.3487159	0.04528633	-0.93275476	0.07946745
0.34879556	0.046574153	-0.9326059	0.080117635
0.34903494	0.04800029	-0.932376	0.08090541
0.34929302	0.04885439	-0.93218297	0.08150157
0.34968308	0.049807515	-0.93192756	0.08216996
0.35012105	0.050757073	-0.93164784	0.08289401
0.35049766	0.05173229	-0.9313863	0.08363447
0.35076126	0.052795358	-0.9311604	0.08437785
0.35088184	0.05403463	-0.9309751	0.085132875
0.35073105	0.055981208	-0.9308215	0.0861708
0.35076013	0.05598146	-0.93081003	0.08617546
0.35044402	0.058645725	-0.930634	0.087578475
0.35024336	0.060674172	-0.93046004	0.08883919
0.35018608	0.06210777	-0.9302942	0.08980545
0.35020003	0.06348729	-0.93009984	0.090794235
0.35026464	0.06487778	-0.92988014	0.09180751
0.3503155	0.0661495	-0.92968565	0.09267092
0.35027334	0.06738607	-0.92954123	0.093386084
0.35016993	0.068639316	-0.92942965	0.09396996
0.35004246	0.06993622	-0.92932975	0.094475634
0.34991908	0.0713865	-0.9292107	0.09501633
0.34981745	0.0728738	-0.92907584	0.09557867
0.34971195	0.07454577	-0.92891526	0.096233346
0.3496401	0.07634433	-0.92871773	0.096989125
0.34962976	0.07798778	-0.9285068	0.09773495
0.3496306	0.07946153	-0.92830604	0.098449335
0.34963503	0.08085791	-0.92810756	0.09916529
0.34960932	0.0821587	-0.92792666	0.09987752
0.34953666	0.083426856	-0.9277626	0.10060182
0.34944624	0.08509997	-0.92753476	0.10161075
0.34938392	0.08507629	-0.92755497	0.10166042
0.34953976	0.08656124	-0.9272513	0.10263589
0.34993023	0.088310376	-0.9268082	0.10381118
0.35026893	0.089452125	-0.9264786	0.10462991
0.35065475	0.09060035	-0.926128	0.10545027
0.3510233	0.09174451	-0.9257847	0.10624724
0.3512935	0.09287387	-0.9254858	0.10697386
0.35144445	0.0940201	-0.9252407	0.10759568
0.3514832	0.0951187	-0.9250557	0.10809254
0.3514422	0.09624707	-0.92490405	0.108524
0.35139984	0.098269105	-0.9246319	0.10916613
0.3514366	0.099134	-0.92448086	0.10954422
0.35150468	0.09986482	-0.92433834	0.10986417
0.35162804	0.10049402	-0.9241866	0.11017245
0.3518024	0.10105275	-0.924021	0.11049271
0.35204062	0.1015641	-0.92383313	0.11083608
0.3523518	0.1020828	-0.9236109	0.11122076
0.35277256	0.10263947	-0.92333615	0.11165646
0.35332286	0.103190504	-0.92300946	0.11210863
0.35396484	0.103757426	-0.9226448	0.11256022
0.35458332	0.10431299	-0.92229503	0.112966895
0.3552443	0.104856424	-0.92192996	0.113365315
0.35571507	0.10522008	-0.92167264	0.11364553
0.35613757	0.10550021	-0.921449	0.11387547
0.35622543	0.105459526	-0.9213311	0.114589356
0.35635158	0.10535806	-0.9212089	0.11527093
0.35648197	0.105258144	-0.92110026	0.1158259
0.35668337	0.105195954	-0.920983	0.1161944
0.3570225	0.10518869	-0.92081815	0.11646579
0.3572899	0.10519676	-0.920678	0.11674639
0.35760912	0.10527301	-0.9205155	0.11698112
0.35812077	0.10559996	-0.9202232	0.11742042
0.3582367	0.10573187	-0.9201141	0.11780276
0.35825154	0.1058502	-0.92004395	0.11819808
0.35829243	0.105988696	-0.9199677	0.11854341
0.35766032	0.10584354	-0.92020035	0.118775845
0.35849714	0.1058185	-0.9198675	0.11885294
0.35860315	0.10555975	-0.91986763	0.11876282
0.359188	0.10515266	-0.91970897	0.11858564
0.35995185	0.10474637	-0.9194878	0.118343025
0.36076954	0.10459461	-0.919189	0.11830927
0.36156583	0.10463635	-0.9188584	0.11840905
0.36246008	0.104802646	-0.9184597	0.118620865
0.36330363	0.10498453	-0.91807413	0.11886372
0.3642247	0.10507276	-0.9176673	0.11910801
0.36537108	0.10500402	-0.91719395	0.11930399
0.3661997	0.1048208	-0.91687495	0.11937642
0.36720923	0.10447522	-0.9165161	0.11933351
0.36821708	0.1040702	-0.91618145	0.119151466
0.37010854	0.103113055	-0.9155937	0.118641146
0.37095588	0.10262511	-0.91533536	0.11841132
0.37173378	0.10217414	-0.91509384	0.11822719
0.37256593	0.101726666	-0.91482544	0.11807112
0.3734821	0.10120434	-0.914533	0.117890686
0.3745035	0.10059871	-0.914211	0.117666796
0.37566137	0.09996109	-0.9138402	0.11739887
0.37689164	0.09931892	-0.9134442	0.11708223
0.3783672	0.098586105	-0.9129644	0.11668377
0.37934887	0.09810843	-0.91264796	0.116373956
0.3804297	0.09754051	-0.91231245	0.11595404
0.38140646	0.096978106	-0.9120204	0.11551322
0.38225523	0.09642825	-0.9117818	0.115050584
0.3829692	0.09592488	-0.9115941	0.11458294
0.38352638	0.09549926	-0.9114663	0.1140906
0.3847671	0.0945664	-0.9111638	0.1131024
0.3855593	0.09411385	-0.9109143	0.11279136
0.38647425	0.093709335	-0.91059166	0.11260173
0.38742667	0.09343902	-0.91022176	0.11254383
0.3884183	0.093242645	-0.90981185	0.11260389
0.39091742	0.09292068	-0.9087126	0.11309682
0.39092508	0.09292345	-0.9087095	0.11309188
0.39361522	0.09089088	-0.9078778	0.112088874
0.3936306	0.090895385	-0.9078716	0.11208143
0.39492723	0.089286864	-0.9076271	0.110785946
0.39629441	0.08733796	-0.90744084	0.10896734
0.39708066	0.08635273	-0.9073073	0.10799832
0.3979906	0.08532878	-0.9071222	0.10701407
0.39893633	0.08430188	-0.9069141	0.10606544
0.39995357	0.08315981	-0.9066888	0.105057605
0.4009702	0.08190781	-0.90647495	0.10400569
0.4024882	0.079590015	-0.90621156	0.10222125
0.4032418	0.07824571	-0.9060969	0.10130306
0.40390858	0.07700106	-0.9059954	0.10050432
0.40454015	0.075752735	-0.9059055	0.09972026
0.40517473	0.0745992	-0.90579885	0.09897901
0.405988	0.07324847	-0.90565234	0.097991765
0.4065712	0.07232706	-0.90553796	0.09731232
0.40718797	0.071328364	-0.9054214	0.09655189
0.4080087	0.070157945	-0.9052316	0.09572142
0.40887678	0.06892308	-0.9050233	0.09488116
0.40973637	0.067604415	-0.90482235	0.094034135
0.4105712	0.06626455	-0.9046286	0.093206964
0.41207787	0.063805915	-0.90427756	0.091666214
0.41271675	0.06268936	-0.90413487	0.090966895
0.41335928	0.061490025	-0.9039973	0.090233184
0.41396818	0.060302656	-0.9038694	0.089521945
0.41457534	0.05909284	-0.9037436	0.08878532
0.41516286	0.057853527	-0.90363145	0.08799505
0.41524026	0.05784546	-0.9035935	0.08802372
0.41604105	0.056080908	-0.90345216	0.08682755
0.41712826	0.053867288	-0.90324324	0.085170336
0.41860157	0.051055238	-0.9029288	0.08297996
0.41941294	0.049621046	-0.9027427	0.08176956
0.42050615	0.046782415	-0.9026086	0.07927107
0.420892	0.045354936	-0.9026107	0.07801769
0.4210762	0.044051066	-0.9026994	0.076734476
0.42126688	0.04259996	-0.9028013	0.075295724
0.42146894	0.041288476	-0.9028758	0.07399083
0.42177245	0.039942384	-0.9029019	0.07267016
0.4221939	0.03863805	-0.9028576	0.0714677
0.42269504	0.037356764	-0.9027647	0.070351705
0.42325133	0.03595879	-0.9026466	0.06924183
0.42386454	0.034271695	-0.9025211	0.067971095
0.4243302	0.03291594	-0.9024276	0.06696976
0.4247352	0.031650063	-0.90234864	0.06607147
0.42518535	0.030076442	-0.90227115	0.064958274
0.42556268	0.028543351	-0.90222085	0.06386889
0.425854	0.027077487	-0.90220284	0.06281207
0.42604315	0.025628904	-0.90222925	0.06174843
0.42623544	0.02289441	-0.9023398	0.059849683
0.42647105	0.021579908	-0.90232325	0.05890417
0.42684704	0.02026844	-0.90223247	0.058030453
0.42727953	0.019068806	-0.9021061	0.057212267
0.4277026	0.017809447	-0.90198356	0.056383822
0.42779064	0.017850738	-0.90194565	0.05630677
0.4284179	0.014098322	-0.9018458	0.054162703
0.42866576	0.012945332	-0.90178806	0.053445466
0.42886096	0.011862446	-0.9017513	0.05274674
0.42904046	0.01076995	-0.90171725	0.05210114
0.42925698	0.009766783	-0.9016571	0.051550176
0.4295232	0.008577076	-0.90157866	0.050913747
0.42961314	0.008626504	-0.90154064	0.0508199
0.4302393	0.0071536917	-0.90129054	0.05018455
0.43078896	0.0060355878	-0.90106636	0.049636655
0.43086642	0.0061014183	-0.90103614	0.04950746
0.4315206	0.004477112	-0.90077674	0.048695717
0.4318612	0.0034550852	-0.90064985	0.04810261
0.43207976	0.0015992777	-0.90060455	0.04707545
0.43227288	0.0005094073	-0.9005483	0.046398308
0.43251032	-0.000518867	-0.9004655	0.045788556
0.4327671	-0.0016129115	-0.9003725	0.045159418
0.43304387	-0.0027010404	-0.9002659	0.04457841
0.43336558	-0.003860014	-0.9001377	0.043949682
0.433408	-0.0038315242	-0.9001201	0.043894965
0.43406183	-0.006232428	-0.8998487	0.04270559
0.43443435	-0.0073267096	-0.8996891	0.042106017
0.43482134	-0.00838316	-0.8995194	0.041533854
0.4352513	-0.009346466	-0.8993253	0.041024376
0.43569753	-0.010221718	-0.8991196	0.04058451
0.43610108	-0.010939622	-0.89893097	0.04024279
0.43641815	-0.011458828	-0.8987828	0.039967477
0.43662065	-0.011819724	-0.8986911	0.039711103
0.43669474	-0.012024915	-0.8986628	0.039476536
0.4366854	-0.012088237	-0.89867514	0.039278124
0.43664137	-0.011765279	-0.89871496	0.038953077
0.43666527	-0.011326822	-0.89871603	0.038790617
0.43671447	-0.010144419	-0.89869994	0.03893894
0.4368798	-0.009461364	-0.8986216	0.039059557
0.4370303	-0.008816752	-0.89854974	0.039182946
0.43716213	-0.0082657365	-0.89848715	0.039265428
0.4373421	-0.007890273	-0.8984077	0.039157856
0.4375055	-0.007543618	-0.8983363	0.039037813
0.43770012	-0.007316832	-0.8982564	0.038737874
0.43791458	-0.007250633	-0.8981714	0.038294654
0.43808317	-0.0072592106	-0.89811736	0.03762534
0.43827775	-0.007223237	-0.89804685	0.037046194
0.4385127	-0.0071431054	-0.8979555	0.03649053
0.43880564	-0.0070399716	-0.8978358	0.035930358
0.4390954	-0.006926683	-0.8977133	0.035470154
0.4393765	-0.0068390733	-0.8975953	0.03499089
0.43965435	-0.006823176	-0.89747864	0.03449071
0.43983674	-0.0068478105	-0.89740163	0.034163434
0.43995446	-0.006925435	-0.8973549	0.03385968
0.44002324	-0.007053234	-0.89733243	0.03353054
0.44004172	-0.007194246	-0.8973331	0.033241104
0.44001377	-0.007359089	-0.8973541	0.03300472
0.4399834	-0.0075396	-0.8973736	0.032839924
0.44007057	-0.007719426	-0.8973296	0.032828923
0.4401392	-0.0076802806	-0.8972992	0.032754757
0.44046232	-0.0077262046	-0.89710355	0.03374473
0.44071174	-0.007675815	-0.8969687	0.03408073
0.44125757	-0.0076863426	-0.8966826	0.034538772
0.441418	-0.0077752736	-0.8966063	0.034451116
0.4414443	-0.007897544	-0.89660156	0.034211002
0.4413563	-0.008059149	-0.896656	0.033878546
0.44125673	-0.008213755	-0.89671856	0.033481963
0.44118592	-0.008427534	-0.89676595	0.03308684
0.44117993	-0.008707249	-0.89677954	0.032727227
0.44123423	-0.009012149	-0.89676046	0.032433126
0.44125834	-0.009261786	-0.89675456	0.032195874
0.44115213	-0.009350839	-0.8968133	0.031990845
0.44104534	-0.009191463	-0.8968759	0.0317543
0.44114345	-0.008911361	-0.8968379	0.031542625
0.44125295	-0.008459813	-0.8967872	0.031575907
0.44131443	-0.008027037	-0.89676094	0.031575624
0.44133598	-0.007724266	-0.8967541	0.031545814
0.44137266	-0.007607728	-0.8967399	0.031462163
0.44142857	-0.0076950337	-0.896718	0.03128124
0.44149435	-0.007901178	-0.8966916	0.031054378
0.44156396	-0.008108855	-0.8966623	0.030859342
0.44157654	-0.008274021	-0.89666003	0.030700495
0.4415588	-0.0083483085	-0.89667135	0.03060444
0.44159248	-0.008368706	-0.8966541	0.030619072
0.44171464	-0.008364608	-0.8965907	0.03071243
0.44190556	-0.00842994	-0.89649266	0.030809281
0.44210273	-0.00859481	-0.8963921	0.030862717
0.44225746	-0.008805319	-0.89631236	0.03090487
0.44237256	-0.009020132	-0.8962516	0.030956535
0.44247174	-0.009278222	-0.89619786	0.031020446
0.44253692	-0.009560591	-0.89616	0.031095255
0.442578	-0.009764324	-0.89613384	0.031203141
0.44255167	-0.009822237	-0.89614093	0.0313545
0.442484	-0.009721327	-0.89616954	0.031523123
0.44241777	-0.009531142	-0.89619935	0.03166378
0.44236735	-0.009306492	-0.8962227	0.031771842
0.44231522	-0.009106523	-0.8962498	0.031791475
0.44223619	-0.0089641735	-0.89629334	0.031703502
0.44212803	-0.008863623	-0.8963551	0.03149177
0.4419993	-0.00879856	-0.8964309	0.031160466
0.44186237	-0.008769889	-0.8965126	0.03075574
0.44170156	-0.008765799	-0.8966076	0.030295765
0.44156772	-0.008793155	-0.89668703	0.029884191
0.4414339	-0.008876017	-0.89676714	0.029428465
0.44133177	-0.009013725	-0.89683104	0.028971788
0.44125375	-0.009191989	-0.8968812	0.028545352
0.44113743	-0.009384733	-0.89694834	0.02817053
0.44103333	-0.009521166	-0.8970062	0.027907608
0.44098482	-0.009581731	-0.8970334	0.027780976
0.44096875	-0.00957068	-0.89704275	0.0277376
0.44096464	-0.009505993	-0.89704454	0.02776699
0.44100448	-0.009459488	-0.89702314	0.02784134
0.4410706	-0.009330585	-0.89698124	0.028185956
0.4410706	-0.009330585	-0.89698124	0.028185956
0.44108418	-0.009273156	-0.89696896	0.028383253
0.44103488	-0.009211637	-0.8969876	0.028576003
0.4409324	-0.009178092	-0.8970352	0.028675629
0.4407728	-0.009106002	-0.89711255	0.028732998
0.44059318	-0.009001597	-0.8972007	0.028768254
0.44040754	-0.00883613	-0.89729154	0.02882946
0.44032294	-0.008646554	-0.8973319	0.02892162
0.44036523	-0.008508805	-0.8973091	0.029026147
0.4404968	-0.008445813	-0.89724255	0.029102305
0.4407038	-0.008457101	-0.89713985	0.02913687
0.44086766	-0.008568563	-0.8970587	0.02912016
0.44093835	-0.008732576	-0.8970244	0.02905694
0.44095838	-0.008911563	-0.897014	0.029020365
0.4409961	-0.009085477	-0.89699537	0.02896914
0.44109142	-0.009210302	-0.89694667	0.02898608
0.4411298	-0.009267588	-0.8969262	0.029016431
0.44111538	-0.009312335	-0.89692914	0.02913192
0.44111162	-0.009179415	-0.89692444	0.029375205
0.44114724	-0.009216213	-0.89690405	0.029452825
0.4415281	-0.0072701303	-0.89666367	0.031533238
0.44151136	-0.007286933	-0.89667064	0.03156605