0.09027678	0.3481516	-0.92966586	0.07976301	
0.09004764	0.3484719	-0.92950517	0.08049206	
0.08986779	0.34879637	-0.9293313	0.08129142	
0.08972234	0.34910324	-0.9291597	0.08209141	
0.08958891	0.34933576	-0.92902476	0.08277346	
0.08947192	0.3494672	-0.9289378	0.08331992	
0.08939743	0.34950715	-0.92888904	0.08377323	
0.08936966	0.34948862	-0.9288646	0.0841515	
0.089383215	0.34943905	-0.928853	0.08447002	
0.089419596	0.3493717	-0.9288483	0.08476135	
0.08948074	0.34930837	-0.9288396	0.08505194	
0.089548826	0.3492647	-0.9288235	0.08533638	
0.08967352	0.3492554	-0.92878914	0.085615754	
0.08981373	0.34931448	-0.9287294	0.08587613	
0.08994882	0.34946606	-0.9286394	0.08609004	
0.0900649	0.3497137	-0.92851907	0.086261585	
0.09015305	0.35003597	-0.92838013	0.086357445	
0.09026814	0.35044524	-0.9282099	0.086406656	
0.09019647	0.35088015	-0.9280654	0.086269796	
0.09006682	0.35125384	-0.9279643	0.08597025	
0.089943096	0.3514585	-0.9279393	0.085532196	
0.08984585	0.35144958	-0.9279995	0.08501635	
0.089836985	0.3511348	-0.9281653	0.084515624	
0.090138406	0.35076028	-0.9283063	0.08420119	
0.09039067	0.3504385	-0.9283977	0.084262386	
0.09065702	0.35015973	-0.9284596	0.08445321	
0.09091087	0.34994912	-0.92849267	0.08468918	
0.0911304	0.3497914	-0.9285142	0.08486903	
0.091267236	0.34968677	-0.92853516	0.084922925	
0.09129037	0.34961888	-0.92856616	0.08483877	
0.09120352	0.34956288	-0.92860913	0.08469277	
0.091076516	0.34948817	-0.92866206	0.08455645	
0.09098908	0.34939054	-0.9287135	0.08449035	
0.0909926	0.349262	-0.92875713	0.08453849	
0.09102288	0.34903342	-0.928808	0.08489111	
0.091011815	0.3489578	-0.9288163	0.08512152	
0.090916805	0.34894288	-0.9288196	0.08524826	
0.090703055	0.34893247	-0.9288362	0.0853375	
0.090406746	0.34895003	-0.9288532	0.08539437	
0.090076126	0.34893528	-0.9288887	0.085418664	
0.08984059	0.34886953	-0.92893547	0.0854265	
0.08974643	0.34874365	-0.9289908	0.085437104	
0.089756295	0.3486166	-0.92903864	0.085426144	
0.089809224	0.34851986	-0.929074	0.08538075	
0.0898782	0.34845784	-0.9290982	0.08529767	
0.089936085	0.34845608	-0.92910314	0.085189305	
0.08990919	0.3487141	-0.9290242	0.085022785	
0.08986936	0.34886602	-0.92897683	0.08495942	
0.089790165	0.3490635	-0.9289186	0.084869064	
0.08972761	0.3492506	-0.9288579	0.08482968	
0.08969123	0.3494467	-0.9287915	0.08478795	
0.08962245	0.34968075	-0.9287073	0.08481687	
0.08950366	0.3499544	-0.92860794	0.084901914	
0.08938115	0.35021082	-0.92851055	0.085039295	
0.08925011	0.35043898	-0.9284232	0.085189775	
0.08928249	0.35043937	-0.928419	0.0852003	
0.08875498	0.35063705	-0.9283784	0.08537981	
0.08854045	0.35046592	-0.92846376	0.08537719	
0.0884479	0.35024834	-0.9285516	0.08541049	
0.08841756	0.34995294	-0.92866075	0.085466586	
0.088368475	0.34964287	-0.92877483	0.08554703	
0.08831799	0.3493968	-0.9288577	0.08570436	
0.08815286	0.3492976	-0.9288979	0.08584251	
0.08779746	0.34941056	-0.92886704	0.0860814	
0.087863445	0.34941956	-0.9288621	0.08603089	
0.08752301	0.3495949	-0.9288109	0.086217806	
0.087336354	0.3497168	-0.9287757	0.086291745	
0.08721416	0.3498046	-0.9287513	0.08632142	
0.0871472	0.3498136	-0.9287572	0.08628923	
0.08716119	0.34972718	-0.928795	0.08621988	
0.08719203	0.34951553	-0.92888	0.08613029	
0.08719423	0.34936854	-0.92894155	0.08606136	
0.08712366	0.34920838	-0.9290106	0.08603638	
0.08696321	0.34908396	-0.92906994	0.0860634	
0.08683603	0.34901714	-0.92909956	0.08614301	
0.086778075	0.34894913	-0.9291198	0.086257994	
0.08675397	0.3488675	-0.92914003	0.08639461	
0.08670523	0.34875786	-0.92916113	0.086658835	
0.08657171	0.34879738	-0.9291443	0.08681343	
0.08644005	0.34891847	-0.9290964	0.08697103	
0.086189486	0.3491143	-0.9290379	0.08705827	
0.08547449	0.3497767	-0.92885417	0.08706548	
0.08549308	0.3497865	-0.9288562	0.08698618	
0.08539754	0.3499816	-0.928797	0.08692742	
0.085326135	0.35014507	-0.92874235	0.08692219	
0.08526036	0.35024655	-0.92869896	0.08704151	
0.08515208	0.3502915	-0.928674	0.08723295	
0.08499418	0.35034156	-0.92863625	0.08758729	
0.08479303	0.3504989	-0.92850834	0.08850416	
0.08466997	0.35064605	-0.92842656	0.088895746	
0.08453459	0.3508483	-0.92833155	0.08921857	
0.08438734	0.35113272	-0.92820656	0.089539126	
0.08421587	0.3514174	-0.92808867	0.08980503	
0.08400278	0.35172826	-0.9279639	0.09007651	
0.08343962	0.35247654	-0.9276568	0.09083501	
0.08314946	0.35286784	-0.9274923	0.091260515	
0.082860835	0.3532589	-0.92732656	0.09169459	
0.08264128	0.35367507	-0.9271475	0.09209761	
0.08244052	0.35410675	-0.92696935	0.092410915	
0.08213965	0.35464734	-0.92676914	0.092614986	
0.0817192	0.3552998	-0.92653644	0.092812404	
0.08137961	0.35585377	-0.9263386	0.09296384	
0.08098419	0.3564983	-0.9260999	0.09321835	
0.08062432	0.35714573	-0.9258462	0.09357059	
0.08039908	0.35760853	-0.9256536	0.093902655	
0.080234885	0.35799718	-0.9254762	0.09430975	
0.08018027	0.35835642	-0.9253021	0.09469995	
0.08011985	0.3586792	-0.9251509	0.09500586	
0.079948366	0.3589901	-0.9250261	0.09518957	
0.079679474	0.35930926	-0.9249151	0.095289916	
0.0793454	0.3596277	-0.92480713	0.095414914	
0.079012826	0.3599151	-0.924708	0.09556827	
0.07864201	0.36020556	-0.9246001	0.095823534	
0.078337036	0.36046597	-0.9244863	0.09619099	
0.07809387	0.36069602	-0.924366	0.09668063	
0.077880226	0.36089087	-0.9242473	0.09725921	
0.07770819	0.3611521	-0.924001	0.09875603	
0.077686965	0.36128187	-0.9238697	0.099522896	
0.077492714	0.36157462	-0.9236985	0.10019916	
0.07733214	0.36195102	-0.92349565	0.100832306	
0.07714288	0.36225757	-0.92334515	0.1012533	
0.07694378	0.36268383	-0.9231482	0.10167314	
0.07679228	0.36316115	-0.92293084	0.1020579	
0.07664777	0.36370233	-0.9226876	0.10243752	
0.0765083	0.36434576	-0.9223994	0.10284965	
0.07642376	0.36505213	-0.92207396	0.10332457	
0.076386735	0.36557323	-0.92182887	0.10369673	
0.07630732	0.36616883	-0.92155796	0.104060374	
0.07613853	0.3668335	-0.921282	0.10428667	
0.075937845	0.36740375	-0.92105335	0.10444514	
0.07565024	0.36806506	-0.9207934	0.104617044	
0.07534033	0.36874616	-0.9205211	0.1048387	
0.07498667	0.3694766	-0.9202238	0.10513	
0.07461926	0.37021902	-0.91991216	0.105506435	
0.07431003	0.3709595	-0.91958475	0.10597606	
0.07407656	0.3717534	-0.91921294	0.10658242	
0.074006096	0.37231472	-0.9189371	0.10704984	
0.073886834	0.3730239	-0.91859424	0.10760346	
0.0735581	0.37392414	-0.918187	0.108178414	
0.07300904	0.3748869	-0.91777736	0.10869355	
0.07234026	0.37583724	-0.91738516	0.1091694	
0.07152859	0.37694088	-0.91692525	0.10976041	
0.07003502	0.37904096	-0.91599756	0.111227885	
0.06948603	0.3799502	-0.91555446	0.11211375	
0.06908114	0.38072124	-0.91514754	0.113067776	
0.0688933	0.3812703	-0.9148278	0.11391598	
0.06889365	0.3817258	-0.9145338	0.114748515	
0.06904238	0.38220942	-0.91422206	0.11552971	
0.06903414	0.38221022	-0.9142241	0.11551694	
0.069225945	0.38297647	-0.91376257	0.116511	
0.06926018	0.3835292	-0.91345704	0.117066376	
0.06915508	0.3841812	-0.91312885	0.117550485	
0.06894497	0.38492396	-0.9127792	0.11795876	
0.06869839	0.38569292	-0.9124312	0.118282735	
0.06850576	0.38663056	-0.9120082	0.11859508	
0.06837594	0.38728157	-0.9117075	0.11885823	
0.06822283	0.38809776	-0.91131806	0.11926927	
0.06803597	0.38909033	-0.9108342	0.11983736	
0.06785266	0.38983947	-0.9104708	0.12026709	
0.06753938	0.39080772	-0.9100082	0.120800614	
0.06725729	0.39160463	-0.9096293	0.12123094	
0.0669867	0.39240232	-0.9092474	0.12166585	
0.066783026	0.3930748	-0.9089188	0.122060955	
0.066626474	0.3936481	-0.9086314	0.122438915	
0.0663972	0.39421332	-0.9083349	0.12294376	
0.06621641	0.3947	-0.90807164	0.12342341	
0.06607193	0.39524785	-0.90777355	0.12393872	
0.0659512	0.3958279	-0.9074601	0.1244462	
0.06585318	0.3964626	-0.90712506	0.12492033	
0.06578431	0.39717147	-0.9067638	0.1253269	
0.06579324	0.39791173	-0.9063962	0.12563257	
0.065852225	0.3987062	-0.9060134	0.12584344	
0.0659503	0.3995593	-0.9056088	0.12599903	
0.06603678	0.40043917	-0.905193	0.12614825	
0.06603867	0.40136656	-0.90475357	0.12635204	
0.06589426	0.40237185	-0.9042703	0.12668936	
0.06560626	0.40333185	-0.9038013	0.12713186	
0.06521092	0.40429696	-0.9033165	0.12771414	
0.064830765	0.40517014	-0.9028579	0.12838207	
0.064714916	0.40579188	-0.90249443	0.12902977	
0.06460854	0.40633127	-0.902182	0.12956986	
0.06457302	0.4063319	-0.9021892	0.12953551	
0.0648365	0.40702027	-0.9017584	0.1302406	
0.065070935	0.40808144	-0.90114117	0.13107242	
0.06506459	0.4088586	-0.90072626	0.1315053	
0.064948946	0.40972844	-0.90025264	0.13209674	
0.064734556	0.41071713	-0.89974046	0.13261983	
0.06435712	0.411966	-0.89910895	0.13321212	
0.06436449	0.41196594	-0.89910746	0.13321874	
0.06391968	0.41355976	-0.89827543	0.13410413	
0.06371192	0.41445413	-0.89779055	0.13468759	
0.063554585	0.41531503	-0.8973091	0.1353173	
0.063343726	0.4162379	-0.89678746	0.13603646	
0.06301618	0.4172355	-0.8962274	0.13682073	
0.062558234	0.41826704	-0.8956537	0.13763644	
0.06194204	0.4193928	-0.89503014	0.13854201	
0.06124918	0.42049104	-0.8944133	0.13950159	
0.060413502	0.42165884	-0.89373964	0.14065422	
0.0595309	0.42278886	-0.89306724	0.1419035	
0.0585638	0.42397436	-0.89234823	0.1432858	
0.05766194	0.42512333	-0.89162964	0.14471298	
0.056898504	0.42616612	-0.890947	0.1461451	
0.055772983	0.42775413	-0.8898317	0.14871232	
0.055552445	0.42828584	-0.88939905	0.1498485	
0.05545485	0.42874724	-0.889046	0.15065823	
0.05540058	0.42918977	-0.8887119	0.15138733	
0.05528604	0.42968163	-0.8883733	0.1520198	
0.05506871	0.4302911	-0.887997	0.1525725	
0.05464532	0.43121696	-0.88749844	0.15301111	
0.054197665	0.4322538	-0.88694906	0.1534294	
0.053740438	0.4334142	-0.88633436	0.15386824	
0.05332048	0.43458676	-0.88571656	0.15426384	
0.052927136	0.4357713	-0.8850918	0.15464379	
0.052509863	0.4369926	-0.8844495	0.1550142	
0.052111864	0.43813163	-0.8838541	0.1553291	
0.051781856	0.4391778	-0.88330996	0.15557994	
0.051549803	0.44021273	-0.88277256	0.15578198	
0.051456247	0.44088137	-0.8824262	0.15588446	
0.05136195	0.44161186	-0.8820456	0.15600148	
0.051304158	0.44222003	-0.8817228	0.15612254	
0.051280484	0.44285667	-0.8813738	0.1562963	
0.0512975	0.4434849	-0.88101643	0.15652469	
0.05133377	0.44419134	-0.8805989	0.1568583	
0.051408354	0.44496462	-0.88012433	0.15730561	
0.05150606	0.44566017	-0.8796802	0.1577879	
0.051615164	0.4463975	-0.8791894	0.15840252	
0.051661614	0.4471088	-0.8786988	0.1591017	
0.05154912	0.4477432	-0.87825745	0.15978916	
0.05128501	0.44832367	-0.87785596	0.16045162	
0.05085436	0.44898272	-0.8773923	0.16127926	
0.05039492	0.4496214	-0.87693304	0.1621401	
0.049923185	0.4503094	-0.8764334	0.1630755	
0.049445275	0.4510902	-0.87587714	0.1640488	
0.04898317	0.4520254	-0.87522984	0.1650651	
0.048504923	0.45295468	-0.87456894	0.16615859	
0.047982536	0.45396665	-0.873851	0.16732153	
0.04731148	0.4551846	-0.87303317	0.16846892	
0.046787776	0.4560256	-0.87246823	0.16926557	
0.04625801	0.4569521	-0.871872	0.16998337	
0.04577842	0.4577828	-0.87133896	0.17061	
0.045439728	0.4583942	-0.8709348	0.17112142	
0.04519366	0.45892927	-0.8705572	0.17167324	
0.045045923	0.45937404	-0.87021846	0.1722388	
0.044960815	0.4597537	-0.86991405	0.17278503	
0.04488011	0.46016157	-0.8695992	0.17330442	
0.044787407	0.46065748	-0.8692359	0.17383295	
0.044649556	0.46142375	-0.8686982	0.17452252	
0.044628926	0.46141973	-0.8686994	0.17453252	
0.044388123	0.46255764	-0.8679604	0.17525707	
0.0442242	0.46325538	-0.8675089	0.17569031	
0.044034585	0.46398735	-0.86703366	0.17615192	
0.04381268	0.46474433	-0.8665446	0.1766173	
0.043581292	0.4655283	-0.86603534	0.17710678	
0.043352447	0.4662769	-0.8655395	0.17761736	
0.04309195	0.4670071	-0.86505103	0.17814067	
0.04283815	0.4676652	-0.8646014	0.17865849	
0.0426327	0.46824253	-0.8641931	0.17916985	
0.042480275	0.46869925	-0.8638434	0.17969714	
0.042451765	0.46907207	-0.86353546	0.18021107	
0.042472113	0.4694234	-0.8632365	0.1807229	
0.042442836	0.4698104	-0.8629263	0.18120407	
0.04232438	0.47027355	-0.86258566	0.18165171	
0.042124532	0.4707895	-0.8622277	0.1820616	
0.04187752	0.47132975	-0.8618571	0.18247433	
0.04155313	0.47191396	-0.86143535	0.18302973	
0.04128475	0.47249448	-0.86100215	0.18362977	
0.04103343	0.47301468	-0.8605569	0.18443267	
0.04076664	0.47413948	-0.85955805	0.1862524	
0.040540814	0.4747394	-0.85907346	0.18700774	
0.040256172	0.47542238	-0.85856986	0.1876454	
0.03997103	0.47613057	-0.8580845	0.18813005	
0.039737586	0.47674155	-0.85769105	0.18842663	
0.03946481	0.4775049	-0.85720515	0.18876167	
0.039389	0.47749037	-0.8572111	0.1887873	
0.039126568	0.47827458	-0.8566485	0.18940952	
0.03903015	0.47870445	-0.856298	0.18992734	
0.03905094	0.4791252	-0.85592514	0.19054253	
0.03909735	0.47963214	-0.8554801	0.1912546	
0.03910685	0.48026416	-0.85496104	0.19198607	
0.03906703	0.48091397	-0.8544643	0.19257839	
0.038974144	0.48157394	-0.8539878	0.19306104	
0.0388566	0.48215112	-0.8535778	0.19345666	
0.038804833	0.48255602	-0.85326487	0.19383767	
0.038894616	0.4827694	-0.8530408	0.19427438	
0.039038625	0.48278424	-0.8529404	0.19464909	
0.039382573	0.48269382	-0.8528541	0.19518135	
0.03973073	0.48269066	-0.8527478	0.195582	
0.040141195	0.48270136	-0.85262305	0.19601533	
0.040583327	0.4828764	-0.8524088	0.19642499	
0.040979784	0.48330414	-0.8520762	0.19673352	
0.04123473	0.48381233	-0.85172594	0.19694795	
0.041461818	0.48436427	-0.8513384	0.19721873	
0.04167672	0.4849036	-0.8509467	0.19753805	
0.04191974	0.48541793	-0.85055	0.1979315	
0.042229284	0.48586628	-0.85018283	0.19834325	
0.04267199	0.4862889	-0.84981143	0.19880328	
0.043037333	0.4865181	-0.8495865	0.19912502	
0.043534473	0.48671925	-0.84935814	0.19949932	
0.04402466	0.4868942	-0.8491404	0.1998915	
0.044437785	0.48709115	-0.848893	0.20037077	
0.04476101	0.48730126	-0.8486162	0.2009592	
0.045005333	0.48748112	-0.8483239	0.20170097	
0.045523115	0.48779854	-0.8477128	0.20337982	
0.04572249	0.48789132	-0.8474062	0.20438726	
0.045942042	0.4879538	-0.8471389	0.20529541	
0.046216536	0.48802704	-0.84688574	0.20610274	
0.046522778	0.48812863	-0.8466596	0.20672083	
0.046876412	0.48826626	-0.846437	0.2072274	
0.047233004	0.4884438	-0.8462152	0.20763363	
0.047589067	0.48865357	-0.8459845	0.20799823	
0.047971725	0.4888682	-0.8457396	0.2084016	
0.048364967	0.4890632	-0.84549564	0.20884225	
0.04878272	0.48918477	-0.84529024	0.20929177	
0.049159355	0.489174	-0.84517765	0.20968276	
0.04958457	0.48903403	-0.84514314	0.2100481	
0.050101724	0.48880792	-0.8451541	0.21040721	
0.05069642	0.48857066	-0.84517443	0.21073404	
0.051299214	0.4883865	-0.845169	0.21103665	
0.05180011	0.48824254	-0.8451649	0.21126391	
0.052334823	0.48805407	-0.8451776	0.21151653	
0.0528842	0.4877925	-0.84522367	0.21179904	
0.05345713	0.4874371	-0.8453145	0.21211022	
0.053941347	0.48702595	-0.845442	0.21242431	
0.054397583	0.4865561	-0.84558964	0.21279608	
0.054883473	0.48604664	-0.8457329	0.21326628	
0.05539071	0.48559192	-0.84583044	0.21378359	
0.056262057	0.48510808	-0.84580773	0.21474227	
0.056562778	0.48505002	-0.84570456	0.21519953	
0.056888796	0.48503065	-0.845604	0.21555269	
0.057269253	0.48499313	-0.84553915	0.21579063	
0.058212202	0.484829	-0.84550756	0.21603084	
0.058632825	0.48465326	-0.8455387	0.21618938	
0.05917485	0.48439422	-0.8455872	0.21643265	
0.059562717	0.4841901	-0.84562826	0.21662205	
0.0600777	0.48393026	-0.8456863	0.216834	
0.06069277	0.48361966	-0.84577274	0.2170184	
0.06208867	0.48297286	-0.84597385	0.21727979	
0.06267089	0.4827366	-0.8460425	0.21737026	
0.063202836	0.48259172	-0.8460568	0.21748239	
0.063638575	0.4825022	-0.84604293	0.21760793	
0.06400762	0.48241404	-0.84603107	0.21774101	
0.06449538	0.4822053	-0.84606665	0.21792142	
0.06505452	0.481921	-0.8461255	0.21815556	
0.065730646	0.481537	-0.84623814	0.2183635	
0.066577464	0.4810581	-0.84643865	0.21838571	
0.067439124	0.4805569	-0.84665734	0.21837682	
0.06821735	0.48012674	-0.84682745	0.21842144	
0.06891223	0.4797771	-0.8469327	0.21856384	
0.07013211	0.4792448	-0.8470137	0.21902877	
0.070752025	0.4790469	-0.84702736	0.2192098	
0.07139248	0.47889215	-0.84703195	0.2193224	
0.072051056	0.4787568	-0.84703976	0.2193724	
0.07280439	0.47856784	-0.84708357	0.21936706	
0.07350436	0.47833928	-0.84716314	0.2193244	
0.07430996	0.47801745	-0.84728426	0.21928684	
0.07513265	0.4776576	-0.84739995	0.21934368	
0.07587259	0.47732782	-0.847479	0.21950136	
0.07665667	0.47692606	-0.84757966	0.21971399	
0.0774694	0.47645345	-0.8477139	0.21993598	
0.07829116	0.47591102	-0.8478897	0.22014198	
0.07912578	0.4752807	-0.84812534	0.22029717	
0.08000273	0.4745194	-0.8484464	0.22038506	
0.08087571	0.47371176	-0.8488132	0.22039185	
0.081812836	0.47292876	-0.8492197	0.22016163	
0.082812935	0.4721042	-0.8496361	0.21995087	
0.083790384	0.47139493	-0.8499773	0.21978347	
0.08489781	0.47069508	-0.85028553	0.21966591	
0.08607603	0.47007924	-0.85050434	0.21967903	
0.08794432	0.46947572	-0.85060054	0.21985689	
0.08867438	0.46923372	-0.85053766	0.22032358	
0.08934044	0.46897694	-0.8504886	0.22078955	
0.08990705	0.46869445	-0.85046184	0.22126247	
0.09040611	0.4683565	-0.85051924	0.22155352	
0.09095036	0.46790054	-0.8506774	0.2216874	
0.091536455	0.4673722	-0.85091114	0.22166331	
0.09219684	0.46676412	-0.8512225	0.22147551	
0.092845954	0.46620986	-0.85151416	0.22125025	
0.09354201	0.46565565	-0.85179913	0.22102757	
0.09430027	0.4651074	-0.8520585	0.22085968	
0.095029816	0.4646188	-0.8522692	0.220762	
0.0956568	0.46419176	-0.8524419	0.22072296	
0.09619492	0.4638064	-0.8525936	0.22071303	
0.096668795	0.46339256	-0.85276544	0.22071183	
0.09712949	0.46290994	-0.85297304	0.22072028	
0.09752198	0.46239287	-0.85320073	0.22075108	
0.09780089	0.46188998	-0.8534232	0.22081998	
0.09806942	0.46132123	-0.85367024	0.22093518	
0.09837852	0.46067682	-0.85393614	0.2211145	
0.09875375	0.46000016	-0.85420626	0.22131254	
0.09923098	0.45924276	-0.8545103	0.2214982	
0.09964935	0.45859572	-0.85479635	0.22154738	
0.10071715	0.4571794	-0.85561115	0.2208454	
0.10126722	0.4564455	-0.8560375	0.22045965	
0.101850346	0.45573902	-0.8564357	0.22010507	
0.10244771	0.45504346	-0.85679775	0.21985804	
0.10294783	0.45439756	-0.85710746	0.21975328	
0.1033167	0.45374036	-0.8574081	0.21976511	
0.10366903	0.4529547	-0.85775244	0.21987581	
0.104106374	0.4518523	-0.8582658	0.2199346	
0.10445205	0.45095372	-0.85869485	0.21994054	
0.10495759	0.44976	-0.8592786	0.21986395	
0.105547845	0.4485594	-0.8598624	0.2197518	
0.10616819	0.44737053	-0.8604692	0.21950115	
0.10675525	0.44627282	-0.8610321	0.21924342	
0.107315496	0.44523275	-0.86156464	0.2189926	
0.10778828	0.44426805	-0.8620717	0.21872379	
0.10813503	0.4434275	-0.8625409	0.21840852	
0.10842095	0.44261137	-0.86302805	0.21799695	
0.1086798	0.4418438	-0.86351365	0.21750157	
0.108936325	0.44113716	-0.8639766	0.21696888	
0.10919047	0.4404702	-0.8644235	0.21641491	
0.109501235	0.43970284	-0.8649311	0.21578966	
0.10985676	0.4389364	-0.86539537	0.21530765	
0.11033641	0.43803865	-0.86588466	0.21492262	
0.11083031	0.43713674	-0.86634564	0.21464734	
0.11128136	0.43619713	-0.8668279	0.21437779	
0.11162178	0.43529382	-0.86732155	0.2140408	
0.11194946	0.43438017	-0.86783916	0.21362652	
0.11239611	0.43325925	-0.8684651	0.21312422	
0.11294136	0.43221152	-0.86903995	0.2126196	
0.11362891	0.4310976	-0.8696377	0.21206951	
0.114409536	0.42991894	-0.8702527	0.21151896	
0.11523541	0.4287366	-0.870855	0.21099186	
0.11597432	0.4276553	-0.8713928	0.21056013	
0.11665452	0.42662922	-0.8719152	0.21010265	
0.11714746	0.42564458	-0.87246096	0.20955963	
0.1177019	0.4245716	-0.8730833	0.20883235	
0.118294075	0.42349154	-0.8737085	0.20807447	
0.11895161	0.42233747	-0.8743765	0.20723766	
0.11964977	0.42116925	-0.87503755	0.20642096	
0.120356895	0.41998306	-0.87568367	0.20568612	
0.121059194	0.41876382	-0.87631214	0.20508167	
0.12175869	0.417506	-0.8769183	0.20464073	
0.122432716	0.41628507	-0.8774659	0.20437865	
0.12307764	0.41515553	-0.87794304	0.20423962	
0.12367138	0.414096	-0.87837404	0.20417888	
0.12421954	0.41301325	-0.8788119	0.20415519	
0.124640144	0.41208085	-0.87919134	0.20414907	
0.12510009	0.4109379	-0.87967134	0.20410427	
0.12536564	0.4101507	-0.8800172	0.20403333	
0.12567317	0.40920556	-0.88043916	0.20392147	
0.12603034	0.4082229	-0.88087404	0.20379274	
0.1264305	0.40719357	-0.88133305	0.2036194	
0.12687281	0.40614298	-0.88181424	0.20335893	
0.12738371	0.40506405	-0.882326	0.2029713	
0.12809207	0.4036591	-0.88300806	0.20235771	
0.12868217	0.4026413	-0.8835154	0.20179582	
0.12943172	0.40135247	-0.88417274	0.20100306	
0.13017362	0.40001184	-0.8848713	0.2001202	
0.13080925	0.3988312	-0.8854725	0.19940229	
0.13145551	0.397719	-0.88603383	0.19870356	
0.13203302	0.3966441	-0.88655907	0.19812605	
0.13251424	0.39573315	-0.88701296	0.19759358	
0.13285023	0.39507455	-0.88735265	0.19716068	
0.1332157	0.39435083	-0.8877277	0.19667374	
0.13356584	0.39366192	-0.88808435	0.19620566	
0.133958	0.39293385	-0.8884493	0.1957446	
0.13443434	0.3921465	-0.8888125	0.19534849	
0.13508591	0.391097	-0.8892541	0.19499257	
0.13574813	0.39003742	-0.8896712	0.19475274	
0.13656345	0.38869902	-0.89017385	0.1945609	
0.13747646	0.38711914	-0.8907501	0.19443077	
0.1381883	0.38582626	-0.89121914	0.1943466	
0.13899784	0.3842935	-0.89178604	0.19420561	
0.1397583	0.38281718	-0.8923499	0.19398555	
0.14052084	0.38134065	-0.8929333	0.19365774	
0.14120471	0.3800254	-0.893461	0.19331212	
0.14191958	0.378719	-0.8939794	0.19295536	
0.14281203	0.37738442	-0.89448905	0.19254874	
0.14381543	0.37604585	-0.8949469	0.19229308	
0.14494479	0.3747212	-0.8954214	0.19182223	
0.14560688	0.37395597	-0.8956921	0.19155002	
0.14635219	0.37311623	-0.8960165	0.1911017	
0.14703563	0.3723681	-0.8963407	0.19051482	
0.1476876	0.3716605	-0.89668703	0.18976137	
0.14839484	0.37081057	-0.89718705	0.18850437	
0.1484249	0.3708144	-0.8971807	0.18850343	
0.14908436	0.36996165	-0.8976592	0.18737729	
0.14992888	0.36885312	-0.89822876	0.1861554	
0.15062499	0.36796632	-0.898634	0.18539087	
0.15063614	0.36796615	-0.8986309	0.18539785	
0.15276825	0.36559185	-0.8994798	0.18422982	
0.1539556	0.36425266	-0.8999058	0.18381323	
0.1546028	0.36348173	-0.9001489	0.18360542	
0.155223	0.36272547	-0.9003809	0.18344045	
0.15575278	0.36203587	-0.9005967	0.183294	
0.15632364	0.361268	-0.90084445	0.18310572	
0.15691563	0.36044687	-0.901108	0.18292041	
0.15754044	0.35955158	-0.90140766	0.18266904	
0.1581631	0.35866573	-0.9017145	0.1823581	
0.15882395	0.3577507	-0.90203774	0.18198189	
0.15955767	0.35681558	-0.9023627	0.18156445	
0.1603436	0.35590795	-0.9026627	0.18116176	
0.16114089	0.3550299	-0.9029417	0.18078674	
0.16193989	0.3541754	-0.90320045	0.18045622	
0.1627605	0.35329455	-0.9034552	0.18016854	
0.16358447	0.3523521	-0.90373075	0.17988615	
0.16433991	0.3514097	-0.9040195	0.17959006	
0.16510355	0.35035235	-0.9043729	0.17917538	
0.16585922	0.34912097	-0.90483654	0.17853919	
0.16653572	0.3478739	-0.9053421	0.17777887	
0.16725752	0.34644583	-0.90594393	0.17682146	
0.16791901	0.34510234	-0.90652657	0.17583328	
0.16856317	0.34378818	-0.9071178	0.17473893	
0.16922687	0.34261	-0.90766156	0.17358361	
0.16988027	0.34153414	-0.9081445	0.17253658	
0.17053552	0.3403402	-0.9086648	0.17150614	
0.17108667	0.3392789	-0.909106	0.17072035	
0.17163421	0.3380845	-0.9095838	0.1699941	
0.17216292	0.33683768	-0.91005903	0.1693901	
0.17279133	0.33528084	-0.9106321	0.16875803	
0.17282315	0.33527955	-0.9106228	0.16877794	
0.17338431	0.3337051	-0.91121644	0.16811746	
0.17391756	0.33197245	-0.91191113	0.1672278	
0.17424844	0.33083734	-0.91238236	0.16656068	
0.17459115	0.3296548	-0.9128792	0.16582268	
0.17499718	0.32822677	-0.91348374	0.1648961	
0.17529307	0.3271921	-0.9139141	0.16425245	
0.17566378	0.32603055	-0.91437066	0.1636239	
0.17605108	0.324967	-0.91476	0.1631465	
0.1764289	0.32399532	-0.9151011	0.16275711	
0.17676316	0.32314074	-0.91540205	0.1624011	
0.17702648	0.32232764	-0.915709	0.16199836	
0.17721258	0.32158366	-0.9160082	0.16158149	
0.17739019	0.3207077	-0.9163743	0.16105151	
0.17756405	0.31978557	-0.9167543	0.16052979	
0.1777667	0.3187239	-0.9171806	0.15998067	
0.17803024	0.31754667	-0.9176358	0.15941739	
0.17837957	0.31629622	-0.91810143	0.15883085	
0.17885421	0.31492937	-0.9185924	0.15817355	
0.17943257	0.31342688	-0.9191598	0.1572027	
0.1799052	0.3122629	-0.9195909	0.15645668	
0.18034934	0.31114703	-0.92004913	0.15547135	
0.18052167	0.3100953	-0.9205498	0.1544051	
0.18055838	0.30942646	-0.9208884	0.15368308	
0.18050644	0.30874512	-0.92124236	0.15299138	
0.18043312	0.30810556	-0.9215576	0.15246777	
0.18036515	0.30743727	-0.9218608	0.15206435	
0.18033536	0.30673563	-0.9221564	0.15172356	
0.18036735	0.30595386	-0.922467	0.15137546	
0.18044414	0.30513898	-0.922782	0.15100825	
0.18055841	0.30429903	-0.92310816	0.15057302	
0.18068738	0.30336732	-0.9234837	0.14999379	
0.18078919	0.30242598	-0.9238851	0.14929901	
0.18088089	0.30146953	-0.9243069	0.14850941	
0.18095437	0.3004393	-0.9247693	0.14762634	
0.18102099	0.2993373	-0.92525774	0.14672045	
0.18114196	0.29809377	-0.92577773	0.1458198	
0.18133675	0.29668248	-0.9263334	0.14492422	
0.18158454	0.2951759	-0.9269	0.14406459	
0.18187389	0.29360992	-0.9274676	0.14324531	
0.1821856	0.29204282	-0.92801684	0.14249332	
0.18250114	0.29044825	-0.92856866	0.14175144	
0.18275975	0.28887874	-0.9291217	0.1410002	
0.18295333	0.28742734	-0.929647	0.14025033	
0.18315168	0.28597477	-0.930184	0.13939765	
0.18328601	0.28470895	-0.930697	0.13838446	
0.18310803	0.28273144	-0.93164915	0.13625072	
0.18283653	0.28164342	-0.9322305	0.134886	
0.18287241	0.2816438	-0.93222165	0.13489679	
0.18264322	0.28006604	-0.932978	0.13325389	
0.18252206	0.27911443	-0.93341076	0.1323833	
0.18240593	0.27810338	-0.93384975	0.1315719	
0.18232526	0.27712023	-0.9342524	0.13089807	
0.18243247	0.27497485	-0.93501	0.12985964	
0.18242636	0.2749738	-0.93501115	0.12986231	
0.18260595	0.2739249	-0.9353249	0.12956673	
0.18283857	0.27283204	-0.9356248	0.12937929	
0.18308447	0.27166066	-0.9359353	0.12925091	
0.18327825	0.27059692	-0.9362229	0.12912427	
0.18340658	0.2694642	-0.93655705	0.12888806	
0.18341535	0.26837352	-0.93692243	0.1284948	
0.18335585	0.2660399	-0.93778217	0.12715353	
0.18348975	0.2649156	-0.93817365	0.12641788	
0.18383361	0.26365075	-0.93856484	0.12565608	
0.18432464	0.2623474	-0.9389236	0.12498275	
0.18489203	0.26097047	-0.9392683	0.124437205	
0.1854268	0.2598237	-0.939531	0.12405702	
0.18569441	0.25891683	-0.9397542	0.12386175	
0.18578522	0.2581622	-0.93997574	0.12361929	
0.18572892	0.25738958	-0.94025886	0.123160675	
0.1855759	0.2565731	-0.9406109	0.12240546	
0.18544431	0.25567806	-0.9410101	0.12140485	
0.18540712	0.25457695	-0.94147503	0.12016462	
0.18550655	0.25335187	-0.94194454	0.11891458	
0.1857413	0.2520156	-0.94240123	0.11776394	
0.18606728	0.25058103	-0.9428401	0.11679385	
0.18639582	0.24924701	-0.94321483	0.11609578	
0.18654409	0.2481323	-0.9435385	0.11561443	
0.18648297	0.24718203	-0.9438322	0.115351185	
0.18630175	0.24633454	-0.94413155	0.11500716	
0.18601388	0.24547467	-0.94447356	0.11450267	
0.18569499	0.24454671	-0.94485706	0.113840096	
0.1854792	0.24345346	-0.94527465	0.11306562	
0.18542403	0.24221537	-0.9456979	0.11227229	
0.18549618	0.24085563	-0.9461212	0.111510135	
0.18566024	0.23943056	-0.94653064	0.11082842	
0.18584697	0.23799092	-0.946928	0.11022117	
0.18600297	0.23656793	-0.9473232	0.109622985	
0.18617055	0.23517355	-0.94771147	0.10898211	
0.18637174	0.23376633	-0.9481026	0.10826147	
0.18659644	0.23236181	-0.9484963	0.107445486	
0.18683632	0.23092961	-0.9489027	0.10652376	
0.18694857	0.22979046	-0.9492477	0.10571336	
0.186636	0.22790189	-0.94994485	0.10407924	
0.1864256	0.22709014	-0.95025504	0.103397384	
0.18625917	0.22629014	-0.9505465	0.10277071	
0.18618059	0.22550923	-0.9508108	0.102182485	
0.18621854	0.22465447	-0.9510718	0.10156578	
0.18640102	0.22375636	-0.95131433	0.100940295	
0.1866193	0.2228063	-0.95157534	0.10017502	
0.18682452	0.22178802	-0.95186645	0.09928227	
0.18693851	0.2207625	-0.9521902	0.09824264	
0.18697523	0.21963254	-0.9525563	0.09715175	
0.18699077	0.21832763	-0.95296603	0.09603866	
0.18710677	0.2169056	-0.95337015	0.09501818	
0.18732494	0.21499163	-0.9538761	0.09385296	
0.18753245	0.21347767	-0.95425475	0.093041755	
0.18782356	0.211595	-0.95470756	0.092105776	
0.18814278	0.20959891	-0.9551782	0.09113342	
0.1884357	0.20758034	-0.9556573	0.09011978	
0.18866849	0.20561743	-0.9561354	0.08905482	
0.1888314	0.20360985	-0.9566425	0.08786971	
0.1889213	0.20135804	-0.95723164	0.08643691	
0.18894412	0.19978742	-0.95764774	0.085416816	
0.1889831	0.19781213	-0.9581608	0.0841637	
0.18906167	0.19568622	-0.9586917	0.08290279	
0.18920106	0.19347282	-0.95921403	0.08172901	
0.18945812	0.19143388	-0.959649	0.08082441	
0.18986568	0.18924686	-0.9600666	0.08005526	
0.19038086	0.18704131	-0.9604487	0.07942981	
0.19089712	0.18506996	-0.96076447	0.07898847	
0.19141124	0.18323635	-0.96104425	0.0786149	
0.1917734	0.1815744	-0.9613261	0.07814055	
0.19184534	0.18003538	-0.9616576	0.07744257	
0.1917365	0.1786164	-0.96202123	0.0764752	
0.19116585	0.17702982	-0.9625479	0.07495064	
0.19120486	0.17703347	-0.96254027	0.074940525	
0.19042045	0.1748414	-0.96328187	0.07251616	
0.18996383	0.17357165	-0.96370184	0.07117291	
0.18963477	0.172389	-0.96406245	0.07003119	
0.18949999	0.17105286	-0.9644046	0.0689535	
0.18941806	0.16797292	-0.96508944	0.06714446	
0.18942831	0.16797438	-0.96508753	0.06713896	
0.18938145	0.16543713	-0.96563673	0.065658346	
0.18932384	0.16336212	-0.96608216	0.06445706	
0.18933015	0.16336279	-0.96608096	0.064454705	
0.18939821	0.16082667	-0.9665764	0.0631918	
0.18947977	0.15936475	-0.96684676	0.06251159	
0.18956098	0.15799303	-0.9670968	0.06187599	
0.18959036	0.1567235	-0.9673372	0.061253764	
0.18954201	0.15570125	-0.96754754	0.060686678	
0.18943669	0.15469798	-0.96776927	0.06004197	
0.18930753	0.1536471	-0.9680083	0.059290208	
0.1891656	0.15254617	-0.9682601	0.058467515	
0.18904735	0.15135363	-0.9685226	0.057594053	
0.18899132	0.15002663	-0.968793	0.056697745	
0.18894327	0.14864554	-0.9690643	0.05585126	
0.18887407	0.14733352	-0.9693203	0.055115856	
0.1887195	0.14603534	-0.96958417	0.054452963	
0.18856753	0.14494564	-0.9698071	0.0539191	
0.18836968	0.14379896	-0.97004795	0.053345434	
0.188184	0.14277747	-0.9702642	0.05280899	
0.18798815	0.14166482	-0.97049785	0.052205887	
0.18787976	0.14027807	-0.9707565	0.051528495	
0.18778773	0.1389231	-0.97100854	0.050778903	
0.1878003	0.13737509	-0.97126657	0.050004985	
0.18786462	0.1356762	-0.97153413	0.049195405	
0.1877937	0.13438644	-0.9717617	0.048508838	
0.18771766	0.13307104	-0.97199327	0.04778568	
0.18739274	0.13181883	-0.97226477	0.046999708	
0.18704574	0.13078777	-0.97250915	0.04619986	
0.18675922	0.1298264	-0.9727346	0.045317326	
0.1865688	0.12892585	-0.97293276	0.044409193	
0.18645784	0.12806085	-0.97310865	0.04351586	
0.18641491	0.12713708	-0.973277	0.042634476	
0.18635952	0.1261661	-0.97345245	0.041746292	
0.1862676	0.12511711	-0.9736428	0.04086518	
0.18616524	0.123930834	-0.9738511	0.039973017	
0.18607156	0.122620404	-0.9740712	0.039075263	
0.18590787	0.12130517	-0.9743005	0.03823546	
0.1856885	0.11997667	-0.97453797	0.037431836	
0.18549636	0.11867718	-0.9747624	0.036677703	
0.18535112	0.117387965	-0.9749743	0.03592145	
0.18526892	0.11621885	-0.97515625	0.035201423	
0.18521492	0.11506083	-0.97533095	0.03443738	
0.18512167	0.113948345	-0.97550875	0.033593796	
0.18485501	0.11284555	-0.97572076	0.032612864	
0.18443501	0.11178313	-0.9759585	0.031517215	
0.1839537	0.11064646	-0.976219	0.030248087	
0.18350628	0.109469876	-0.97647613	0.0289176	
0.18305764	0.10815682	-0.9767472	0.027511925	
0.18264756	0.10680487	-0.977008	0.026229111	
0.1822511	0.10537388	-0.97726864	0.02503751	
0.18188703	0.103903875	-0.9775208	0.02396172	
0.1816349	0.102274	-0.9777636	0.022962453	
0.18138064	0.100659534	-0.97800034	0.022005487	
0.18110475	0.09898669	-0.97824454	0.020987242	
0.18077269	0.097206794	-0.97850907	0.019800385	
0.18041542	0.09547445	-0.9787707	0.018518476	
0.18004088	0.09365503	-0.97904176	0.017066432	
0.17965849	0.091901675	-0.97930104	0.01570084	
0.17894614	0.08890306	-0.9797381	0.013709493	
0.17871083	0.087790355	-0.9798878	0.013240125	
0.17849748	0.08679502	-0.980019	0.0129718175	
0.17836663	0.08592814	-0.9801211	0.012822361	
0.17831285	0.085078195	-0.98020697	0.012674852	
0.17834401	0.08415187	-0.980284	0.012463621	
0.17867832	0.08217038	-0.98039895	0.011830018	
0.17892845	0.08025012	-0.9805209	0.011103262	
0.17864624	0.07876375	-0.9807002	0.0104468865	
0.17843623	0.078114614	-0.98079425	0.010066664	
0.17831452	0.07745271	-0.98087305	0.009648128	
0.17835027	0.07674489	-0.98092645	0.009202713	
0.17855649	0.07598615	-0.9809519	0.008782459	
0.17883408	0.07519235	-0.9809658	0.008416205	
0.17908034	0.07440889	-0.980983	0.008119366	
0.17923653	0.073769234	-0.9810045	0.007911453	
0.17947333	0.073222294	-0.9810034	0.007758978	
0.17971013	0.07273799	-0.9809974	0.007588537	
0.1797974	0.072303824	-0.98101574	0.007290552	
0.17979358	0.071837544	-0.98105407	0.006820676	
0.1797188	0.07128868	-0.9811131	0.0060315887	
0.17962126	0.0706648	-0.9811811	0.0051309187	
0.17963326	0.06996684	-0.98123336	0.004208806	
0.1796545	0.069184266	-0.9812887	0.0032454834	
0.17976682	0.068499774	-0.98131865	0.0023247101	
0.17994398	0.06786354	-0.9813322	0.0013843135	
0.17998376	0.06731804	-0.98136336	5.413983E-4	
0.17984584	0.066786245	-0.9814249	-2.7309815E-4	
0.17955056	0.066217124	-0.9815172	-0.0010342076	
0.17898116	0.065472886	-0.9816698	-0.0018802374	
0.178318	0.06454336	-0.98185	-0.0027403852	
0.1776838	0.06352245	-0.982029	-0.0035361336	
0.17716238	0.06226825	-0.98219955	-0.0045006587	
0.17671478	0.060947727	-0.98235804	-0.005479578	
0.17623381	0.05966226	-0.9825179	-0.0063840435	
0.17567343	0.05844374	-0.98268557	-0.0072321645	
0.17500259	0.057165425	-0.98287326	-0.008141363	
0.17444825	0.05622056	-0.9830204	-0.008827434	
0.17379485	0.055191167	-0.9831876	-0.009565449	
0.17315857	0.054302163	-0.9833429	-0.010204122	
0.1724713	0.053530045	-0.9834998	-0.010784806	
0.17173289	0.05286081	-0.9836596	-0.011279902	
0.1709757	0.052296836	-0.98381746	-0.011649353	
0.17026116	0.05179307	-0.98396575	-0.011834612	
0.16955456	0.051325005	-0.9841116	-0.0118909655	
0.16891134	0.050903294	-0.9842434	-0.011954289	
0.16820565	0.05069043	-0.9843794	-0.011598538	
0.167509	0.05054184	-0.9845097	-0.011264171	
0.16672115	0.050411526	-0.9846509	-0.011200626	
0.16608123	0.050284415	-0.9847641	-0.011327918	
0.16552521	0.050192617	-0.9848591	-0.0116073685	
0.16498703	0.050177637	-0.9849457	-0.011978782	
0.1644041	0.050282612	-0.9850334	-0.012339903	
0.16363986	0.050539646	-0.98514295	-0.012692316	
0.16263144	0.05092627	-0.98528534	-0.0130503895	
0.16168305	0.05129203	-0.9854189	-0.013315807	
0.16035636	0.05167321	-0.9856104	-0.013705152	
0.15890345	0.05189818	-0.98582655	-0.014227261	
0.15796699	0.05191573	-0.9859696	-0.014665469	
0.15723555	0.051860195	-0.9860839	-0.015038448	
0.15658487	0.051768966	-0.9861866	-0.015401958	
0.15561122	0.051528066	-0.98634374	-0.016002728	
0.15526375	0.05144999	-0.98639816	-0.016269619	
0.15491675	0.051370177	-0.9864523	-0.016546968	
0.15454917	0.05130535	-0.9865093	-0.016788984	
0.1539918	0.051221095	-0.9865961	-0.017060617	
0.1532647	0.051197123	-0.9867053	-0.01736592	
0.15214986	0.051047035	-0.986878	-0.01778831	
0.15210995	0.051042777	-0.986885	-0.017753683	
0.15050153	0.05064896	-0.98714113	-0.018344691	
0.14960644	0.050357774	-0.98728675	-0.018626163	
0.1487094	0.050059643	-0.987435	-0.018756714	
0.14779595	0.04976042	-0.98758465	-0.01888976	
0.1469487	0.049530137	-0.9877211	-0.018970674	
0.14608645	0.04936929	-0.9878569	-0.018976646	
0.1452803	0.049318455	-0.9879802	-0.018885672	
0.14434241	0.049342055	-0.98812014	-0.018690236	
0.14335619	0.049385678	-0.9882635	-0.018588968	
0.14233333	0.04940365	-0.98841065	-0.018576594	
0.14133063	0.049362287	-0.98855376	-0.018723313	
0.14036418	0.049217556	-0.9886917	-0.019087791	
0.13940486	0.048980992	-0.9888282	-0.019651547	
0.13848175	0.048709914	-0.9889575	-0.020326449	
0.13754357	0.048390135	-0.98909	-0.021002326	
0.13665228	0.048080076	-0.9892166	-0.021561502	
0.13582335	0.047835533	-0.98933417	-0.021949884	
0.13516632	0.047690168	-0.98942673	-0.022145936	
0.13454194	0.04761703	-0.9895164	-0.022098938	
0.13391869	0.047618467	-0.98960507	-0.021913901	
0.13338028	0.04765581	-0.98968	-0.021731801	
0.13271844	0.047649078	-0.9897739	-0.021514913	
0.13202505	0.04763644	-0.9898706	-0.021366047	
0.13142952	0.04753762	-0.9899552	-0.02133456	
0.13080257	0.047376726	-0.99004513	-0.021372212	
0.13015656	0.04720462	-0.99013793	-0.02139576	
0.1295134	0.04706675	-0.9902291	-0.021383293	
0.12884408	0.04698047	-0.99032116	-0.021356015	
0.12819912	0.046964645	-0.9904062	-0.021329965	
0.12748657	0.047046565	-0.99049455	-0.02131567	
0.12659368	0.04723186	-0.9905992	-0.021365391	
0.12555568	0.047424037	-0.99071825	-0.021547869	
0.12457456	0.0476007	-0.9908273	-0.021829993	
0.123451084	0.04773301	-0.99095297	-0.02221975	
0.12238504	0.04781087	-0.99107295	-0.022593658	
0.120502375	0.04792076	-0.9912821	-0.023295525	
0.11986782	0.04794246	-0.9913504	-0.023617025	
0.11926587	0.04798246	-0.9914133	-0.023938956	
0.11861978	0.04809225	-0.9914779	-0.024251696	
0.117849365	0.04829624	-0.9915521	-0.024564944	
0.11689571	0.04858485	-0.99164283	-0.024887998	
0.11572055	0.04893123	-0.99175435	-0.02525688	
0.114467606	0.0492546	-0.99187404	-0.025636213	
0.11322906	0.049534433	-0.99199295	-0.02598984	
0.11210209	0.049761213	-0.9921014	-0.026303941	
0.11122243	0.049926758	-0.9921845	-0.026585806	
0.110578485	0.05001864	-0.9922463	-0.026791047	
0.110127196	0.050093662	-0.99229056	-0.026875114	
0.10967595	0.050238054	-0.9923333	-0.02687145	
0.10916851	0.05047977	-0.99237865	-0.026807714	
0.108481735	0.050843462	-0.9924374	-0.026731852	
0.10759438	0.051291186	-0.99251133	-0.026719395	
0.10646746	0.0518028	-0.9926034	-0.02682548	
0.105200455	0.05231663	-0.992705	-0.02706625	
0.10394296	0.052751232	-0.9928057	-0.027385745	
0.10277401	0.053117473	-0.9928997	-0.027681394	
0.10183943	0.053417105	-0.99297607	-0.027817976	
0.101069525	0.05371852	-0.99304014	-0.027759427	
0.100495934	0.0540375	-0.99308807	-0.027507002	
0.099887304	0.054585718	-0.9931304	-0.02710863	
0.099071264	0.055193733	-0.9931902	-0.026677763	
0.09809384	0.055797458	-0.9932582	-0.026503941	
0.09702187	0.056391504	-0.9933298	-0.02650728	
0.096058324	0.056872554	-0.9933927	-0.0266335	
0.09513045	0.05726763	-0.9934538	-0.026835	
0.09419464	0.057607986	-0.9935176	-0.027049411	
0.09335204	0.05791237	-0.9935754	-0.027196882	
0.09261722	0.058219656	-0.9936253	-0.027229896	
0.09192504	0.058543727	-0.9936732	-0.027130824	
0.09116764	0.05894205	-0.9937268	-0.026858356	
0.090329364	0.05941318	-0.99378574	-0.02646849	
0.08940008	0.05993857	-0.99384904	-0.026061956	
0.088489205	0.06042044	-0.99391013	-0.025726505	
0.08749323	0.06084075	-0.9939795	-0.02545807	
0.08641397	0.061198004	-0.9940563	-0.025291653	
0.08558318	0.061403945	-0.99411565	-0.02528327	
0.08478314	0.061557032	-0.9941723	-0.025379248	
0.08394636	0.061711594	-0.9942305	-0.025506051	
0.08316515	0.061907154	-0.99428076	-0.025628101	
0.082312986	0.06219943	-0.9943318	-0.0256956	
0.081151485	0.06281368	-0.9943889	-0.025686672	
0.07994606	0.06349839	-0.9944408	-0.025770912	
0.0790511	0.064004645	-0.9944782	-0.025831867	
0.077149086	0.064953275	-0.9945528	-0.026342668	
0.07643357	0.06520496	-0.9945831	-0.026663702	
0.07570836	0.06538623	-0.9946201	-0.026904006	
0.07489052	0.06569838	-0.99465823	-0.027021106	
0.07404506	0.0661607	-0.99469495	-0.02687397	
0.07305521	0.06675679	-0.99473286	-0.02670421	
0.07207978	0.06739951	-0.9947639	-0.02658281	
0.07116788	0.06807688	-0.99478537	-0.026511474	
0.07046985	0.06863901	-0.99479717	-0.026485428	
0.06978254	0.06918237	-0.9948084	-0.026470918	
0.06913075	0.06972039	-0.9948183	-0.02639414	
0.06836788	0.070314065	-0.99483496	-0.026176184	
0.067595676	0.07095796	-0.9948503	-0.025861239	
0.06665032	0.07185258	-0.9948622	-0.025381904	
0.0657835	0.07275912	-0.994865	-0.024947643	
0.06486082	0.07381045	-0.99485964	-0.02448239	
0.0637902	0.074918136	-0.99485976	-0.02392064	
0.06286964	0.076007396	-0.9948483	-0.023390464	
0.06283899	0.076010436	-0.99484926	-0.02342596	
0.06200747	0.07705836	-0.99483883	-0.022648355	
0.061148822	0.07819994	-0.99482685	-0.021568384	
0.060656726	0.07890507	-0.99481225	-0.021059636	
0.060051724	0.079759665	-0.99479014	-0.020611059	
0.05927925	0.08086187	-0.9947561	-0.020193543	
0.05852911	0.08196442	-0.9947163	-0.019891486	
0.05763347	0.08335825	-0.99465865	-0.019593542	
0.056753043	0.08472382	-0.9946001	-0.019278318	
0.055963293	0.08607605	-0.9945356	-0.018923745	
0.05529159	0.087384775	-0.99446625	-0.018540123	
0.05473946	0.08863102	-0.9943938	-0.018140996	
0.05419544	0.08993587	-0.99431455	-0.01769344	
0.053495225	0.0912537	-0.99424034	-0.017237127	
0.052685317	0.09259704	-0.99416655	-0.016820252	
0.05201349	0.09369319	-0.99410415	-0.016528606	
0.051420353	0.09479982	-0.9940345	-0.016257405	
0.050968256	0.09586928	-0.9939596	-0.01598903	
0.05073636	0.09667113	-0.99389744	-0.015761795	
0.05062853	0.09740436	-0.99383616	-0.015458069	
0.050428748	0.098213404	-0.9937743	-0.014963733	
0.050001744	0.0991535	-0.9937126	-0.014271447	
0.04938903	0.10026472	-0.99364376	-0.013406685	
0.04878935	0.101426564	-0.99356776	-0.0124704745	
0.04761123	0.104104355	-0.9933706	-0.01050845	
0.047610395	0.10410561	-0.9933702	-0.010535172	
0.047173757	0.105181895	-0.99328375	-0.009944709	
0.04660393	0.1065422	-0.9931713	-0.009368307	
0.04585257	0.108075134	-0.9930457	-0.008819593	
0.045193855	0.10930022	-0.99294484	-0.008459419	
0.04440274	0.110765934	-0.99282104	-0.008107028	
0.04369449	0.1121417	-0.99270046	-0.0078016957	
0.043087933	0.1135042	-0.992575	-0.007425579	
0.04269415	0.11465238	-0.9924628	-0.0070514116	
0.042544845	0.11572962	-0.99234736	-0.006589304	
0.042397335	0.11679066	-0.99223226	-0.006139261	
0.042271513	0.11786286	-0.9921134	-0.0057094223	
0.041999903	0.11899651	-0.99199134	-0.005405686	
0.04160934	0.120454155	-0.9918334	-0.005096556	
0.041562136	0.120456636	-0.9918348	-0.0051457565	
0.040929407	0.123392425	-0.9915038	-0.0044224593	
0.040858634	0.123394705	-0.9915061	-0.0044628866	
0.04075541	0.12439401	-0.99138707	-0.004121919	
0.04080406	0.12533207	-0.99126875	-0.0036466585	
0.040863186	0.12636806	-0.9911371	-0.0029314365	
0.04077172	0.12736234	-0.99101555	-0.0022013665	
0.04055206	0.12851603	-0.9908771	-0.0013636134	
0.04029021	0.12970354	-0.9907338	-5.6127115E-4	
0.040028244	0.13089235	-0.99058825	1.7166544E-4	
0.039790235	0.13206759	-0.9904415	8.2757784E-4	
0.039748386	0.13206899	-0.99044293	7.966747E-4	
0.039426126	0.13475877	-0.99009156	0.0021297808	
0.0393658	0.1357691	-0.98995477	0.0025712254	
0.039345473	0.13702862	-0.98978066	0.0030839876	
0.039339416	0.13831633	-0.9895999	0.0036207773	
0.039296575	0.13948618	-0.9894352	0.0041793874	
0.039165948	0.14069799	-0.9892658	0.0048404783	
0.038920853	0.14202808	-0.9890814	0.00558637	
0.038690113	0.14313972	-0.9889266	0.006189166	
0.038412	0.14428873	-0.9887667	0.0067738234	
0.038146373	0.14540562	-0.9886099	0.007253845	
0.037746694	0.14767683	-0.9882834	0.007922793	
0.037598234	0.14885454	-0.98810923	0.008300073	
0.037619077	0.150055	-0.9879225	0.00880912	
0.037716344	0.1523917	-0.98754704	0.01025767	
0.03782353	0.15369326	-0.98732865	0.011402038	
0.037814982	0.15484495	-0.9871357	0.012500189	
0.03766924	0.15618251	-0.9869149	0.013678647	
0.03747579	0.15760845	-0.9866835	0.014526863	
0.03727822	0.15910092	-0.986442	0.01514509	
0.037105907	0.16062798	-0.9861939	0.01560832	
0.037008233	0.16218133	-0.98593646	0.016026314	
0.03704071	0.16376665	-0.98566616	0.016455678	
0.037175845	0.16537718	-0.98538387	0.016943622	
0.037345387	0.16698827	-0.98509616	0.017485622	
0.037490908	0.16877267	-0.9847738	0.018190129	
0.037540622	0.17026232	-0.9845032	0.018837655	
0.037476312	0.17195459	-0.98419684	0.019591184	
0.037276097	0.17391163	-0.98384297	0.020454178	
0.03705559	0.17550103	-0.98355496	0.021118356	
0.036792103	0.17725392	-0.98323476	0.021837639	
0.036503214	0.1789877	-0.9829144	0.022589026	
0.036230788	0.18068141	-0.98259467	0.023438493	
0.036033604	0.18237568	-0.9822634	0.024480246	
0.035978336	0.18388708	-0.9819543	0.025633171	
0.035986364	0.18524005	-0.98166686	0.026857037	
0.03598696	0.1866403	-0.9813629	0.028238036	
0.03589238	0.18809554	-0.9810458	0.029682158	
0.035713926	0.18939137	-0.980766	0.03087978	
0.035338912	0.19088386	-0.9804504	0.03211992	
0.035044976	0.19215535	-0.980182	0.033037677	
0.034684572	0.19346623	-0.9799083	0.03387585	
0.03447626	0.19455211	-0.97967476	0.034616414	
0.034281936	0.19563149	-0.9794433	0.03527	
0.034176927	0.19650665	-0.9792488	0.035901602	
0.03415034	0.1973815	-0.9790496	0.036554776	
0.034086034	0.19829091	-0.9788443	0.03718493	
0.03393559	0.19926104	-0.9786331	0.037691932	
0.033719763	0.20031613	-0.97841054	0.038070004	
0.033476863	0.20144251	-0.9781759	0.038370114	
0.033251647	0.20264268	-0.977924	0.03866612	
0.033032473	0.20394237	-0.97764647	0.039034635	
0.032795474	0.2055383	-0.97729874	0.03957017	
0.032563187	0.20838007	-0.97665775	0.040706143	
0.03255742	0.20838016	-0.9766583	0.0407001	
0.032639	0.21077362	-0.976096	0.041782733	
0.03281422	0.21262898	-0.9756474	0.04271287	
0.03300119	0.21390413	-0.97533035	0.04343657	
0.033163838	0.21536985	-0.9749608	0.04435577	
0.033271838	0.21642666	-0.97468966	0.045084175	
0.033336204	0.21770783	-0.97436	0.045985006	
0.03334735	0.21942525	-0.9739187	0.047148213	
0.03335617	0.21942562	-0.9739183	0.047147594	
0.033230867	0.22234797	-0.97318625	0.048638053	
0.03315713	0.22407164	-0.9727564	0.04937248	
0.033003874	0.22585373	-0.97231793	0.04998825	
0.03279042	0.22760421	-0.9718913	0.050481472	
0.0325032	0.22935213	-0.9714671	0.050921384	
0.031633448	0.23294885	-0.97058225	0.052002635	
0.031159716	0.23522712	-0.969998	0.052926145	
0.031161478	0.23522694	-0.9699977	0.052932028	
0.030562814	0.23917648	-0.9689688	0.054407068	
0.030319871	0.24217825	-0.96818435	0.055222593	
0.030218981	0.24374229	-0.96777326	0.055601276	
0.030144598	0.24519403	-0.967386	0.05599632	
0.02972655	0.24833496	-0.96653396	0.057081692	
0.029419193	0.24982302	-0.9661218	0.05771989	
0.029036874	0.25148022	-0.9656569	0.058492232	
0.028597524	0.25324818	-0.96515626	0.059338532	
0.028221937	0.2548194	-0.9647081	0.06007579	
0.027951635	0.25625235	-0.96429497	0.06073529	
0.02783142	0.25766078	-0.9638821	0.061381776	
0.027809786	0.25904092	-0.96347195	0.062019646	
0.027724179	0.26044366	-0.9630546	0.062661335	
0.027494024	0.26195374	-0.96260834	0.06332114	
0.026744938	0.26527986	-0.96162426	0.06473002	
0.026368262	0.26704448	-0.9610934	0.06551027	
0.025955936	0.26884487	-0.9605449	0.06635077	
0.025670735	0.27204308	-0.9595089	0.06838358	
0.0256246	0.27349526	-0.95901424	0.06953653	
0.025675332	0.275137	-0.9584354	0.07100678	
0.025707735	0.27629867	-0.9580213	0.07206536	
0.025767555	0.27769607	-0.95751816	0.07334888	
0.025824059	0.27941817	-0.9569104	0.0747075	
0.02587523	0.2807671	-0.95643073	0.07576713	
0.025931925	0.28258348	-0.9558113	0.07680472	
0.025942944	0.28465283	-0.9551213	0.07773706	
0.025893549	0.28673425	-0.95444024	0.078466155	
0.025795436	0.2888852	-0.95374733	0.07903146	
0.02567878	0.29112697	-0.9530339	0.07944861	
0.025557881	0.29358095	-0.9522585	0.07975392	
0.025488673	0.29556352	-0.95163304	0.07991875	
0.025424948	0.29975358	-0.9502915	0.08029619	
0.02545823	0.30170625	-0.9496532	0.08052359	
0.025550138	0.30360937	-0.94902563	0.08073974	
0.025649283	0.3054015	-0.9484358	0.080881126	
0.025675014	0.30713618	-0.9478699	0.080937825	
0.02560997	0.3087181	-0.9473579	0.08093511	
0.025594987	0.31029	-0.9468433	0.080949575	
0.025642348	0.31173036	-0.946361	0.081041045	
0.02574748	0.3131168	-0.94587994	0.08127918	
0.025886884	0.31441927	-0.94540197	0.08176622	
0.025980389	0.31566495	-0.94491595	0.082550086	
0.02599487	0.31686738	-0.9444199	0.08360912	
0.025978018	0.31807262	-0.9438962	0.084941365	
0.025976945	0.31915468	-0.94340456	0.08633404	
0.025969412	0.3201846	-0.94292784	0.08771812	
0.025952471	0.32129943	-0.9424201	0.08909239	
0.025905397	0.32302567	-0.9416537	0.09094902	
0.025886877	0.32302412	-0.9416545	0.09095064	
0.025674619	0.32537174	-0.94065464	0.09296735	
0.025543548	0.32694045	-0.9399879	0.09423565	
0.025075084	0.33034828	-0.9385491	0.09678289	
0.02490616	0.33209437	-0.9378053	0.09805292	
0.024682116	0.33384934	-0.93705845	0.09928218	
0.024447843	0.33565983	-0.93629557	0.100426644	
0.024339652	0.33743328	-0.9355551	0.1014056	
0.02433731	0.33924064	-0.93481225	0.10222303	
0.02439202	0.34106785	-0.93407506	0.102866665	
0.024459654	0.3429292	-0.9333304	0.10341991	
0.024462985	0.34481665	-0.9325763	0.103945054	
0.02435827	0.3467124	-0.93181795	0.104463145	
0.024239376	0.34856007	-0.93106943	0.105014674	
0.024163868	0.35031077	-0.9303476	0.105602585	
0.024160042	0.35202745	-0.9296246	0.106259994	
0.024199557	0.35512516	-0.92829186	0.10758626	
0.02426419	0.356698	-0.9276082	0.10826355	
0.024316028	0.3582383	-0.92693704	0.10891232	
0.024303116	0.35979185	-0.9262609	0.10954531	
0.024215942	0.36133736	-0.92559004	0.1101455	
0.02409149	0.36291304	-0.92489403	0.11083724	
0.023982802	0.3643167	-0.92427146	0.111447155	
0.023898376	0.36575055	-0.92362684	0.11211155	
0.023866653	0.36759907	-0.9227728	0.11310043	
0.023846671	0.36993638	-0.9216689	0.11447722	
0.02380945	0.3713499	-0.92098564	0.115403585	
0.02371097	0.37288737	-0.9202362	0.11644033	
0.023592122	0.37405586	-0.9196627	0.11724482	
0.023442583	0.3752881	-0.91904765	0.11815618	
0.023307879	0.37644398	-0.9184459	0.11918014	
0.023194674	0.37740663	-0.9179183	0.12021763	
0.023080887	0.37837446	-0.9173658	0.121408515	
0.022917762	0.38106078	-0.91579354	0.12485906	
0.022913404	0.38106182	-0.91579616	0.12483749	
0.02289359	0.38196477	-0.91527486	0.12589987	
0.022909518	0.38303736	-0.9146699	0.12702994	
0.022910057	0.38303974	-0.91467345	0.12699698	
0.023036413	0.38417706	-0.9140752	0.12784283	
0.023235684	0.3854681	-0.9134186	0.1286119	
0.023429783	0.3863229	-0.91299164	0.1290428	
0.023636198	0.38729852	-0.91253	0.12934588	
0.023845224	0.38949147	-0.91152036	0.12984037	
0.023900138	0.39058003	-0.9110109	0.1301353	
0.023974525	0.3916052	-0.91051376	0.13051972	
0.024071122	0.3926104	-0.91000545	0.13102652	
0.024188457	0.3935293	-0.90952265	0.13159934	
0.02435968	0.39442647	-0.90903753	0.13223206	
0.024555849	0.39527276	-0.9085709	0.13287397	
0.024743855	0.39608312	-0.9081154	0.13353805	
0.024921598	0.39687437	-0.90765965	0.13425215	
0.025123822	0.39766085	-0.9071738	0.13516824	
0.02529757	0.39837614	-0.9067301	0.13600414	
0.025457054	0.39907005	-0.90627366	0.13697888	
0.025394462	0.39978588	-0.90578467	0.13813226	
0.025252467	0.40051362	-0.9052821	0.13933937	
0.02508577	0.4012135	-0.9047939	0.14052254	
0.02493606	0.4019529	-0.9042719	0.14179006	
0.024859745	0.40264305	-0.9037815	0.14296736	
0.024852406	0.40339088	-0.90324754	0.14422962	
0.024964774	0.40412533	-0.90271455	0.1454858	
0.025201648	0.40486103	-0.9021716	0.14676183	
0.025564248	0.40555054	-0.90165275	0.14797838	
0.026029466	0.4061437	-0.9011804	0.1491439	
0.026465004	0.4067374	-0.90072095	0.15022032	
0.026772805	0.40738118	-0.900252	0.15122934	
0.026945619	0.4080753	-0.89978004	0.15213305	
0.027036754	0.4088393	-0.89929104	0.15295509	
0.027139781	0.40957236	-0.8988347	0.15365624	
0.027332779	0.4103451	-0.8983538	0.15437093	
0.027642936	0.4110562	-0.89789695	0.15508002	
0.028147174	0.41177836	-0.89740604	0.15591265	
0.028665397	0.41235185	-0.8969956	0.15666273	
0.029219307	0.41285777	-0.89661896	0.15738238	
0.029782748	0.4133982	-0.8962172	0.15814413	
0.030510774	0.4144988	-0.89542633	0.15959834	
0.030499253	0.41449565	-0.8954252	0.15961507	
0.030833675	0.41535488	-0.89481515	0.16073464	
0.031029303	0.41607004	-0.894318	0.16161191	
0.031178659	0.41685137	-0.89377135	0.16259052	
0.03125955	0.41764274	-0.89321697	0.16358727	
0.03139968	0.41821283	-0.8927542	0.16462721	
0.03203426	0.41863286	-0.89231807	0.16579735	
0.032732233	0.41893402	-0.8919795	0.16671957	
0.03349856	0.41932574	-0.8915876	0.16767687	
0.034293465	0.41984105	-0.89111066	0.16875856	
0.035087597	0.42043087	-0.89056844	0.16998419	
0.035734627	0.42111343	-0.8899825	0.17122465	
0.03625077	0.42190236	-0.88936275	0.17239006	
0.036700796	0.42282817	-0.8886791	0.17354763	
0.03710124	0.42388153	-0.88794047	0.17467041	
0.037427884	0.4249942	-0.8871964	0.17567499	
0.037816975	0.42627677	-0.8863805	0.17660026	
0.038313422	0.42757085	-0.8855842	0.17735836	
0.038787354	0.42883086	-0.8848308	0.1779723	
0.039360076	0.43010014	-0.8840857	0.17848617	
0.04004021	0.43114278	-0.8834772	0.17883138	
0.04086272	0.4320872	-0.88292915	0.17907277	
0.04162758	0.432804	-0.88251454	0.17920913	
0.042445365	0.43339813	-0.88216114	0.17932127	
0.043276098	0.4338701	-0.8818626	0.17945026	
0.044864405	0.43443394	-0.8814231	0.17985483	
0.045621995	0.43465665	-0.88119996	0.18021913	
0.046349872	0.43486825	-0.8809604	0.18069384	
0.04707875	0.43509808	-0.8806852	0.1812927	
0.047772925	0.43532386	-0.88040805	0.18191375	
0.048431914	0.4354875	-0.8801684	0.18250693	
0.04897385	0.4356401	-0.87996453	0.1829803	
0.049495924	0.43578684	-0.8797765	0.18339439	
0.049975272	0.43593433	-0.8795804	0.18385372	
0.05044133	0.43610355	-0.8793473	0.18443881	
0.05084615	0.43628752	-0.87908286	0.18515198	
0.05118927	0.43646187	-0.8788044	0.18596664	
0.0515679	0.43660748	-0.8785078	0.18691893	
0.05175962	0.4366421	-0.8782576	0.18795827	
0.052001793	0.4365619	-0.87804914	0.18904836	
0.052308537	0.43637076	-0.87788194	0.19017842	
0.052554827	0.43614608	-0.87776005	0.19118558	
0.05287287	0.43593255	-0.87765765	0.19205299	
0.05323961	0.43578413	-0.87754446	0.19280393	
0.053564355	0.4357451	-0.87740743	0.19342506	
0.053897373	0.43579045	-0.87722814	0.19404325	
0.05416317	0.4358806	-0.87706864	0.1944868	
0.054501075	0.43601096	-0.8768875	0.19491647	
0.054947905	0.43609226	-0.8767362	0.19528954	
0.05554328	0.43607652	-0.8766318	0.19562474	
0.056197003	0.43595025	-0.8765966	0.19587678	
0.05688231	0.43571377	-0.87663436	0.19603625	
0.05754859	0.43539515	-0.87673587	0.19609566	
0.058198564	0.43500805	-0.8768913	0.19606769	
0.058847677	0.43455595	-0.87709546	0.19596344	
0.059488967	0.4340514	-0.8773402	0.1957928	
0.060174655	0.43347192	-0.8776284	0.19557498	
0.060884435	0.4328466	-0.8779373	0.19535351	
0.061746202	0.43208116	-0.8783004	0.19514571	
0.062551945	0.43135548	-0.87865245	0.19490936	
0.063339025	0.43062267	-0.87901413	0.19464433	
0.0640168	0.42990646	-0.8793617	0.19443573	
0.06455752	0.42927074	-0.8796542	0.19433859	
0.06493362	0.42874673	-0.8798651	0.19441569	
0.065162085	0.42836872	-0.8799841	0.19463408	
0.0652928	0.42811182	-0.880032	0.19493791	
0.06535717	0.4279183	-0.8800447	0.19528347	
0.06541614	0.42768613	-0.88006544	0.19567874	
0.0654852	0.42748106	-0.88009614	0.19596574	
0.06561345	0.42718774	-0.88015676	0.1962897	
0.06578813	0.42683405	-0.8802393	0.19663022	
0.066025846	0.42645383	-0.88032264	0.1970022	
0.06625788	0.42614493	-0.8803769	0.1973499	
0.06657808	0.42578638	-0.8804166	0.1978387	
0.06677466	0.42575642	-0.8803599	0.19808918	
0.066931896	0.42582396	-0.8802834	0.19823065	
0.06699176	0.4259835	-0.88019186	0.19827384	
0.06693784	0.42619765	-0.880099	0.19824441	
0.06682687	0.42639104	-0.88002753	0.19818272	
0.06678365	0.4264857	-0.8800023	0.19810551	
0.06690591	0.42642424	-0.88003916	0.1980334	
0.06717731	0.42621383	-0.8801342	0.19797158	
0.06749622	0.42591766	-0.880271	0.19789284	
0.067762956	0.42562616	-0.88042086	0.19776173	
0.06798544	0.42535537	-0.88057137	0.19759823	
0.0681689	0.4251254	-0.8807065	0.19742748	
0.06817685	0.42500597	-0.8808022	0.19725427	
0.06826775	0.42496872	-0.88084006	0.1971346	
0.06835074	0.42489186	-0.8809054	0.19697928	
0.068508975	0.42472145	-0.88101697	0.1967923	
0.06873691	0.4244488	-0.8811791	0.19657575	
0.068994105	0.42409602	-0.8813891	0.19630514	
0.06923941	0.42372572	-0.88161224	0.19601624	
0.06946312	0.42332873	-0.8818371	0.19578314	
0.06959871	0.42295504	-0.88203794	0.19563803	
0.06967319	0.42257625	-0.8822312	0.19555846	
0.06972487	0.4222937	-0.88236237	0.19555876	
0.06980415	0.42199945	-0.8824864	0.1956061	
0.06987479	0.4217336	-0.8825932	0.195672	
0.06990772	0.4215521	-0.8826727	0.19569303	
0.069929	0.4213748	-0.8827581	0.1956817	
0.06992131	0.42123243	-0.88283247	0.19565573	
0.06986704	0.42116225	-0.88287675	0.19562656	
0.069742285	0.4211761	-0.8828941	0.19556256	
0.06958492	0.4212529	-0.88289046	0.19546957	
0.06946197	0.4213367	-0.88288474	0.19535856	
0.069419086	0.42137653	-0.8829031	0.1952049	
0.069492854	0.42132425	-0.8829679	0.19499844	
0.06967962	0.42115808	-0.8831014	0.19468628	
0.0700262	0.42083782	-0.8833381	0.19417956	
0.07035846	0.42038405	-0.8836602	0.19357581	
0.070470214	0.4200141	-0.8839749	0.19290064	
0.07040391	0.4197008	-0.88431317	0.19205396	
0.07031844	0.41949055	-0.8845671	0.19137438	
0.070269704	0.4193678	-0.8847293	0.19091083	
0.07029657	0.41937485	-0.8847757	0.19067031	
0.07031184	0.41946375	-0.8847192	0.19073138	
0.070324995	0.4195613	-0.8846411	0.19087371	
0.070325166	0.41960165	-0.884582	0.19105925	
0.0702986	0.41952115	-0.88458705	0.19122171	
0.07027198	0.4193096	-0.88467675	0.19128068	
0.07029213	0.41897923	-0.88484657	0.19121188	
0.070363656	0.4185676	-0.8850748	0.19103065	
0.07048159	0.41813582	-0.88532764	0.19076107	
0.07057733	0.4177762	-0.8855715	0.1903816	
0.07068328	0.4175347	-0.88576704	0.18996179	
0.070853904	0.41741365	-0.88587904	0.18964154	
0.071107626	0.4173843	-0.8859202	0.18941875	
0.07138312	0.41743165	-0.8859145	0.18923771	
0.07162128	0.4175542	-0.8858743	0.18906593	
0.07176631	0.41773435	-0.8858142	0.18889432	
0.07179225	0.41793934	-0.88577026	0.18863615	
0.07184899	0.41818887	-0.8858348	0.18775633	
0.071797766	0.41817364	-0.8858348	0.18781044	
0.07186209	0.41819862	-0.8859285	0.18728702	
0.071997456	0.4181561	-0.8860801	0.18661231	
0.07198174	0.41815203	-0.8860806	0.18662478	
0.07212324	0.41821745	-0.8861281	0.18619725	
0.07228447	0.41839734	-0.8860632	0.1860395	
0.072356366	0.41857517	-0.8859646	0.18608083	
0.07234517	0.418821	-0.8858146	0.18624672	
0.072296254	0.41902915	-0.88566893	0.1864899	
0.07216581	0.4192504	-0.88551265	0.18678501	
0.07202395	0.41934812	-0.8854137	0.18708952	
0.07186452	0.41941428	-0.88534164	0.18734339	
0.071760416	0.4194424	-0.8853055	0.18749045	
0.07169054	0.4194601	-0.8852704	0.18764366	
0.071670204	0.41948825	-0.8852132	0.187858	
0.07169377	0.41954634	-0.8851269	0.18812536	
0.07175308	0.41966668	-0.88500005	0.18843113	
0.07182379	0.41982222	-0.8848695	0.1886703	
0.07192898	0.42000625	-0.8847435	0.18881197	
0.0720533	0.42016715	-0.88466436	0.18877707	
0.07220159	0.4202993	-0.88463885	0.18854603	
0.07236393	0.42042416	-0.8847629	0.18762134	
0.07247881	0.42044696	-0.884752	0.18757683	
0.072544605	0.4205625	-0.8848282	0.18693212	
0.07261182	0.42070398	-0.8848987	0.18625273	
0.072684	0.420844	-0.88497615	0.18553922	
0.0728868	0.42090905	-0.88506496	0.18488714	
0.07317174	0.42087677	-0.8851792	0.18429959	
0.07347932	0.42077145	-0.88530564	0.18381004	
0.07373379	0.42065555	-0.8854098	0.18347149	
0.07390755	0.4205837	-0.88546014	0.183323	
0.073917724	0.42061317	-0.8854372	0.18336259