0.35868344	0.35268408	-0.8454646	0.17930369
0.35871738	0.35278738	-0.84536815	0.17948686
0.35872352	0.3528797	-0.8452769	0.17972283
0.3586944	0.35298547	-0.84519035	0.17998026
0.3586601	0.35309434	-0.84509987	0.18026002
0.3586678	0.35320568	-0.8449932	0.18052624
0.3586974	0.35332778	-0.84488195	0.18074922
0.3587494	0.35345504	-0.8447766	0.18088979
0.35883525	0.35355425	-0.84470135	0.18087643
0.358966	0.35359758	-0.84465367	0.18075499
0.35908714	0.35361886	-0.8446369	0.18055105
0.35913512	0.35364413	-0.84468096	0.18020007
0.35910946	0.35368636	-0.8447649	0.17977384
0.35904616	0.35371798	-0.844868	0.17935364
0.35903752	0.35370842	-0.8449583	0.17896353
0.3590609	0.353669	-0.84502995	0.17865618
0.35909247	0.35366148	-0.84506327	0.17844936
0.35914642	0.35368845	-0.8450399	0.17839824
0.35922083	0.3537172	-0.84497803	0.17848462
0.35929424	0.35372844	-0.8449088	0.17864232
0.3593609	0.3536691	-0.84488195	0.17875257
0.35943246	0.35354725	-0.84489006	0.1788115
0.35952064	0.3534065	-0.8449137	0.17880084
0.3596152	0.3533001	-0.84492856	0.17875074
0.35973507	0.3532576	-0.8449008	0.17872488
0.3598401	0.3532843	-0.84484816	0.17870885
0.3599041	0.35335743	-0.8447937	0.17869274
0.35994217	0.35345465	-0.84473056	0.17872252
0.3599565	0.35355836	-0.84465736	0.17883463
0.35994995	0.3536777	-0.8445762	0.1789949
0.3599034	0.35384575	-0.84448427	0.17919
0.3598196	0.35405183	-0.84438914	0.17939958
0.35972577	0.35427752	-0.8442875	0.17962052
0.35965997	0.35448298	-0.8441808	0.17984854
0.35962027	0.35463646	-0.8440868	0.18006606
0.35960743	0.35473314	-0.8440103	0.18025984
0.35962722	0.35480082	-0.84394044	0.18041378
0.35969868	0.35486975	-0.8438552	0.18053521
0.35981575	0.35496446	-0.84374756	0.18061827
0.35992718	0.3550976	-0.84364307	0.1806227
0.35999212	0.35524938	-0.84358376	0.1804718
0.36006418	0.3553966	-0.84352154	0.18032892
0.360127	0.35553864	-0.84347314	0.18014972
0.36019498	0.35565224	-0.8434301	0.17999092
0.3602718	0.35575595	-0.8433774	0.1798791
0.36032227	0.3558504	-0.8433245	0.17983942
0.36037308	0.35593098	-0.84326464	0.17985871
0.36044645	0.35595876	-0.84321296	0.17989908
0.3605625	0.35592592	-0.84316206	0.1799699
0.36070055	0.35586658	-0.8431029	0.18008779
0.36084807	0.3558242	-0.843018	0.18027347
0.36094743	0.35583067	-0.84293103	0.18046854
0.360996	0.35588863	-0.84284395	0.18066391
0.36098754	0.35598934	-0.8427724	0.18081594
0.36095363	0.3561283	-0.8427071	0.1809141
0.36090252	0.35628974	-0.8426514	0.18095762
0.36082372	0.35645187	-0.8426199	0.18094242
0.36075062	0.35659352	-0.8425985	0.18090886
0.36070323	0.35668755	-0.84257895	0.18090904
0.36065012	0.35676885	-0.8425606	0.18093951
0.3605808	0.3568339	-0.84255487	0.1809762
0.36053282	0.3568657	-0.842548	0.181041
0.36049503	0.35686752	-0.8425488	0.1811092
0.36045367	0.356852	-0.84256524	0.18114561
0.36039644	0.35681987	-0.84260577	0.18113439
0.36032325	0.35676745	-0.84267294	0.18107082
0.36022827	0.35671273	-0.84275615	0.18097998
0.36014152	0.35667497	-0.8428211	0.18092445
0.36012012	0.35669267	-0.8427937	0.1810598
0.36008143	0.3567096	-0.8427742	0.181194
0.3601645	0.3566945	-0.84269273	0.18143782
0.36024228	0.35668987	-0.84261626	0.18164761
0.36033738	0.35670364	-0.8425383	0.18179317
0.36039174	0.35674837	-0.8424905	0.18181948
0.3603468	0.3568037	-0.84252304	0.1816491
0.36029485	0.35687393	-0.8425583	0.1814503
0.36026108	0.3569641	-0.8425691	0.1812898
0.36023808	0.35707942	-0.8425487	0.18120307
0.36021796	0.35720924	-0.8425034	0.181198
0.36022598	0.35730922	-0.8424403	0.18127845
0.360227	0.35728988	-0.8424386	0.18132252
0.36022034	0.35744023	-0.84233785	0.18150699
0.3601016	0.3575585	-0.842307	0.18165289
0.36001176	0.35764447	-0.84228295	0.18177296
0.35994482	0.35773754	-0.84224635	0.1818919
0.35992047	0.35781506	-0.84220827	0.18196401
0.359904	0.35791865	-0.84216565	0.18199024
0.35988075	0.35805172	-0.8421248	0.18196382
0.3598608	0.35819846	-0.84208006	0.18192096
0.3598392	0.35835433	-0.8420299	0.1818888
0.3598137	0.35850018	-0.84198964	0.18183833
0.35976467	0.35864788	-0.8419646	0.18176046
0.35971352	0.35880297	-0.8419426	0.18165684
0.35965064	0.35898387	-0.84191895	0.18153371
0.35959452	0.3593261	-0.84183395	0.18136205
0.3596053	0.35948017	-0.84177434	0.18131188
0.35966122	0.35961735	-0.841692	0.18131156
0.35971582	0.3597278	-0.84161836	0.1813261
0.35976982	0.3598589	-0.84153765	0.18133317
0.35978	0.36003417	-0.841463	0.18131138
0.35976845	0.36026752	-0.8413659	0.18132173
0.35978097	0.36053696	-0.84124714	0.18131194
0.35977808	0.3608832	-0.8410918	0.18134993
0.35977364	0.3612635	-0.8409128	0.18143116
0.35977536	0.36166385	-0.84071	0.18157054
0.35976416	0.3620556	-0.8405028	0.18177062
0.35971746	0.36244646	-0.8403051	0.18199822
0.35961404	0.36290544	-0.84009355	0.18226412
0.35950178	0.36326966	-0.8399398	0.18246914
0.35934561	0.36371884	-0.83976024	0.18270767
0.35922733	0.36409768	-0.8396091	0.18288018
0.35908315	0.3645377	-0.83943737	0.18307495
0.35893947	0.36495286	-0.839271	0.18329239
0.3587987	0.36536977	-0.8390884	0.18357305
0.3586546	0.36578047	-0.8388987	0.18390366
0.3585129	0.36621198	-0.8386877	0.1842831
0.35839438	0.3666351	-0.8384625	0.18469684
0.35830837	0.36704203	-0.8382268	0.18512462
0.35822308	0.36746368	-0.83799016	0.18552387
0.35808572	0.3680485	-0.83768195	0.1860218
0.35816488	0.36808148	-0.837649	0.1859519
0.35782537	0.36905366	-0.8372133	0.18664002
0.35764408	0.36963555	-0.8369608	0.18696807
0.35718226	0.3706884	-0.8365701	0.18751362
0.35700214	0.3711817	-0.8363872	0.18769673
0.35689056	0.37157747	-0.8362386	0.18778847
0.35677627	0.37193164	-0.8361092	0.18788058
0.35670263	0.37224483	-0.8359815	0.18796845
0.35673502	0.3724923	-0.8358271	0.18810281
0.3567734	0.3727411	-0.83566135	0.1882739
0.3567792	0.37298226	-0.8355211	0.18840727
0.35673034	0.3733039	-0.8353732	0.18851879
0.35662046	0.37368384	-0.835233	0.18859532
0.35648295	0.37408817	-0.83509177	0.18867882
0.3563557	0.37449396	-0.8349292	0.18883349
0.35628244	0.3748758	-0.8347279	0.1891039
0.35625207	0.3752562	-0.8344798	0.18950151
0.3562062	0.37568006	-0.834197	0.18999195
0.35609198	0.37620956	-0.8338806	0.19054663
0.35596168	0.37661284	-0.83367425	0.19089663
0.3557672	0.37706465	-0.8334893	0.19117454
0.3555669	0.3774957	-0.8333375	0.19135827
0.35538983	0.37789643	-0.8332089	0.19145603
0.35522425	0.37832847	-0.8330687	0.19151944
0.3551035	0.37875712	-0.8329072	0.19159931
0.3550165	0.37916476	-0.8327227	0.19175565
0.35493264	0.3795363	-0.8325383	0.19197659
0.35481018	0.37989	-0.83236146	0.1922699
0.35467252	0.38021007	-0.8321939	0.19261634
0.35454476	0.3805149	-0.83202076	0.19299741
0.35441494	0.38082406	-0.8318458	0.19337974
0.35430348	0.3811498	-0.83166575	0.19371633
0.3541907	0.3815265	-0.8314657	0.19403954
0.3540862	0.38195825	-0.83123964	0.19434881
0.35398492	0.38246188	-0.8309743	0.19467771
0.35386556	0.38309088	-0.8306542	0.19502397
0.35374388	0.38368598	-0.8303535	0.19535461
0.3535362	0.38439545	-0.8300262	0.19572666
0.3535362	0.38439545	-0.8300262	0.19572666
0.35323146	0.38538757	-0.8295701	0.19625862
0.3528088	0.38658834	-0.8290564	0.19682741
0.35254171	0.38734487	-0.8287189	0.19723977
0.3522687	0.38810566	-0.8283693	0.19769946
0.35198373	0.3888498	-0.82802504	0.19818631
0.3516867	0.38959977	-0.82767826	0.19868866
0.35139441	0.39035705	-0.8273237	0.19919583
0.3510858	0.39110768	-0.826975	0.19971442
0.35076994	0.3918264	-0.8266452	0.2002259
0.35043973	0.39250034	-0.8263459	0.20071867
0.3500828	0.39320782	-0.8260301	0.20125619
0.34980574	0.39378127	-0.8257698	0.20168427
0.34954005	0.39440274	-0.8254872	0.202087
0.34907547	0.3957533	-0.82486784	0.20277804
0.34886137	0.3964521	-0.8245569	0.20304549
0.34866592	0.39723662	-0.82419074	0.20333399
0.3485476	0.39780062	-0.8239199	0.20353219
0.34843755	0.3984366	-0.8235945	0.20379345
0.3483464	0.39901504	-0.82328844	0.20405413
0.34826228	0.39956856	-0.82299453	0.20429978
0.34818643	0.4001036	-0.8227045	0.20454997
0.34813696	0.40065986	-0.82238424	0.20483318
0.3481	0.40130612	-0.82200724	0.2051435
0.34802872	0.40202156	-0.8215953	0.20551383
0.3479284	0.4027279	-0.82118666	0.20593329
0.3477826	0.40355933	-0.8206843	0.20655337
0.3476542	0.40422314	-0.82028055	0.2070752
0.34750485	0.40494898	-0.81985027	0.20761107
0.34731516	0.40576142	-0.81938845	0.20816475
0.34708333	0.40664822	-0.8188993	0.20874494
0.34683505	0.40753838	-0.81841666	0.20931377
0.34625039	0.4093294	-0.8174383	0.210606
0.34629586	0.40935692	-0.8174203	0.21054754
0.34611845	0.41002586	-0.8170446	0.21099515
0.34586185	0.41080526	-0.8166222	0.21153496
0.3455622	0.41170838	-0.8161428	0.2121179
0.34535015	0.41242966	-0.81576127	0.21252963
0.34519577	0.41311133	-0.81538755	0.21288978
0.3450284	0.4140547	-0.8148604	0.21334624
0.3450467	0.41405225	-0.81485206	0.21335334
0.3448114	0.41541502	-0.8141172	0.21388952
0.3446524	0.41623643	-0.8136866	0.21418698
0.34444842	0.41715086	-0.8132195	0.21451023
0.34422365	0.4180947	-0.81274617	0.21482709
0.34400618	0.41904438	-0.812267	0.21513689
0.34375545	0.42009944	-0.81173843	0.21547495
0.3436018	0.4209032	-0.81131536	0.21574478
0.34341928	0.42173553	-0.81087536	0.21606381
0.34326717	0.42247015	-0.81047547	0.21637046
0.34310874	0.42323157	-0.81005895	0.21669327
0.34291556	0.42398	-0.80966204	0.2170191
0.34275034	0.42463675	-0.809313	0.21729808
0.3421432	0.4261611	-0.8085752	0.2180163
0.34190276	0.42685354	-0.8081972	0.21843927
0.34166455	0.42749617	-0.80782354	0.21893784
0.34142244	0.4281167	-0.8074391	0.21951997
0.34116995	0.42874563	-0.80703026	0.2201871
0.34120196	0.42874295	-0.8070159	0.22019604
0.3405178	0.43031436	-0.8060499	0.22172238
0.34052044	0.4303155	-0.8060488	0.22172004
0.33985674	0.4317136	-0.8052871	0.22278547
0.33946478	0.43259618	-0.8047988	0.22343518
0.3391702	0.43330535	-0.80439496	0.22396205
0.33888537	0.43403727	-0.80397016	0.22450045
0.33861232	0.4347416	-0.80356216	0.2250096
0.33813292	0.43604466	-0.8028147	0.22587568
0.33795136	0.43663883	-0.8024553	0.22627631
0.33779168	0.4372402	-0.8020786	0.22668879
0.33768073	0.43779597	-0.80170125	0.2271157
0.33758864	0.4383748	-0.80128473	0.22760545
0.33747584	0.43899652	-0.80085456	0.22808786
0.3373179	0.43967333	-0.80042166	0.22853722
0.33711544	0.44040734	-0.7999883	0.22893932
0.33686846	0.44116712	-0.7995773	0.22927547
0.33658063	0.44197258	-0.7991682	0.22957338
0.336299	0.4427952	-0.79874504	0.22987384
0.33604345	0.44373658	-0.79817194	0.23042151
0.33583888	0.44439733	-0.7977729	0.2308283
0.33561534	0.445155	-0.7972773	0.23140518
0.33532164	0.445904	-0.7967929	0.23205645
0.3350086	0.4466303	-0.7963226	0.23272552
0.33471492	0.44734418	-0.7958618	0.23335233
0.33441758	0.44806772	-0.79541713	0.23390572
0.33414048	0.44878927	-0.7949811	0.23439986
0.33393642	0.4494718	-0.7945455	0.23486015
0.33379114	0.45011547	-0.79410636	0.23531842
0.33366236	0.45074484	-0.79365605	0.235815
0.33352527	0.4513653	-0.79319733	0.23636495
0.33334494	0.4520162	-0.7927137	0.23699714
0.33311605	0.45267117	-0.7922388	0.23765597
0.33282158	0.45335126	-0.79177564	0.23831476
0.33244482	0.45409924	-0.79131794	0.2389358
0.33199906	0.45484576	-0.79091823	0.23945853
0.33149868	0.45562243	-0.79051554	0.24000426
0.33105433	0.45632094	-0.79012316	0.24058191
0.3306483	0.45698884	-0.7897025	0.24125294
0.33019707	0.45775864	-0.7891887	0.24209152
0.32985345	0.4583612	-0.7887826	0.24274212
0.32949576	0.45901486	-0.78834814	0.24340327
0.32915428	0.45967317	-0.78792244	0.24400085
0.32883665	0.4603335	-0.7875071	0.24452448
0.32854307	0.46098962	-0.7871036	0.24498163
0.3282851	0.4616376	-0.78669184	0.2454298
0.32801822	0.46229473	-0.78626496	0.24591653
0.32769608	0.463032	-0.78577906	0.24651147
0.32745668	0.4635781	-0.78542584	0.24692893
0.32715243	0.46431556	-0.7849526	0.24745075
0.32690504	0.4649277	-0.7845619	0.24786697
0.32665697	0.46561298	-0.7841025	0.24836102
0.32641274	0.46629348	-0.7836311	0.24889244
0.32610863	0.46704048	-0.7831206	0.2494963
0.32572132	0.46785226	-0.78258157	0.25017202
0.32526577	0.46871772	-0.7820079	0.25093758
0.32477736	0.46961924	-0.7814006	0.25177503
0.32425493	0.47056815	-0.7807671	0.2526403
0.32368484	0.4715959	-0.7801128	0.2534749
0.3230084	0.47280934	-0.77939713	0.25427762
0.32242757	0.47382182	-0.77885586	0.25478813
0.3217865	0.47492588	-0.778307	0.2552198
0.32110485	0.47610456	-0.7777389	0.25561398
0.3204482	0.4772448	-0.7771906	0.2559792
0.31983045	0.47835693	-0.7766263	0.2563879
0.319279	0.47938517	-0.77606463	0.25685507
0.31881884	0.48031592	-0.77550155	0.2573881
0.31843266	0.48121768	-0.77490807	0.25796857
0.31811407	0.48201603	-0.7743702	0.25848562
0.31780255	0.48280555	-0.77384496	0.25896788
0.31743252	0.48368546	-0.7733039	0.2593957
0.31705496	0.48455653	-0.77276134	0.25984836
0.31664857	0.4854503	-0.7721998	0.2603442
0.31570476	0.4873053	-0.7709826	0.26162925
0.31525275	0.48817763	-0.7703952	0.26227766
0.3148507	0.48902613	-0.76983345	0.2628286
0.31445858	0.4898451	-0.76930606	0.26331696
0.31411794	0.4907035	-0.7687766	0.26367158
0.31379724	0.49163654	-0.7682043	0.26398316
0.31380808	0.49163285	-0.76819885	0.26399285
0.3134843	0.49291274	-0.7673884	0.26434758
0.3133472	0.4935979	-0.76692015	0.26459095
0.3132296	0.49426514	-0.7664406	0.2648742
0.31313556	0.49478203	-0.76605844	0.26512524
0.31300893	0.49528924	-0.7657023	0.26535642
0.31268755	0.49621195	-0.76511765	0.26569766
0.3124968	0.4966646	-0.76482457	0.26591998
0.31225023	0.49717483	-0.76442546	0.26640338
0.3122295	0.49711886	-0.76442754	0.266526
0.3118094	0.49804565	-0.7636688	0.26746118
0.31152934	0.49858418	-0.76320374	0.26811084
0.3112425	0.49913356	-0.7627226	0.26878986
0.31096518	0.49969473	-0.7622173	0.2695009
0.31071168	0.5002054	-0.76175845	0.27014247
0.3104615	0.5007026	-0.761319	0.27074695
0.31025097	0.5011536	-0.76090205	0.27132556
0.31011495	0.5015758	-0.76047355	0.2719014
0.30989134	0.5023548	-0.7597426	0.27276057
0.3097848	0.5022975	-0.75978345	0.27287337
0.30943078	0.50340575	-0.75883335	0.2738742
0.3091534	0.50412226	-0.7582401	0.274512
0.30891368	0.50483984	-0.75762707	0.27515525
0.3087237	0.50552374	-0.7570255	0.27576816
0.3084775	0.5062366	-0.75646275	0.2762794
0.30828896	0.5069238	-0.7559241	0.276704
0.30818906	0.5075757	-0.75537723	0.27711335
0.30821246	0.508166	-0.75481486	0.2775373
0.30839837	0.508624	-0.7542567	0.27800912
0.308693	0.5090052	-0.75368595	0.27853197
0.30907312	0.5094462	-0.75305206	0.2790183
0.30949694	0.5103921	-0.7519483	0.27979526
0.30962053	0.51079816	-0.75151616	0.2800782
0.30978402	0.51104605	-0.7511669	0.28038216
0.31000245	0.511158	-0.7508518	0.28078005
0.31053698	0.5112736	-0.7501556	0.2818377
0.31079167	0.5112917	-0.74977136	0.28254628
0.31109086	0.5112786	-0.74933165	0.28340572
0.31139672	0.51124096	-0.7488785	0.28433388
0.31154054	0.511377	-0.74834085	0.2853456
0.31169772	0.5115073	-0.74780697	0.28633845
0.31175297	0.5117428	-0.74724996	0.28730974
0.31175813	0.5119882	-0.74674827	0.2881702
0.31177154	0.5121972	-0.7462951	0.28895724
0.31188262	0.5124853	-0.7454514	0.29049993
0.31205234	0.512536	-0.7450383	0.29128712
0.31231096	0.51256406	-0.7446108	0.29205257
0.3126785	0.5126281	-0.74415743	0.29270187
0.3132453	0.51261026	-0.74380887	0.2930127
0.3140764	0.51251775	-0.74343157	0.29324225
0.31475502	0.5124437	-0.7431531	0.29335004
0.31551683	0.51240015	-0.7428257	0.29343706
0.31625286	0.5123875	-0.74247587	0.2935521
0.31688836	0.51241684	-0.7421105	0.29373956
0.317458	0.5124934	-0.7417133	0.29399404
0.31791878	0.51259637	-0.7413219	0.29430345
0.31828243	0.51273966	-0.740923	0.29466513
0.31860116	0.5129216	-0.74049133	0.29508874
0.3189029	0.5130826	-0.7400539	0.29557985
0.3192512	0.5132571	-0.73952734	0.29621807
0.31959024	0.513445	-0.7389657	0.29692787
0.31991056	0.5137073	-0.7383461	0.29766956
0.32020482	0.514067	-0.73766905	0.29840994
0.320478	0.51442194	-0.737074	0.2989747
0.32083544	0.5147644	-0.73647934	0.29946706
0.3213945	0.5150713	-0.7358011	0.30000657
0.32135522	0.5151199	-0.7358273	0.29990065
0.3224471	0.5150917	-0.7349948	0.30081722
0.3231119	0.51498747	-0.73455805	0.301349
0.32391858	0.5146974	-0.73410517	0.30208117
0.32392251	0.51474583	-0.73411	0.30198273
0.3252055	0.5141864	-0.73351866	0.30299214
0.3259274	0.51388675	-0.7332298	0.30342343
0.3266496	0.5136213	-0.7329558	0.30375826
0.32738623	0.51339	-0.7326707	0.30404374
0.3281516	0.51319903	-0.73235464	0.30430242
0.3287987	0.513045	-0.7320814	0.30452105
0.32943594	0.51290816	-0.7317738	0.30480224
0.33006945	0.512818	-0.7314207	0.30511606
0.33065632	0.5128089	-0.73103064	0.30543035
0.33121672	0.5128779	-0.7305885	0.30576506
0.33175126	0.51298666	-0.73012	0.30612198
0.33228728	0.5130813	-0.7296308	0.30654794
0.33278543	0.51313174	-0.7291607	0.3070415
0.3332203	0.51315695	-0.72871995	0.30757365
0.3335786	0.5131632	-0.7283145	0.30813453
0.33385906	0.51313937	-0.7279587	0.30871063
0.3341007	0.5130649	-0.7276612	0.30927402
0.33434635	0.5129416	-0.7274088	0.3098064
0.3346929	0.5127497	-0.72711706	0.31043422
0.33499193	0.51260155	-0.72688484	0.3108997
0.3353486	0.5124776	-0.72658	0.31143153
0.3357058	0.512416	-0.72623086	0.31196207
0.33603725	0.5123913	-0.7258963	0.31242403
0.33637264	0.51235664	-0.7255967	0.31281546
0.33675563	0.5122938	-0.7253159	0.31315738
0.3370489	0.5122306	-0.7251462	0.31333858
0.3374273	0.51213247	-0.72497463	0.31348854
0.33829832	0.5120667	-0.7244869	0.31378442
0.33831948	0.51204705	-0.7244732	0.31382537
0.33883396	0.5119955	-0.7241195	0.31417063
0.33925247	0.5118874	-0.72384036	0.31453818
0.33967733	0.5117295	-0.7235591	0.3149833
0.34012127	0.51158106	-0.7232609	0.31543013
0.3405703	0.51140124	-0.7230727	0.3156683
0.34095967	0.5111883	-0.72301203	0.31573182
0.34141776	0.51087403	-0.723049	0.31566086
0.3419335	0.51047343	-0.7231588	0.31549922
0.34244183	0.51005846	-0.72328675	0.31532565
0.34300935	0.5095905	-0.72339815	0.3152098
0.343657	0.50904334	-0.72347474	0.31521276
0.3443411	0.5084515	-0.7235238	0.31530893
0.3450456	0.50786805	-0.7235474	0.3154249
0.34621072	0.50691384	-0.72365475	0.31543684
0.34625202	0.50690323	-0.7236313	0.31546232
0.3468744	0.5063605	-0.7237743	0.31532207
0.347446	0.5057984	-0.7239886	0.31510302
0.3480169	0.5052007	-0.72425044	0.3148298
0.34862882	0.5045514	-0.72451895	0.3145762
0.34930673	0.5038139	-0.7247936	0.31437328
0.35006922	0.50294906	-0.7250915	0.3142229
0.3508559	0.50202715	-0.72538394	0.314145
0.3516819	0.50103444	-0.7256919	0.31409487
0.35248417	0.50004184	-0.72603494	0.31398463
0.35321	0.49911988	-0.7264005	0.31379032
0.35398024	0.49808425	-0.7268816	0.31345376
0.35473868	0.4969897	-0.7274341	0.3130519
0.35540316	0.4960312	-0.7279678	0.31257728
0.35606858	0.49505162	-0.72851354	0.3121011
0.35668722	0.49417797	-0.72897017	0.31171307
0.35723358	0.4933624	-0.729354	0.31148115
0.35771862	0.4926954	-0.72960496	0.31139243
0.35813797	0.4921063	-0.7297632	0.31147113
0.35851842	0.4915881	-0.72988147	0.31157482
0.358906	0.49107575	-0.7299942	0.3116723
0.35918728	0.4907119	-0.73009	0.311697
0.35945058	0.4903779	-0.7302122	0.31163266
0.35971317	0.49005243	-0.7303573	0.31150174
0.36005363	0.48966667	-0.73047656	0.31143528
0.36041024	0.48925447	-0.73061264	0.31135163
0.3607954	0.48878834	-0.73078084	0.3112427
0.36120397	0.48827058	-0.731	0.3110668
0.3616369	0.48768905	-0.7312961	0.3107799
0.36210388	0.48702	-0.73167545	0.31039232
0.36265433	0.48619768	-0.7321544	0.30990908
0.36327362	0.4852469	-0.73270094	0.3093817
0.36394727	0.48418164	-0.7332941	0.3088532
0.364667	0.48304012	-0.7338959	0.30836186
0.36542332	0.48181394	-0.73451203	0.30791765
0.3660459	0.48076826	-0.7350177	0.30760586
0.36666927	0.47966444	-0.7355505	0.30731267
0.36722064	0.47865582	-0.7360402	0.3070548
0.36770463	0.47770467	-0.7365243	0.3067956
0.36814535	0.47681904	-0.73698336	0.30654225
0.36851826	0.4760439	-0.7373891	0.30632317
0.3687676	0.47533345	-0.7378174	0.30609503
0.36898753	0.47465104	-0.73824805	0.30585018
0.3691942	0.47391242	-0.738724	0.30559698
0.36946794	0.473102	-0.7392148	0.305335
0.369783	0.47223416	-0.7397484	0.30500454
0.37020028	0.471311	-0.7402764	0.30464506
0.3707031	0.4703205	-0.7408357	0.3042045
0.3711862	0.46934798	-0.7413988	0.3037452
0.3716645	0.46836346	-0.7419881	0.30324063
0.3722403	0.46710125	-0.74277335	0.30255827
0.37225166	0.4670988	-0.7427668	0.30256417
0.37294126	0.4655388	-0.74372387	0.30176708
0.37337872	0.46460807	-0.7442769	0.30129665
0.37389472	0.4635549	-0.7448971	0.30074555
0.3742922	0.46275544	-0.745382	0.30028072
0.37473628	0.46181595	-0.7459842	0.29967728
0.37553146	0.45989332	-0.7473067	0.29834035
0.37586057	0.4589405	-0.7479896	0.29768112
0.37619457	0.45795906	-0.7486694	0.2970613
0.37655327	0.45700753	-0.74927086	0.29655546
0.37700516	0.45598128	-0.74985534	0.29608312
0.3775142	0.454996	-0.7503763	0.29563007
0.37801582	0.45411482	-0.7508478	0.29514652
0.37855655	0.4532224	-0.7513524	0.2945402
0.37902388	0.45243594	-0.75182813	0.29393384
0.3794537	0.45163745	-0.752352	0.29326627
0.37980795	0.4509167	-0.75283957	0.29266515
0.3801385	0.45017007	-0.75333536	0.29210883
0.38050807	0.4492918	-0.75385237	0.2916457
0.3808087	0.44857147	-0.75427705	0.29126385
0.38120776	0.44764155	-0.7547632	0.29091296
0.38167223	0.44659433	-0.75531274	0.29048666
0.382037	0.44576272	-0.7557538	0.29013732
0.38246885	0.44477946	-0.75627977	0.28970632
0.3828769	0.44386187	-0.7567675	0.28930077
0.38330224	0.44296512	-0.7572262	0.28891137
0.38377705	0.44200587	-0.75768954	0.2885354
0.38424665	0.44106522	-0.75812066	0.2882172
0.38473445	0.4400779	-0.75856537	0.2879055
0.38513458	0.4392072	-0.75897604	0.28761762
0.38550127	0.43836457	-0.75938565	0.28733036
0.38582882	0.4376118	-0.7597542	0.28706422
0.38615128	0.4369399	-0.7600695	0.286819
0.3864965	0.43631595	-0.7603391	0.28658953
0.38685837	0.4357616	-0.7605467	0.28639343
0.38727915	0.43520948	-0.7607111	0.28622735
0.38727775	0.4352179	-0.760713	0.2862119
0.3879923	0.4343863	-0.7609476	0.28588352
0.38863683	0.43362448	-0.76119924	0.28549436
0.3893895	0.4327024	-0.76154006	0.28495848
0.39000168	0.43192285	-0.76184547	0.28448704
0.39064196	0.43109524	-0.7621657	0.28400573
0.3913764	0.43014923	-0.7625019	0.28352648
0.39198768	0.4293955	-0.76273155	0.28320634
0.39267188	0.42860073	-0.7629341	0.28291675
0.3933366	0.42784584	-0.76311386	0.2826509
0.39396548	0.4271369	-0.763287	0.2823797
0.3945889	0.4264201	-0.76348704	0.2820517
0.39520696	0.42563877	-0.7637468	0.28166288
0.39589265	0.42476308	-0.764062	0.28116646
0.39666826	0.42378056	-0.7643767	0.2807006
0.3976225	0.42252508	-0.7647414	0.2802493
0.3984633	0.42135724	-0.7650739	0.27990544
0.39936993	0.42000845	-0.7654897	0.27950364
0.40018857	0.41869637	-0.76595545	0.2790248
0.40100533	0.4173559	-0.76648027	0.27841848
0.40181288	0.41601524	-0.7670316	0.27774155
0.40262052	0.4147012	-0.76757574	0.27703285
0.40345395	0.41336983	-0.7681227	0.27629313
0.40427196	0.41207382	-0.76862955	0.27562293
0.405099	0.41072157	-0.76913214	0.27502438
0.40584502	0.4093818	-0.769633	0.27452055
0.40655005	0.40793225	-0.7702111	0.27401352
0.4069778	0.40692675	-0.7706418	0.27366206
0.4074031	0.40583214	-0.7711371	0.27325898
0.4077863	0.40477145	-0.7716398	0.27284178
0.40816835	0.40379596	-0.77207404	0.27248693
0.4085885	0.40281683	-0.7724696	0.27218515
0.4090754	0.40178964	-0.77282655	0.27195886
0.40959752	0.4007491	-0.77314067	0.27181566
0.4101469	0.399656	-0.77345717	0.27169594
0.4106743	0.39857852	-0.77379256	0.27152726
0.41091648	0.3977299	-0.7742188	0.2711899
0.41120854	0.3967733	-0.7747008	0.27077162
0.4113862	0.39590403	-0.7752537	0.27019128
0.41150147	0.39507142	-0.7758678	0.26947036
0.4116355	0.39423606	-0.77648455	0.26871172
0.41175592	0.39338988	-0.7771116	0.26795325
0.41192943	0.39252436	-0.77765644	0.2673751
0.41216752	0.39155987	-0.77818567	0.26688182
0.41245547	0.3904994	-0.77872586	0.2664147
0.4127386	0.38945955	-0.77926046	0.2659349
0.41300696	0.38843203	-0.7798192	0.2653826
0.41327226	0.38747498	-0.78035057	0.26480633
0.41357526	0.38645858	-0.78090817	0.26417398
0.41390848	0.38542542	-0.78145015	0.263558
0.41427812	0.38435966	-0.78197294	0.26298222
0.4146941	0.38327911	-0.7824551	0.2624688
0.41514236	0.38218755	-0.7829041	0.2620128
0.41562214	0.38110387	-0.78332573	0.2615702
0.41618484	0.37994543	-0.7837617	0.26105422
0.41675594	0.37882558	-0.7841999	0.26045394
0.41785422	0.37669265	-0.78512347	0.25900143
0.41838524	0.3756162	-0.7856345	0.2581568
0.41886786	0.3745615	-0.7861474	0.25734353
0.41936237	0.37334448	-0.78674185	0.25648862
0.41968918	0.37244657	-0.7871771	0.25592363
0.42005104	0.37137613	-0.7876791	0.2553402
0.42043528	0.37025735	-0.7881646	0.25483367
0.42087215	0.36909002	-0.7886178	0.2544036
0.4214434	0.36765903	-0.7891203	0.25397134
0.42184043	0.36664033	-0.789472	0.25369164
0.42227992	0.36544693	-0.7898792	0.25341454
0.4226957	0.36436814	-0.79023594	0.25316313
0.42336187	0.36262026	-0.79075724	0.25293133
0.42368644	0.36182898	-0.79097694	0.25283408
0.42401657	0.3610714	-0.7911964	0.25267696
0.4243677	0.36029065	-0.79144186	0.25243312
0.42473608	0.35947457	-0.7917204	0.2521035
0.42510718	0.35863853	-0.7920163	0.25173917
0.4256229	0.35748687	-0.79241496	0.25125054
0.42562437	0.35749248	-0.7924147	0.25124082
0.4262209	0.3562483	-0.79281056	0.25074732
0.42687777	0.35494837	-0.7932087	0.2502138
0.4272959	0.35417023	-0.79344124	0.24986535
0.42771426	0.35339472	-0.7936735	0.2495097
0.42819226	0.3524952	-0.79394424	0.24910073
0.42855328	0.3517846	-0.79416525	0.24877979
0.42891628	0.3510031	-0.79442614	0.24842438
0.4292333	0.3502436	-0.7947006	0.24807109
0.4295603	0.34943727	-0.79499084	0.24771224
0.4298958	0.3486507	-0.79525983	0.24737476
0.4302557	0.34786493	-0.7955175	0.24702641
0.43069565	0.34712797	-0.79574627	0.2465594
0.43112773	0.3464302	-0.7959726	0.24605463
0.43154684	0.34575915	-0.7962078	0.24550176
0.4319653	0.3450678	-0.7964696	0.24488866
0.43235278	0.34430152	-0.7967708	0.24430297
0.432813	0.343413	-0.79709417	0.24368279
0.4332993	0.3425047	-0.7973898	0.24312906
0.43383366	0.34156206	-0.7976808	0.24254727
0.43431246	0.34069172	-0.7979804	0.24192807
0.434745	0.33989635	-0.7982633	0.24133605
0.43510973	0.339141	-0.7985699	0.24072573
0.43538678	0.33843488	-0.79890424	0.24010882
0.43559226	0.33774012	-0.79927	0.23949671
0.4358164	0.336996	-0.7996397	0.23890209
0.43609032	0.33620146	-0.7999847	0.23836602
0.4364587	0.3352913	-0.80031705	0.2378579
0.4368656	0.33436286	-0.8006223	0.23738982
0.43738863	0.33319104	-0.8009901	0.23683274
0.43740612	0.33319288	-0.8009803	0.23683134
0.43804598	0.33149356	-0.8015783	0.23600855
0.4385876	0.32950872	-0.8023795	0.23505786
0.43881646	0.3284855	-0.80280083	0.23462357
0.43902916	0.32749864	-0.80320245	0.23423082
0.43921703	0.3265788	-0.8035892	0.23383546
0.43941236	0.32567954	-0.8039707	0.23341139
0.43964148	0.32481864	-0.80431247	0.23300189
0.4399468	0.32383734	-0.8046651	0.2325734
0.44029137	0.3228292	-0.80500096	0.2321606
0.4406248	0.32184282	-0.80533826	0.23172678
0.4409736	0.32083035	-0.80569017	0.23124358
0.4413047	0.31992894	-0.80601156	0.23074047
0.44161806	0.31908873	-0.80633503	0.23017357
0.44189447	0.31834826	-0.80663997	0.22959886
0.44214448	0.31772643	-0.806902	0.22905782
0.44235605	0.31713298	-0.8071661	0.22854058
0.44253242	0.3165198	-0.8074356	0.2280966
0.44273627	0.31577632	-0.8077493	0.22762044
0.4429688	0.3149729	-0.8080786	0.22711204
0.44323313	0.31407338	-0.8084524	0.22651082
0.44352984	0.31305733	-0.8088893	0.22577538
0.44384035	0.31201357	-0.8093475	0.22496681
0.44419786	0.31089485	-0.8098263	0.22408518
0.44457692	0.30973858	-0.81031275	0.22317412
0.44494438	0.30858743	-0.8107949	0.22228384
0.44528422	0.30744	-0.8112714	0.22145301
0.4455924	0.30627972	-0.8117454	0.22070293
0.4458597	0.30513656	-0.81221014	0.22003545
0.44612753	0.3038933	-0.81271565	0.21934515
0.4463584	0.30275425	-0.81319016	0.21869124
0.4465684	0.30164793	-0.8136702	0.21800496
0.44675153	0.3005423	-0.8141798	0.21725236
0.44691977	0.29939622	-0.8147234	0.21645014
0.4470902	0.29821974	-0.81527454	0.21564557
0.44722018	0.29721147	-0.81574327	0.21499409
0.44735128	0.2961214	-0.8162322	0.21436901
0.44745195	0.29499653	-0.8167322	0.21380442
0.44749254	0.29420218	-0.8170932	0.2134343
0.44752446	0.29322326	-0.8175457	0.21298155
0.44756758	0.2921992	-0.8180254	0.21245553
0.44779575	0.28992975	-0.8190552	0.21111217
0.44798186	0.28870252	-0.8195901	0.21032137
0.44827422	0.28733018	-0.8201312	0.20946705
0.4488735	0.2845255	-0.8212034	0.20780464
0.4493111	0.28284174	-0.8217783	0.20688295
0.4496298	0.28164867	-0.82217836	0.20622803
0.45000613	0.28023055	-0.82266057	0.20541367
0.4503503	0.27887124	-0.82314354	0.20457304
0.45064613	0.2775535	-0.8236502	0.20367254
0.45088062	0.2763861	-0.824128	0.2028067
0.4511146	0.2752494	-0.8245925	0.20194241
0.45136547	0.27415395	-0.82502395	0.2011079
0.45164138	0.2730916	-0.82542264	0.20029601
0.45191088	0.272068	-0.8258091	0.19948669
0.45215094	0.2710597	-0.8262146	0.1986341
0.45233467	0.27005127	-0.82666934	0.19769576
0.45244947	0.2690915	-0.8271567	0.19670078
0.45257315	0.26807722	-0.8276658	0.1956566
0.45275477	0.26698935	-0.8281576	0.19464079
0.4529454	0.26592404	-0.82862514	0.19366272
0.45314217	0.26482505	-0.8290936	0.19270119
0.45330825	0.26380756	-0.82952124	0.19186397
0.4534923	0.2627619	-0.8299256	0.19111374
0.45368558	0.2617197	-0.83030367	0.19044156
0.45387545	0.26068792	-0.830675	0.1897837
0.45405358	0.25971168	-0.8310485	0.1890601
0.45420226	0.2587455	-0.83143246	0.18833755
0.4543241	0.25796503	-0.8317752	0.18760014
0.45438257	0.2572268	-0.8321488	0.18681405
0.45443162	0.2565405	-0.8324966	0.1860867
0.45449263	0.25589904	-0.8328258	0.18534668
0.4545935	0.25521988	-0.8331518	0.18456884
0.45476738	0.25399026	-0.83377683	0.18300763
0.45487267	0.25347143	-0.83403105	0.18230602
0.4549982	0.25286573	-0.8343296	0.18146521
0.45511425	0.25219938	-0.834672	0.18052492
0.45520025	0.25160235	-0.8349859	0.17968754
0.45528078	0.2509753	-0.83531725	0.1788179
0.45535967	0.2503529	-0.8356456	0.17795382
0.45542923	0.2497381	-0.83596843	0.17712177
0.4555097	0.24908815	-0.8362847	0.1763353
0.45561564	0.24835728	-0.83660066	0.17559159
0.45575503	0.24748515	-0.83694	0.17484266
0.45588434	0.24663185	-0.83725333	0.1742096
0.4560161	0.24569906	-0.8375881	0.1735727
0.45616147	0.24467392	-0.8379493	0.1728948
0.4562836	0.2436779	-0.83832055	0.17217718
0.45639423	0.24264343	-0.8387247	0.1713752
0.45652825	0.24157317	-0.83914	0.17049506
0.45670524	0.2404644	-0.8395469	0.16958228
0.45710528	0.23804964	-0.8403816	0.1677674
0.45730785	0.23680823	-0.84079283	0.16690995
0.4574875	0.23551486	-0.8412236	0.16607454
0.45764852	0.23409073	-0.8417008	0.16522504
0.45781255	0.2326904	-0.8421706	0.16435194
0.4579972	0.23117046	-0.84268016	0.16336761
0.45824134	0.22967891	-0.8431408	0.1624074
0.458526	0.22817945	-0.8435716	0.16147771
0.45877048	0.22682004	-0.8439428	0.16075699
0.45899788	0.22549927	-0.8443012	0.16008337
0.45920852	0.22426075	-0.8446353	0.15945563
0.4594146	0.22305861	-0.8449554	0.15885077
0.45965287	0.22176877	-0.8452915	0.1581774
0.45987448	0.22065559	-0.8455853	0.15751901
0.46007258	0.21959731	-0.8458906	0.15677875
0.46021697	0.21871819	-0.8461802	0.1560184
0.46031365	0.21796851	-0.8464681	0.15521896
0.46034482	0.2173095	-0.84676427	0.15443315
0.46034333	0.21677212	-0.8470384	0.15368746
0.46029505	0.21626435	-0.84732425	0.1529707
0.4602632	0.21577388	-0.847579	0.15234624
0.4602238	0.21521762	-0.84785223	0.15173014
0.46018472	0.21462381	-0.8481287	0.15114437
0.46017197	0.21397421	-0.8484059	0.15054692
0.46018264	0.21325578	-0.8486917	0.14992139
0.46025476	0.21245791	-0.84896666	0.14927383
0.46045548	0.21133918	-0.84926736	0.14853139
0.46045673	0.21134198	-0.8492669	0.1485264
0.4607568	0.20983616	-0.84964406	0.14757027
0.46092921	0.20892905	-0.84987056	0.14701396
0.46109185	0.20807126	-0.85007954	0.14651093
0.46126616	0.20712313	-0.85030764	0.14598122
0.46146196	0.20592898	-0.8506106	0.1452849
0.46160012	0.2050717	-0.85083383	0.14475085
0.46176922	0.20415452	-0.85107183	0.14410707
0.46190766	0.20326251	-0.8513321	0.14338537
0.46204948	0.20243013	-0.85157573	0.14265746
0.46220753	0.20157012	-0.8518169	0.14192131
0.46237242	0.20070781	-0.85204375	0.14124319
0.46254867	0.19976644	-0.85227567	0.14059988
0.46273753	0.19872501	-0.8525233	0.1399511
0.46290642	0.19769518	-0.8527733	0.13932714
0.46306008	0.19657071	-0.8530618	0.13864021
0.46321514	0.19541019	-0.8533601	0.13792437
0.46337366	0.19425511	-0.853657	0.13718474
0.4635159	0.19308585	-0.8539725	0.13638909
0.46365735	0.19197124	-0.8542706	0.13561311
0.46381184	0.19083926	-0.8545573	0.13487357
0.46396512	0.18976556	-0.85480964	0.13426101
0.464127	0.18863185	-0.8550606	0.1337001
0.46425897	0.18749213	-0.85532075	0.13317989
0.46434107	0.18642123	-0.85558784	0.13267969
0.46438706	0.18538567	-0.855871	0.13214283
0.46440107	0.18428667	-0.85620296	0.13147916
0.4644188	0.18321644	-0.8565365	0.13073702
0.46443388	0.18208306	-0.8569003	0.12988071
0.4644668	0.18208402	-0.85688215	0.12988104
0.46450236	0.17963152	-0.8576536	0.12806444
0.46454847	0.17873327	-0.85790646	0.12745886
0.46459308	0.17765975	-0.85820144	0.1268097
0.46460584	0.17656137	-0.85850966	0.12620924
0.46458092	0.17531826	-0.85886145	0.12563892
0.4645417	0.17403837	-0.8592291	0.12504815
0.46453714	0.17267329	-0.8596025	0.124390155
0.46456474	0.1713682	-0.8599376	0.123774305
0.46462256	0.17003228	-0.8602618	0.12314491
0.46469396	0.16879308	-0.86055493	0.1225305
0.464762	0.16764961	-0.8608259	0.12193782
0.46480998	0.16656365	-0.86109984	0.12130714
0.46481174	0.16545829	-0.86141485	0.12057493
0.46475488	0.1643033	-0.86178577	0.119718365
0.46465018	0.16318685	-0.86218446	0.11877843
0.46451575	0.1620408	-0.8626185	0.11771653
0.464375	0.16097036	-0.8630385	0.11665752
0.46425205	0.15998694	-0.8634219	0.115658164
0.46415818	0.15906468	-0.86376595	0.1147341
0.464086	0.15819356	-0.86407375	0.113910586
0.4640355	0.1573497	-0.8643511	0.11317868
0.46398643	0.15651439	-0.86461544	0.11251598
0.463905	0.15570068	-0.864887	0.11189305
0.46378538	0.1548714	-0.86518574	0.11122827
0.46364537	0.15408723	-0.8654868	0.110556655
0.46345234	0.1531866	-0.8658592	0.109698184
0.4632977	0.15249878	-0.86614835	0.10902447
0.4631733	0.15188004	-0.86640275	0.108394474
0.46304524	0.15113993	-0.86669517	0.10763602
0.46295348	0.15038104	-0.86696887	0.10688619
0.46289304	0.1496222	-0.8672185	0.10618531
0.4628352	0.14881894	-0.86747575	0.105462685
0.46277052	0.14792255	-0.8677501	0.10474804
0.4626641	0.14691779	-0.86806583	0.10401358
0.4626393	0.14572845	-0.8683753	0.10321068
0.46267915	0.1443826	-0.8686927	0.10224903
0.4627417	0.14278252	-0.86905783	0.1011033
0.46278793	0.14164494	-0.8693179	0.10025286
0.462837	0.14031938	-0.86962396	0.099230774
0.46286747	0.13901624	-0.86993223	0.098215215
0.46287236	0.13782538	-0.87022436	0.09727745
0.4628406	0.13668756	-0.8705251	0.09633953
0.4627771	0.1356219	-0.87082803	0.09540825
0.46269643	0.13454114	-0.8711469	0.09441314
0.46257412	0.13348325	-0.87148815	0.093359016
0.4623599	0.13232231	-0.87191147	0.09211203
0.46222463	0.13155626	-0.872187	0.091274425
0.46210676	0.1307116	-0.87246907	0.09038624
0.46202666	0.12990183	-0.87271345	0.08959985
0.4619564	0.12914456	-0.8729336	0.088910505
0.46186337	0.12843797	-0.8731477	0.08831177
0.4617281	0.12776504	-0.8733728	0.08776908
0.46153608	0.12712196	-0.87361807	0.087270185
0.46131036	0.12645453	-0.8738834	0.08677429
0.46107876	0.12579474	-0.8741493	0.08628405
0.4608233	0.1250958	-0.87443775	0.085741945
0.46056098	0.12438719	-0.87473077	0.0851904
0.4603277	0.12369328	-0.8750034	0.08466017
0.46012923	0.1229967	-0.87525403	0.08416254
0.45996332	0.12232513	-0.8754758	0.08374061
0.45980865	0.12174431	-0.8756717	0.08338796
0.45961723	0.12116702	-0.8758867	0.08302466
0.45931634	0.12064232	-0.8761537	0.08263592
0.45897746	0.12013296	-0.8764459	0.082160875
0.4587325	0.119687855	-0.8766959	0.081508465
0.45850837	0.11922154	-0.87694067	0.08081729
0.45829964	0.11875563	-0.8771774	0.080115594
0.45807382	0.1182475	-0.8774317	0.07936931
0.4578323	0.11772309	-0.8776958	0.07861932
0.45756128	0.11715331	-0.8779828	0.07784058
0.4572756	0.11655108	-0.8782817	0.077045634
0.45696047	0.11592343	-0.87859976	0.07623207
0.45662063	0.11524313	-0.8789381	0.07539621
0.45627183	0.114500284	-0.8792891	0.07454173
0.45597026	0.1138583	-0.87959015	0.073814705
0.45566016	0.11319904	-0.8798953	0.07310267
0.455368	0.11257908	-0.8801801	0.07244866
0.4550501	0.11209324	-0.880455	0.07185694
0.45426047	0.11184318	-0.8809448	0.07123885
0.45437276	0.111896284	-0.88088804	0.071139514
0.45342392	0.11173605	-0.88144416	0.070555754
0.45283	0.1116596	-0.8817879	0.07019393
0.45223284	0.1115654	-0.8821343	0.06984106
0.45166925	0.11142152	-0.8824677	0.06950542
0.45113766	0.11123807	-0.8827866	0.069201834
0.45062578	0.11106431	-0.8830902	0.06893998
0.45006567	0.110964015	-0.88340837	0.06868528
0.44948548	0.11094046	-0.8837254	0.06844451
0.44884437	0.11098355	-0.8840714	0.06811228
0.44815248	0.11109131	-0.88443834	0.067727886
0.44750267	0.11114728	-0.88479555	0.06726384
0.4469222	0.11108267	-0.88514185	0.06667228
0.44601145	0.11084432	-0.88570744	0.065648116
0.4456392	0.11081559	-0.8859279	0.06524936
0.4452954	0.11089703	-0.8861155	0.064908385
0.44490632	0.11108497	-0.8863126	0.06456336
0.44442567	0.11133089	-0.8865507	0.06417945
0.44388592	0.111604825	-0.88682115	0.063703485
0.44334525	0.11183632	-0.88709706	0.06321892
0.4427954	0.11204009	-0.8873812	0.06272081
0.44227165	0.11221336	-0.88765264	0.062264297
0.4418485	0.11233589	-0.8878694	0.06195567
0.4414298	0.112462975	-0.88807666	0.061740723
0.4409596	0.11260777	-0.8883041	0.061562523
0.4404211	0.11276994	-0.88856304	0.061383672
0.4397216	0.11296933	-0.88890135	0.06113291
0.43919566	0.113110274	-0.8891586	0.060913406
0.43846735	0.113303155	-0.889516	0.060581427
0.43765128	0.113544144	-0.88991165	0.060218878
0.43682852	0.11383135	-0.8903014	0.05988948
0.4359742	0.11418632	-0.89069456	0.05959177
0.4351602	0.114559226	-0.89106137	0.059342578
0.43437007	0.11493872	-0.89141303	0.05911536
0.43358484	0.11530766	-0.8917619	0.0588987
0.4328023	0.11564222	-0.89211494	0.05865124
0.4320132	0.11591229	-0.89248204	0.058349892
0.43121564	0.116083324	-0.89287573	0.0578852
0.43049306	0.1161702	-0.8932458	0.05737944
0.43000776	0.11617258	-0.8935038	0.056992903
0.42951438	0.11613801	-0.89377326	0.056558505
0.42904177	0.1160962	-0.89403015	0.05616895
0.42854023	0.116056055	-0.89429855	0.0558072
0.42800957	0.11602492	-0.8945766	0.05548717
0.4274694	0.11600843	-0.89485276	0.0552325
0.42685872	0.11602285	-0.8951553	0.055022325
0.4261813	0.116088554	-0.8954792	0.054863423
0.42536622	0.11622668	-0.89585775	0.054715253
0.42441815	0.11644105	-0.89628774	0.054581273
0.4237676	0.1166306	-0.89657414	0.054528583
0.42296907	0.116921835	-0.89691395	0.054514762
0.42223537	0.1172276	-0.89721686	0.054561455
0.4214597	0.11755155	-0.89753443	0.054636937
0.42061645	0.11785957	-0.8978848	0.054716002
0.41973397	0.118136	-0.8982584	0.054764044
0.4187598	0.11843153	-0.89867395	0.05476596
0.41766134	0.11877351	-0.8991427	0.054720487
0.4167261	0.11904804	-0.89954466	0.05464834
0.41568226	0.11931136	-0.8999997	0.05453051
0.4149454	0.11943998	-0.90032995	0.054409776
0.41407663	0.119524024	-0.90073013	0.054221056
0.41349962	0.119565055	-0.9009998	0.054053314
0.4128429	0.11959539	-0.9013122	0.053796142
0.41216576	0.11960325	-0.90164226	0.05343955
0.41148332	0.119589195	-0.9019823	0.052988533
0.41050944	0.119568974	-0.90246713	0.05233086
0.40964597	0.11957319	-0.90289015	0.051786542
0.4087187	0.11955705	-0.90334314	0.05124942
0.40784517	0.119478695	-0.90377814	0.05071723
0.40706453	0.11930888	-0.9041799	0.050226536
0.40635422	0.119105905	-0.9045508	0.049779255
0.40566704	0.118928835	-0.9049043	0.049379345
0.4050322	0.11882031	-0.9052202	0.049062144
0.40374723	0.11874774	-0.9058258	0.048649967
0.4031275	0.11876261	-0.9061039	0.048573777
0.40246034	0.11881752	-0.9063929	0.048579168
0.40171126	0.11892003	-0.9067092	0.04862624
0.4008526	0.11905782	-0.90706956	0.04865607
0.39993832	0.11919395	-0.90745825	0.04859657
0.39896792	0.119294345	-0.90788275	0.048399575
0.39800072	0.11934149	-0.9083181	0.048078332
0.39709976	0.11936975	-0.9087306	0.04766063
0.39624426	0.11938428	-0.9091258	0.047205247
0.39544186	0.11941252	-0.9094929	0.046786938
0.394655	0.11948552	-0.9098414	0.046470407
0.39382136	0.119593546	-0.9102001	0.046238657
0.39290476	0.11969531	-0.9105916	0.046062507
0.39193588	0.11978666	-0.9110057	0.045892376
0.39072227	0.11948986	-0.91158336	0.045543116
0.3907489	0.11947025	-0.9115723	0.04558857
0.38893124	0.11881159	-0.91246915	0.044903137
0.38795736	0.11834931	-0.9129641	0.04448782
0.38707557	0.11792381	-0.91341096	0.04412394
0.38629135	0.117629446	-0.91378796	0.04397589
0.38553315	0.117429376	-0.9141427	0.04379162
0.38470155	0.11741825	-0.9144971	0.04373617
0.3838464	0.11748561	-0.9148524	0.043637756
0.38270897	0.11755996	-0.9153303	0.043405008
0.38198066	0.11756775	-0.9156441	0.04317955
0.38198933	0.11756701	-0.91564053	0.043181196
0.38051033	0.117531985	-0.9162886	0.04258245
0.379607	0.117534705	-0.9166797	0.04222193
0.3786373	0.11759154	-0.9170905	0.041846037
0.37761337	0.117716655	-0.9175144	0.041454088
0.3764407	0.11788617	-0.91799426	0.04101178
0.37534368	0.11802328	-0.9184447	0.040584333
0.37421513	0.118102655	-0.91891325	0.040165972
0.37305537	0.118116334	-0.9193994	0.03978925
0.37205607	0.11807422	-0.91982037	0.03953841
0.3710098	0.11800228	-0.9202598	0.039358627
0.37000033	0.11793153	-0.92067987	0.039249614
0.3689906	0.11787522	-0.921095	0.03918442
0.36797288	0.11784577	-0.9215076	0.039142843
0.36688673	0.11783573	-0.9219443	0.03908458
0.3658639	0.11784319	-0.92235345	0.038996782
0.36471665	0.117852494	-0.92281324	0.038837288
0.36360636	0.1178224	-0.9232625	0.038660362
0.36221868	0.11764866	-0.92384	0.038419742
0.3608907	0.117518984	-0.92438495	0.03820798
0.36089674	0.11751897	-0.9243825	0.038207848
0.35869563	0.11758128	-0.92524576	0.037847903
0.35721985	0.11773023	-0.925805	0.03766625
0.35570505	0.117948584	-0.926368	0.03747481
0.35408598	0.11820153	-0.92696446	0.037264008
0.35278818	0.11839176	-0.92744154	0.03709692
0.35140422	0.118570425	-0.92795074	0.036926683
0.3500912	0.118715055	-0.92843455	0.036773466
0.3482477	0.11887365	-0.92911345	0.03661723
0.3482477	0.11887365	-0.92911345	0.03661723
0.34635165	0.1191099	-0.9297902	0.036655106
0.3450337	0.11932046	-0.93024963	0.03674194
0.3424139	0.11976326	-0.93115276	0.036934208
0.34108308	0.11992143	-0.9316194	0.03696531
0.33974463	0.12003404	-0.93209636	0.036903333
0.33844122	0.120072156	-0.93257284	0.036718696
0.33709887	0.12002118	-0.93307734	0.036413986
0.3357152	0.119943276	-0.9336009	0.036030874
0.33427665	0.11988655	-0.9341389	0.035650577
0.33299527	0.119871154	-0.934608	0.035399083
0.3315712	0.11996249	-0.9351105	0.03518449
0.3301803	0.120065734	-0.9355961	0.035002235
0.32885373	0.120148174	-0.9360599	0.034808565
0.32761407	0.12016996	-0.9365007	0.034563407
0.32649255	0.120076	-0.93691546	0.034263212
0.32538	0.11983136	-0.93734634	0.033915263
0.32427925	0.1195781	-0.9377742	0.033523668
0.32317355	0.11932575	-0.9381996	0.033194646
0.32178444	0.11907333	-0.9387216	0.032836527
0.32076016	0.11894196	-0.9390985	0.03255485
0.31958658	0.11888492	-0.93951154	0.032385424
0.31753027	0.11886711	-0.94021165	0.03236046
0.31660187	0.11890879	-0.94051445	0.032503624
0.31579903	0.119014665	-0.940764	0.032706104
0.31483603	0.11921275	-0.9410526	0.032963853
0.31381688	0.1194606	-0.94135404	0.033176262
0.31270298	0.1197492	-0.94168353	0.03330486
0.3114407	0.12007232	-0.9420594	0.033338245
0.31022128	0.12038622	-0.9424229	0.033302426
0.3089128	0.12072902	-0.9428102	0.03326107
0.30768487	0.12105137	-0.9431703	0.033264704
0.30648735	0.121346444	-0.9435202	0.033321522
0.30540577	0.121614076	-0.94383204	0.03344314
0.30459985	0.12178099	-0.94406587	0.033586934
0.30390304	0.12186602	-0.94427323	0.033757716
0.30328897	0.12188715	-0.9444624	0.033914834
0.3026595	0.12200396	-0.9446471	0.033972904
0.30190444	0.122110404	-0.9448751	0.033968218
0.30098632	0.12229032	-0.9451489	0.033854075
0.2999173	0.122524835	-0.94546676	0.033615965
0.2976357	0.12303761	-0.94614446	0.03294617
0.29652193	0.123332165	-0.94646674	0.032628722
0.29466298	0.124024905	-0.9469627	0.03245422
0.29386598	0.12434702	-0.9471688	0.032433588
0.2930923	0.12467726	-0.9473646	0.03244656
0.29240882	0.124952786	-0.9475403	0.032426342
0.2916824	0.12517394	-0.9477373	0.032359406
0.29089835	0.12533346	-0.94796145	0.032230802
0.29014984	0.12544528	-0.94818115	0.03208052
0.28934315	0.12557748	-0.94841564	0.031916577
0.28852233	0.12572938	-0.9486508	0.03176012
0.28771678	0.1259039	-0.9488773	0.031609993
0.28694874	0.12607914	-0.9490917	0.0314565
0.28622997	0.12622598	-0.94929475	0.03128956
0.2855553	0.12634897	-0.94948757	0.031103352
0.2848296	0.12648192	-0.949695	0.03088558
0.28406963	0.12665544	-0.9499066	0.030665856
0.28321236	0.12686406	-0.9501427	0.030417582
0.28220952	0.12709631	-0.950421	0.030071698
0.28132227	0.12728246	-0.9506707	0.029703097
0.28037232	0.12744008	-0.95094454	0.029238848
0.2795325	0.12751713	-0.95119566	0.028773792
0.27877358	0.12754682	-0.9514271	0.028348576
0.278166	0.12753424	-0.9516152	0.02806077
0.27758974	0.12753163	-0.95178866	0.027895454
0.27698112	0.12760787	-0.9519567	0.027862176
0.27646258	0.12769924	-0.9520933	0.02792264
0.27636513	0.12770435	-0.95212144	0.027908182
0.27517655	0.12819664	-0.9523926	0.028139442
0.27452818	0.12849015	-0.95253783	0.028220503
0.27387378	0.12885167	-0.95267665	0.02824133
0.27315766	0.12925436	-0.95282847	0.028217515
0.27240914	0.12966709	-0.9529912	0.0280643
0.2716909	0.13005081	-0.9531482	0.027917288
0.27097702	0.13041447	-0.9533046	0.027822431
0.27034208	0.13070853	-0.95344484	0.027811006
0.2697626	0.13096082	-0.95357126	0.027915318
0.26925367	0.1311947	-0.9536767	0.028129656
0.2687995	0.13144502	-0.9537624	0.0283987
0.26835704	0.13175605	-0.95383465	0.028712064
0.26788014	0.13216831	-0.95389986	0.02910046
0.26733953	0.13265418	-0.95397186	0.02949724
0.26670197	0.13323225	-0.95405734	0.029900435
0.26597354	0.13390872	-0.9541528	0.030315652
0.26522565	0.13464883	-0.95424306	0.03074506
0.2644901	0.1354094	-0.9543248	0.031200996
0.26395062	0.13595767	-0.9543857	0.031519447
0.26342022	0.13655631	-0.95443386	0.031910982
0.26291397	0.13719712	-0.95446783	0.03231841
0.2624885	0.13769543	-0.9545037	0.03259591
0.26195055	0.13832122	-0.95455116	0.032884266
0.26136693	0.13895462	-0.9546124	0.033080924
0.26074255	0.13959113	-0.9546849	0.033231802
0.260209	0.14014365	-0.9547458	0.033341486
0.2598033	0.140629	-0.9547805	0.0334674
0.25951162	0.141083	-0.9547865	0.033646114
0.25929672	0.1415498	-0.95476717	0.033889968
0.25910366	0.14205231	-0.95473546	0.034159303
0.2589013	0.14261654	-0.95469654	0.034425728
0.25865805	0.14330907	-0.9546517	0.0346219
0.25834623	0.14399783	-0.95463187	0.034639236
0.258038	0.14466895	-0.9546168	0.034557145
0.25777632	0.14525582	-0.9546031	0.03442564
0.25754356	0.14584081	-0.95458126	0.03429819
0.25734353	0.14642268	-0.9545496	0.03420136
0.25709206	0.1471451	-0.9545084	0.034143634
0.25707155	0.14714864	-0.95451385	0.03413088
0.25671986	0.14800146	-0.9544754	0.03416685
0.25646886	0.14852794	-0.9544597	0.0342031
0.25621623	0.14907435	-0.9544395	0.034282826
0.25598493	0.14961976	-0.9544122	0.034397237
0.25579113	0.15024799	-0.9543559	0.034659117
0.2556541	0.15074956	-0.95430225	0.03496936
0.2554742	0.1514039	-0.9542277	0.035485566
0.25529173	0.15207863	-0.9541453	0.036124095
0.25514036	0.15272455	-0.95405644	0.036808804
0.25500256	0.1533632	-0.95396405	0.037498396
0.25485674	0.15404059	-0.9538662	0.03819724
0.25451982	0.15550394	-0.9536675	0.039450966
0.25429893	0.15624192	-0.95358205	0.040024105
0.25411204	0.156907	-0.95350015	0.04055702
0.2539857	0.15753703	-0.9534074	0.0410822
0.25390825	0.15814748	-0.9533041	0.041610498
0.2538457	0.1588148	-0.9531856	0.04215947
0.25365257	0.15978546	-0.95304865	0.04274623
0.25348818	0.16061813	-0.95293236	0.043192614
0.25320446	0.16166522	-0.9528079	0.04369428
0.2529493	0.16259351	-0.9526987	0.044105735
0.25269288	0.16353808	-0.9525859	0.044517048
0.2524843	0.16438869	-0.952476	0.04491527
0.2523385	0.16514398	-0.95236456	0.045327395
0.2522493	0.16581637	-0.95225066	0.04576077
0.25222743	0.1663717	-0.9521382	0.046202663
0.2523059	0.16687435	-0.9520057	0.046690427
0.252474	0.16742982	-0.9518343	0.047281157
0.25265488	0.16808666	-0.9516396	0.04790167
0.25272626	0.16879685	-0.9514699	0.048396446
0.2526851	0.16957423	-0.9513235	0.048769664
0.25258875	0.17052828	-0.95116156	0.049099226
0.25251782	0.1714253	-0.95100695	0.04933486
0.25251696	0.1722129	-0.9508564	0.049497906
0.25253594	0.17296356	-0.95070726	0.049648844
0.25237414	0.17460503	-0.95041484	0.050320026
0.25238976	0.17460412	-0.95041066	0.05032367
0.2521235	0.17648375	-0.950077	0.05139227
0.252041	0.17731611	-0.94991195	0.05197728
0.25199434	0.17811708	-0.9497364	0.05266808
0.25199917	0.17891397	-0.94954735	0.05334848
0.25204414	0.17965509	-0.949357	0.054029547
0.2520711	0.18041928	-0.9491645	0.054733858
0.25203964	0.18129076	-0.94896543	0.055446915
0.25141534	0.18367104	-0.94858414	0.056951422
0.25143892	0.18367955	-0.9485781	0.05692025
0.25090775	0.18516974	-0.94839495	0.057485327
0.25037807	0.18663068	-0.94822097	0.057939406
0.24985062	0.18809065	-0.9480434	0.05839831
0.24936764	0.18962269	-0.94783014	0.058966666
0.24898793	0.19105434	-0.9476032	0.059593726
0.24865809	0.19251738	-0.9473458	0.060350776
0.24835642	0.19396202	-0.9470774	0.0611752
0.24807693	0.1954546	-0.94678426	0.062088083
0.24784814	0.19687954	-0.9464912	0.06296305
0.24761595	0.19833061	-0.94619244	0.06380572
0.24736926	0.19989055	-0.9458707	0.064659715
0.24720338	0.20131552	-0.9455596	0.06541851
0.24712431	0.20262009	-0.945252	0.06613245
0.24713814	0.20392352	-0.944917	0.06685759
0.24718773	0.20515355	-0.94459206	0.06749825
0.24724282	0.20645763	-0.9442477	0.06813681
0.24735165	0.20790575	-0.94385153	0.068823755
0.24745713	0.20913434	-0.94351226	0.06937267
0.24755007	0.21038345	-0.9431694	0.06992444
0.24764635	0.21167876	-0.9428086	0.0705354
0.24771354	0.213028	-0.9424345	0.07123437
0.24773179	0.21435213	-0.9420734	0.07197159
0.2476963	0.21568868	-0.9417202	0.07271893
0.24761432	0.21700945	-0.9413859	0.073394224
0.24750426	0.21829624	-0.941074	0.073947735
0.24742322	0.21949212	-0.9407856	0.07434761
0.24743645	0.22067846	-0.94048876	0.07454788
0.24744919	0.22151834	-0.94027597	0.074697025
0.24751508	0.2223672	-0.9400436	0.07488152
0.2476507	0.22329743	-0.93975	0.07534861
0.24775858	0.22403012	-0.9395022	0.07590698
0.24784587	0.22490484	-0.93920344	0.07672862
0.24784696	0.22583616	-0.9389025	0.07766557
0.2476527	0.22769015	-0.93835974	0.079412766
0.24750212	0.22864543	-0.9381019	0.08018001
0.24731033	0.22964874	-0.93784887	0.080861226
0.24702616	0.23177262	-0.93729	0.08214058
0.24696319	0.23288564	-0.93697286	0.082796685
0.24698071	0.23543061	-0.93620664	0.084203444
0.24696079	0.23679234	-0.93581563	0.08478777
0.2469502	0.23815559	-0.9354319	0.08523275
0.24696442	0.23945707	-0.93506825	0.08553481
0.24701303	0.24068335	-0.9347222	0.08573608
0.24708065	0.24177852	-0.9344052	0.08591463
0.2471652	0.2428453	-0.9340827	0.08616921
0.24724206	0.24393061	-0.93374324	0.086561486
0.24729261	0.24505597	-0.9333866	0.08708259
0.24728516	0.2462383	-0.9330226	0.08766756
0.24726851	0.24737112	-0.9326713	0.08826193
0.24726118	0.24850936	-0.9323114	0.08888494
0.24730273	0.24956667	-0.9319597	0.08949283
0.24742866	0.2506163	-0.931588	0.090080544
0.2475714	0.2516553	-0.9312142	0.090654194
0.24761851	0.25278398	-0.9308421	0.091204524
0.24751686	0.25415856	-0.9304265	0.09189988
0.24731936	0.25552723	-0.93004704	0.09247419
0.24703985	0.25698033	-0.92967314	0.092953235
0.24673192	0.2584303	-0.9293146	0.09333502
0.24644412	0.25982293	-0.92897326	0.09362679
0.24622087	0.2611545	-0.92863303	0.09388466
0.24606963	0.2624186	-0.92828673	0.09418173
0.24597271	0.26362625	-0.92793304	0.09454569
0.24589902	0.26478007	-0.9275805	0.09497163
0.245828	0.26590052	-0.9272322	0.09542587
0.24572875	0.26706892	-0.926876	0.09587699
0.24563164	0.26807386	-0.9265768	0.09621412
0.24553889	0.26921302	-0.92623913	0.09652007
0.24549967	0.27003706	-0.92599267	0.09668242
0.24551198	0.27092886	-0.92571163	0.096848
0.24562156	0.27165934	-0.92543447	0.09717136
0.2456158	0.2716573	-0.92543596	0.09717843
0.24597637	0.27317312	-0.9247924	0.09813785
0.24615937	0.2739975	-0.92443275	0.098767765
0.24625039	0.2749481	-0.92404985	0.09947934
0.24606867	0.2771424	-0.9233068	0.10073076
0.24579172	0.2785922	-0.922882	0.101299606
0.2455588	0.27958384	-0.92260665	0.101640604
0.24528368	0.28081828	-0.9222576	0.10206843
0.24511948	0.28205374	-0.9218699	0.10255812
0.24493377	0.28338438	-0.9214488	0.10311584
0.24475415	0.284684	-0.9210267	0.10373174
0.24456084	0.28611377	-0.92057765	0.10423871
0.24412023	0.28890026	-0.91975796	0.10482093
0.24385203	0.29027477	-0.9193718	0.10503561
0.24356797	0.29165372	-0.91897607	0.105337225
0.24331677	0.29298076	-0.91856986	0.105776556
0.24311313	0.2943092	-0.91812813	0.10639047
0.2429608	0.29564214	-0.9176539	0.1071316
0.24280111	0.29705468	-0.91714495	0.10794102
0.24264488	0.29834864	-0.9166845	0.10863282
0.24253774	0.2996417	-0.9162164	0.109260835
0.2424896	0.3009204	-0.9157431	0.10981973
0.24249783	0.3021443	-0.9152766	0.11032915
0.2425167	0.30326113	-0.9148438	0.11081188
0.24250738	0.30439916	-0.9143991	0.111380585
0.24238782	0.3056173	-0.913936	0.11210393
0.24214323	0.3070029	-0.91342235	0.1130292
0.24176627	0.30850318	-0.912883	0.11410355
0.24139439	0.30999446	-0.9123422	0.11516964
0.24099322	0.31156972	-0.91177213	0.11626849
0.24061994	0.31308553	-0.91122156	0.11728062
0.24025422	0.31450522	-0.9107161	0.11815491
0.239899	0.31586713	-0.9102384	0.118923046
0.23957111	0.3171144	-0.909802	0.11960076
0.23918103	0.3187191	-0.9092186	0.120549634
0.23869936	0.32064098	-0.9085181	0.1216839
0.238706	0.32064068	-0.90851617	0.12168585
0.23841566	0.3219093	-0.9080576	0.122327566
0.23801497	0.32321498	-0.90762717	0.12285708
0.23767208	0.32449695	-0.90721554	0.123181924
0.23739192	0.3256788	-0.90682906	0.1234488
0.23716165	0.32677865	-0.90645546	0.12372833
0.23695457	0.327818	-0.9060907	0.124046616
0.23675595	0.32886007	-0.905714	0.124418974
0.23650065	0.3300957	-0.90526056	0.12493094
0.23630743	0.33100888	-0.9049261	0.12530181
0.2360403	0.33214018	-0.9045254	0.12570526
0.2355847	0.3337934	-0.9039701	0.12617387
0.23560569	0.33378986	-0.90396374	0.12618966
0.23490328	0.33584437	-0.90332013	0.12665598
0.23445176	0.33713126	-0.90291053	0.12699413
0.23405193	0.33830383	-0.9025205	0.1273855
0.23329614	0.34073943	-0.9016471	0.12846139
0.23295939	0.3420169	-0.90116084	0.1290873
0.23264962	0.34338737	-0.9006265	0.129735
0.23238473	0.34466967	-0.90012467	0.1302913
0.23207957	0.3460242	-0.8996091	0.1308049
0.23133612	0.3489357	-0.8985253	0.13183215
0.23095462	0.3504269	-0.89795566	0.13242595
0.23060885	0.35194135	-0.89735186	0.13310382
0.23031637	0.3534652	-0.8967272	0.13378003
0.2300711	0.35496023	-0.8961107	0.13437341
0.22985573	0.35643113	-0.89550924	0.13485728
0.22973584	0.35778698	-0.89496356	0.13509296
0.22959171	0.35896504	-0.89451337	0.1351951
0.2294343	0.36015317	-0.89406323	0.13527912
0.22928163	0.36136404	-0.89359015	0.13543536
0.22911419	0.3626751	-0.8930591	0.1357169
0.22896513	0.36381513	-0.8925856	0.13603154
0.22877558	0.3652306	-0.891993	0.13644372