0.10270653	0.41081744	-0.90191376	0.08504053	
0.102488376	0.41096	-0.9019006	0.08475572	
0.10226823	0.41143426	-0.9016736	0.08513433	
0.102065645	0.41205546	-0.9013518	0.0857782	
0.10208171	0.41230246	-0.901208	0.08608254	
0.10227784	0.41219413	-0.9012147	0.086298294	
0.102277905	0.4121954	-0.901215	0.086288065	
0.102407135	0.4117529	-0.9014005	0.08631149	
0.10239122	0.41149935	-0.9015221	0.08626868	
0.102369405	0.41127837	-0.90162367	0.08628734	
0.10238146	0.41110012	-0.90169764	0.086349994	
0.10229224	0.4109406	-0.9017738	0.086418904	
0.102255486	0.4109129	-0.90178955	0.08643024	
0.102172196	0.41098413	-0.90176004	0.08649728	
0.1019972	0.41112524	-0.9017019	0.08663848	
0.10190687	0.41118932	-0.901676	0.086710565	
0.10162903	0.4113385	-0.90162295	0.086881265	
0.10159606	0.4114691	-0.90154904	0.08706872	
0.10162624	0.41161188	-0.90146065	0.087273024	
0.10161695	0.41178522	-0.9013621	0.08748292	
0.10134166	0.4119789	-0.9012972	0.087559715	
0.1014048	0.41198093	-0.90128887	0.087562434	
0.10079398	0.41218203	-0.9012706	0.0875099	
0.10035631	0.4122324	-0.9013039	0.08743272	
0.100084096	0.4121668	-0.90138	0.08726914	
0.099954806	0.41200927	-0.901483	0.08709611	
0.100007765	0.41179657	-0.9015842	0.08699528	
0.1002086	0.41158262	-0.9016544	0.087048635	
0.10045888	0.4114248	-0.9016799	0.087242015	
0.10064283	0.41125894	-0.9016806	0.08780318	
0.1004595	0.41118577	-0.9017204	0.0879469	
0.100252345	0.41111115	-0.9017652	0.08807147	
0.10008185	0.41105372	-0.9018031	0.088146165	
0.09996159	0.41100743	-0.9018354	0.08816817	
0.09995967	0.41093665	-0.9018699	0.08814682	
0.09993067	0.4109453	-0.90187657	0.088070765	
0.099928506	0.4109671	-0.9018707	0.08803219	
0.099909894	0.41103604	-0.90184283	0.08801757	
0.09988803	0.41109952	-0.90181106	0.08807052	
0.099850826	0.41115776	-0.90177727	0.08818788	
0.099754766	0.41123137	-0.9017352	0.08838263	
0.0996399	0.41137585	-0.901643	0.08877953	
0.09956206	0.4113674	-0.9016513	0.08882137	
0.099500746	0.41136092	-0.901658	0.08885244	
0.099185705	0.41175815	-0.9014626	0.0893459	
0.099016614	0.41198564	-0.90134853	0.08963497	
0.098971575	0.41210714	-0.90127724	0.089843296	
0.09903597	0.41213393	-0.90123916	0.09002998	
0.09915041	0.41211027	-0.90122455	0.09016003	
0.09923543	0.41210413	-0.9012096	0.09024295	
0.099221356	0.41216293	-0.9011789	0.09029619	
0.09904585	0.41252995	-0.90101665	0.09043257	
0.09903132	0.412515	-0.9010139	0.09054387	
0.09883145	0.4129815	-0.9007636	0.09112461	
0.09884553	0.41298014	-0.9007611	0.09113982	
0.09882195	0.41307214	-0.9006935	0.09141704	
0.098794185	0.41313034	-0.9006599	0.09151415	
0.09877872	0.41320446	-0.90061873	0.09160136	
0.09875297	0.41332245	-0.90055585	0.091714635	
0.09872425	0.41341746	-0.900507	0.091797136	
0.09870762	0.41344574	-0.90048766	0.09187813	
0.09866392	0.41339126	-0.9005113	0.09193745	
0.09865949	0.41324425	-0.900569	0.092037834	
0.09872063	0.4130915	-0.9006108	0.09224929	
0.09878738	0.41308162	-0.9005979	0.09234804	
0.09861139	0.41321546	-0.9004854	0.09303149	
0.09839292	0.41352612	-0.90033346	0.09335299	
0.09806152	0.413959	-0.90014327	0.09361641	
0.09761164	0.41443655	-0.89995074	0.093824565	
0.097132556	0.41487786	-0.8997792	0.09401718	
0.09669834	0.4152324	-0.8996394	0.09423611	
0.096284844	0.4155099	-0.8995331	0.094450995	
0.095865846	0.41575265	-0.8994401	0.09469428	
0.09556063	0.41588762	-0.89939046	0.09488228	
0.09530488	0.4159508	-0.89937043	0.09505184	
0.09517335	0.41595492	-0.899369	0.095179416	
0.09528475	0.41593462	-0.89935875	0.095252745	
0.09567347	0.41595933	-0.89927846	0.09551225	
0.09585609	0.4160377	-0.89921	0.09563305	
0.09590748	0.41624394	-0.89908856	0.095824935	
0.09595726	0.4164506	-0.8989658	0.096030615	
0.0959619	0.4166359	-0.8988463	0.09633986	
0.09595728	0.41663837	-0.8988478	0.0963186	
0.095958404	0.4171659	-0.89848566	0.09740814	
0.095949806	0.41732818	-0.89836913	0.097795516	
0.09594192	0.41748497	-0.898252	0.09820903	
0.095938325	0.4176421	-0.89813256	0.09863495	
0.0959631	0.41778967	-0.8980239	0.098974414	
0.096035816	0.4179352	-0.89791363	0.09928905	
0.09620863	0.4180766	-0.8977977	0.099575534	
0.09648509	0.41823354	-0.8976706	0.0997943	
0.09689473	0.4187926	-0.89732945	0.10012093	
0.096976325	0.41880104	-0.8973203	0.10008761	
0.09707984	0.41921622	-0.89710003	0.100224	
0.0969348	0.41999266	-0.8967177	0.100535415	
0.09699141	0.41999295	-0.8967092	0.10055429	
0.09683174	0.4202595	-0.89657754	0.100768104	
0.09668054	0.42050138	-0.896444	0.101092756	
0.09651623	0.42087123	-0.89622086	0.10168754	
0.09650974	0.4211459	-0.8960355	0.10218923	
0.09650717	0.42152175	-0.8957885	0.1028041	
0.09643083	0.42207846	-0.8954468	0.10356663	
0.09634146	0.42257237	-0.89515334	0.10416989	
0.096210055	0.42308888	-0.8948516	0.10478612	
0.09604448	0.42350867	-0.8946121	0.105285875	
0.09576021	0.42383838	-0.8943944	0.10606522	
0.09570556	0.42384478	-0.89440554	0.10599404	
0.095573254	0.42397255	-0.894317	0.106350034	
0.095588505	0.42441896	-0.89395636	0.10758084	
0.09582706	0.42519003	-0.8934209	0.10876538	
0.095769085	0.42518994	-0.89343005	0.108741194	
0.09578503	0.42553452	-0.8932111	0.10917642	
0.09574823	0.42591336	-0.89298725	0.109562255	
0.09563873	0.4263347	-0.89275694	0.10989523	
0.09560912	0.42633092	-0.89276004	0.109910496	
0.09560189	0.42742053	-0.89215934	0.11056154	
0.0955661	0.42742178	-0.8921656	0.11053628	
0.09609266	0.42834872	-0.89160204	0.111038394	
0.09606957	0.42835042	-0.8916065	0.11101576	
0.09637896	0.42901736	-0.8912131	0.11132981	
0.09671278	0.4300644	-0.8906144	0.11179147	
0.09690812	0.43092343	-0.8901284	0.11218447	
0.097132206	0.4315734	-0.8897363	0.11260125	
0.09734266	0.432173	-0.8893747	0.112977095	
0.097587466	0.43282413	-0.8889658	0.11348967	
0.09754697	0.432819	-0.8889702	0.1135091	
0.09776439	0.43335256	-0.8886085	0.11411681	
0.09868071	0.43362927	-0.8881728	0.1156591	
0.09858068	0.4336228	-0.88818675	0.115661494	
0.09887247	0.43358988	-0.8880898	0.11627854	
0.0992559	0.4335512	-0.8879666	0.11703357	
0.100001045	0.43351504	-0.887686	0.1186512	
0.10000985	0.43351603	-0.88768494	0.11864805	
0.10017279	0.4336907	-0.88749325	0.11930444	
0.10025671	0.43392044	-0.8872953	0.11987068	
0.10038518	0.43434516	-0.8869171	0.121017106	
0.100404315	0.43433723	-0.8869102	0.12108035	
0.1005398	0.43450612	-0.88670003	0.121898465	
0.10077456	0.43464798	-0.88647467	0.12283508	
0.10108471	0.43477255	-0.88624007	0.12382772	
0.10143026	0.43490845	-0.88600075	0.12477659	
0.10175663	0.43508646	-0.88575804	0.1256109	
0.102334045	0.4358792	-0.8850667	0.12725657	
0.10237791	0.4358836	-0.8850607	0.12724762	
0.1026398	0.43618587	-0.8848191	0.12768008	
0.10296312	0.4364704	-0.8845724	0.12815581	
0.10380619	0.43688104	-0.88410467	0.12929876	
0.104247965	0.43703067	-0.8838951	0.12986925	
0.104648575	0.4371943	-0.88368934	0.13039614	
0.10501812	0.43736055	-0.88349056	0.13088755	
0.10532371	0.43754148	-0.8833045	0.13129267	
0.10656384	0.43778992	-0.88281	0.1327806	
0.10654498	0.4377924	-0.88281476	0.13275608	
0.106931075	0.43777546	-0.88270676	0.13321918	
0.1073972	0.43768162	-0.8826069	0.13381253	
0.10911204	0.43748847	-0.8821594	0.13598981	
0.11014611	0.43764016	-0.88172734	0.1374623	
0.11013574	0.43764448	-0.8817314	0.13743073	
0.1104596	0.437892	-0.881444	0.13822365	
0.11069834	0.4381608	-0.88116956	0.13892856	
0.11088296	0.4386788	-0.88070375	0.1400958	
0.11107233	0.4390426	-0.8803805	0.14083536	
0.11121767	0.43905607	-0.8803577	0.14082259	
0.111574724	0.439919	-0.879612	0.14249644	
0.11166686	0.43993425	-0.8796004	0.14244789	
0.112115145	0.4403912	-0.8791537	0.14343876	
0.1124672	0.44059315	-0.87893033	0.14391088	
0.11357059	0.44077	-0.87847257	0.1452908	
0.11363106	0.44078422	-0.87846684	0.14523602	
0.11409167	0.44088998	-0.8782553	0.1458312	
0.11412346	0.44089565	-0.87825143	0.14581335	
0.11460762	0.44103622	-0.87800294	0.14650285	
0.1150316	0.441161	-0.8777966	0.14703032	
0.11552194	0.44129214	-0.877574	0.1475799	
0.11609249	0.4414266	-0.87732077	0.14823458	
0.11668979	0.44156945	-0.87704325	0.14898011	
0.11723888	0.44177657	-0.8767138	0.14987117	
0.11758089	0.44206345	-0.87637514	0.15073572	
0.11772036	0.44252735	-0.87594277	0.15177567	
0.117665514	0.44309586	-0.8754828	0.15280944	
0.11725026	0.44457233	-0.87438184	0.15512705	
0.1173276	0.44456565	-0.8743615	0.15520221	
0.11734682	0.44523397	-0.8737535	0.15668902	
0.11739385	0.44586703	-0.87316924	0.15810391	
0.11733308	0.44677326	-0.8723712	0.15998492	
0.11730857	0.44737217	-0.87183964	0.16122206	
0.11734496	0.44737574	-0.87183315	0.1612207	
0.116979785	0.44849542	-0.8709906	0.16292022	
0.116755456	0.44911736	-0.8705533	0.1637031	
0.116527624	0.4497181	-0.87014306	0.16439551	
0.11635576	0.4502435	-0.8697857	0.16496919	
0.116367616	0.45024595	-0.86978436	0.16496232	
0.116701216	0.4508456	-0.86915445	0.16640203	
0.11710817	0.4509475	-0.86887425	0.16730079	
0.11747932	0.45094454	-0.868684	0.16803493	
0.11843612	0.4507802	-0.8683054	0.16975275	
0.11883128	0.4508398	-0.8679875	0.17093943	
0.11910199	0.450959	-0.86767536	0.17201826	
0.119305566	0.4511376	-0.86733097	0.17314209	
0.119431265	0.45141226	-0.8669472	0.17425825	
0.11944581	0.4518868	-0.8664671	0.1754017	
0.1192681	0.45319507	-0.86543155	0.17725044	
0.119224206	0.45392805	-0.86489636	0.17801505	
0.119286604	0.45465448	-0.86436045	0.17872056	
0.11944049	0.45516646	-0.86394656	0.17931515	
0.11975502	0.4556526	-0.86353326	0.17986038	
0.12062456	0.4561937	-0.8629079	0.18090641	
0.12105686	0.45646676	-0.86258453	0.18147002	
0.12144559	0.456736	-0.8622792	0.18198372	
0.12183232	0.4570163	-0.861959	0.18253729	
0.122250676	0.4572951	-0.8616163	0.18317622	
0.12268092	0.4575805	-0.8612371	0.18395755	
0.122658886	0.4575758	-0.86124015	0.18396904	
0.12379227	0.45848027	-0.85993546	0.18703577	
0.12379464	0.4584752	-0.8599321	0.18706211	
0.12390849	0.4595814	-0.8588354	0.18929738	
0.12384184	0.46024334	-0.8582637	0.19032258	
0.123619504	0.4610222	-0.85767317	0.19124223	
0.12310083	0.46259314	-0.8565777	0.19268745	
0.123053	0.46328384	-0.8560133	0.19356444	
0.123141736	0.4639947	-0.85537034	0.19464506	
0.123267114	0.46503362	-0.8544276	0.1962208	
0.1234086	0.46549633	-0.8539589	0.19707309	
0.12361531	0.4659	-0.85350937	0.19793497	
0.123968564	0.46639612	-0.85296285	0.19889891	
0.12398321	0.4663978	-0.85295975	0.19889928	
0.12373235	0.46822995	-0.85164636	0.20037368	
0.123766795	0.46823463	-0.85163945	0.20037101	
0.1234297	0.4693134	-0.85088474	0.20125954	
0.123097524	0.47039974	-0.85012096	0.20215207	
0.12288947	0.47133562	-0.8494635	0.20286171	
0.1226753	0.47256944	-0.8485864	0.20378935	
0.12263675	0.47314754	-0.84819525	0.2040996	
0.12250537	0.47370547	-0.84783846	0.2043661	
0.12231027	0.47430447	-0.84745747	0.20467377	
0.1220635	0.47490275	-0.8470634	0.20506462	
0.12173037	0.47561	-0.8465703	0.20565908	
0.12148257	0.47616526	-0.8461533	0.20623633	
0.12033836	0.47883505	-0.84425575	0.20848952	
0.120385386	0.4788352	-0.8442424	0.20851672	
0.119865656	0.48000014	-0.8434567	0.20931521	
0.11892355	0.48129	-0.8426952	0.20995735	
0.11821302	0.48219526	-0.8421785	0.21035421	
0.117445774	0.48315904	-0.84163517	0.21074708	
0.116731666	0.48405504	-0.84112406	0.21112752	
0.116036564	0.48492008	-0.8406191	0.21153651	
0.11554878	0.48567137	-0.840141	0.211979	
0.11527784	0.48635057	-0.8396492	0.21251713	
0.11506867	0.48701125	-0.8391351	0.213147	
0.11444407	0.4882897	-0.8381869	0.21428607	
0.11448946	0.4882784	-0.8381666	0.21436709	
0.11398623	0.48903582	-0.8376813	0.2148053	
0.11349063	0.4897899	-0.8371935	0.21525057	
0.11288449	0.49064136	-0.836691	0.21558335	
0.11228424	0.49145713	-0.8362403	0.21578777	
0.111643516	0.49229452	-0.83580786	0.21588658	
0.11103765	0.49311295	-0.8353829	0.21597627	
0.11032664	0.49409902	-0.8348411	0.21618195	
0.10867098	0.49653366	-0.8333205	0.21730632	
0.10869001	0.49652752	-0.8333109	0.21734765	
0.10871609	0.49652264	-0.83329993	0.21738729	
0.10737443	0.49820104	-0.83239144	0.21769464	
0.10605807	0.49986815	-0.83151674	0.21786107	
0.10531096	0.5007995	-0.83102125	0.21797505	
0.10446572	0.5018757	-0.83044356	0.21810828	
0.10391424	0.50262487	-0.83003765	0.21819183	
0.10357594	0.503191	-0.82972324	0.21824382	
0.10323914	0.50396407	-0.82928973	0.21826705	
0.10309041	0.5044221	-0.8290378	0.21823673	
0.10278524	0.5054503	-0.82849544	0.21806075	
0.10261492	0.5061136	-0.8281239	0.2180135	
0.10273365	0.50611645	-0.8280906	0.21807809	
0.10156111	0.50821555	-0.8269622	0.21802779	
0.101832755	0.5082221	-0.82688576	0.21817534	
0.101252995	0.50942683	-0.8261711	0.21834251	
0.100795336	0.51036376	-0.82557195	0.21863256	
0.09936216	0.5123822	-0.82442915	0.21888013	
0.09940003	0.51237595	-0.8244136	0.21893571	
0.09859638	0.5135343	-0.82372594	0.21917367	
0.09793067	0.51446384	-0.82316864	0.21938531	
0.097959675	0.5144585	-0.8231565	0.219431	
0.09564727	0.51685405	-0.8219191	0.2194601	
0.0956675	0.5168446	-0.8219065	0.21952014	
0.095685095	0.51683533	-0.82189494	0.21957758	
0.09497329	0.51782125	-0.8213853	0.21947108	
0.09499508	0.51781446	-0.8213742	0.21951924	
0.09359989	0.5197331	-0.8203674	0.21934918	
0.09095365	0.5234174	-0.8183392	0.21927753	
0.08981541	0.5249381	-0.8174657	0.21937001	
0.088663414	0.5264103	-0.8166208	0.21945724	
0.087499894	0.52784026	-0.8158156	0.21948461	
0.08653314	0.5289974	-0.8151939	0.21939193	
0.08544296	0.5301267	-0.81464946	0.21911523	
0.08462068	0.5310255	-0.81424993	0.2187427	
0.08350716	0.5323754	-0.813693	0.2179603	
0.08223786	0.533816	-0.81306124	0.21727566	
0.081566416	0.5345275	-0.81271994	0.21705692	
0.07995574	0.53616613	-0.8117853	0.21711224	
0.07908563	0.53704125	-0.811259	0.21723568	
0.07818104	0.53793657	-0.8107297	0.21732323	
0.07723419	0.5388603	-0.8101982	0.21735515	
0.07616355	0.53983414	-0.80967337	0.21727277	
0.07524095	0.5406726	-0.8092158	0.21721366	
0.07409665	0.54161197	-0.80868477	0.2172446	
0.07169118	0.5435933	-0.8075516	0.21731812	
0.07004365	0.5449671	-0.8067488	0.21739651	
0.07004415	0.54496527	-0.8067472	0.21740685	
0.06824861	0.5465923	-0.80587757	0.21711843	
0.067401044	0.5473818	-0.80548286	0.21685883	
0.066117294	0.54868865	-0.8049512	0.21592346	
0.06611022	0.54868734	-0.8049523	0.2159248	
0.06563864	0.5491852	-0.8047657	0.21549815	
0.065045856	0.54984134	-0.80451655	0.21493429	
0.064299956	0.5507287	-0.8041624	0.21421094	
0.06369442	0.5514997	-0.8038501	0.21357945	
0.06310763	0.5523183	-0.80351853	0.21288513	
0.062401928	0.5533862	-0.80308634	0.21194838	
0.06176372	0.55440634	-0.8026667	0.21105719	
0.061747376	0.55440164	-0.8026676	0.21107075	
0.060377747	0.5565685	-0.80171824	0.20936552	
0.05976345	0.5574802	-0.801308	0.20868613	
0.059090164	0.5584736	-0.8008518	0.20797142	
0.05859418	0.55922496	-0.8004933	0.20747218	
0.058079295	0.5600244	-0.8001032	0.20696498	
0.05759217	0.5607516	-0.79975104	0.20649256	
0.057117548	0.5613819	-0.79946727	0.2060101	
0.056603506	0.56195813	-0.7992426	0.20545171	
0.056156848	0.5624218	-0.7990746	0.20495847	
0.055681363	0.5629503	-0.79886085	0.20447026	
0.05515139	0.5637007	-0.7984857	0.20401096	
0.05514673	0.5636916	-0.7984795	0.20406148	
0.05322651	0.5661467	-0.797226	0.20267145	
0.052083798	0.5674542	-0.7966193	0.20169486	
0.051346015	0.56820434	-0.7962993	0.20103426	
0.050626323	0.5688663	-0.7960482	0.20033818	
0.049851485	0.56950706	-0.79582834	0.19958423	
0.04919468	0.5699849	-0.79567176	0.19900629	
0.048411336	0.5705611	-0.79547143	0.19834752	
0.046832632	0.5718663	-0.79493856	0.1971002	
0.045968845	0.5726428	-0.7945544	0.19659708	
0.045113068	0.5734442	-0.79412246	0.1962046	
0.044275448	0.57425624	-0.7936649	0.19587159	
0.04335109	0.575161	-0.79316026	0.19546737	
0.042466857	0.5760622	-0.7926676	0.19500515	
0.04161399	0.57696366	-0.79220384	0.19440734	
0.04068286	0.57815486	-0.79169923	0.19311744	
0.04068938	0.57815427	-0.7916969	0.1931274	
0.039812382	0.5793332	-0.79126936	0.19152279	
0.03931017	0.5800149	-0.79105896	0.1904291	
0.038826212	0.580622	-0.79089457	0.18935771	
0.03830916	0.58119035	-0.7907367	0.18837643	
0.0377924	0.5817183	-0.7905631	0.1875786	
0.03727178	0.5822402	-0.7903602	0.18691678	
0.03677109	0.5827633	-0.7901274	0.18636976	
0.036117204	0.5834939	-0.7897963	0.1856136	
0.036132623	0.58349377	-0.7897921	0.185628	
0.035110693	0.58470935	-0.789252	0.18429261	
0.03451572	0.5854005	-0.78894186	0.18353656	
0.033675484	0.58631486	-0.78852767	0.1825516	
0.03200081	0.5878629	-0.7878323	0.18086898	
0.030170716	0.58938783	-0.78717077	0.17909206	
0.030215327	0.58938974	-0.7871612	0.17912038	
0.03026606	0.58939254	-0.7871509	0.17914777	
0.0292448	0.5903071	-0.7867805	0.17792962	
0.02928786	0.5903086	-0.786771	0.1779594	
0.028390398	0.591119	-0.7865686	0.17630121	
0.027875269	0.59156233	-0.7865047	0.17517838	
0.027339775	0.5919863	-0.78648055	0.1739343	
0.0267588	0.592403	-0.78648156	0.1725965	
0.026123196	0.5928448	-0.78648686	0.17114648	
0.025507636	0.59329224	-0.7864701	0.16976014	
0.024889098	0.5937841	-0.78639966	0.16845365	
0.024273623	0.5943197	-0.78626674	0.16727084	
0.023616076	0.59497535	-0.7860339	0.16612405	
0.023018712	0.5955391	-0.7858106	0.16524257	
0.023001911	0.5955349	-0.7858105	0.16526055	
0.022350121	0.59611595	-0.7855625	0.1644317	
0.021466099	0.5968004	-0.78527427	0.16344109	
0.020275615	0.597634	-0.78494006	0.1621472	
0.019437943	0.5981794	-0.78472733	0.16126566	
0.01943602	0.5981787	-0.7847271	0.16127014	
0.018071586	0.599119	-0.7843393	0.15981804	
0.01727078	0.5996929	-0.7840954	0.15894844	
0.015757455	0.60075146	-0.78365797	0.15725714	
0.015750362	0.60075015	-0.7836582	0.15726082	
0.015100919	0.6011772	-0.7834658	0.15664995	
0.015077167	0.60117364	-0.78346753	0.15665743	
0.013941794	0.6019041	-0.7830995	0.1557959	
0.013357817	0.6022845	-0.782902	0.1553686	
0.012711181	0.60272974	-0.78267896	0.15481897	
0.011998374	0.6032613	-0.7824237	0.15409441	
0.011122223	0.6039451	-0.78211033	0.153069	
0.010016666	0.6048137	-0.7817412	0.15159427	
0.010005668	0.60481286	-0.7817428	0.15159012	
0.008915601	0.6056941	-0.7813747	0.15002914	
0.008226833	0.60623807	-0.7811428	0.14907679	
0.007120161	0.607131	-0.78075004	0.14754894	
0.006667337	0.6074666	-0.7806143	0.14690551	
0.006225566	0.60777485	-0.78050745	0.14621644	
0.0057583977	0.6080603	-0.78043944	0.14540978	
0.005262465	0.60833544	-0.7804084	0.14444079	
0.0046550957	0.60865015	-0.7804007	0.1431717	
0.0036636929	0.6091088	-0.7804347	0.14104871	
0.0036699485	0.6091093	-0.7804339	0.1410512	
0.0025420138	0.6096361	-0.7804707	0.13857405	
0.0019143687	0.60992557	-0.780489	0.13720044	
0.0014264153	0.6101883	-0.78050154	0.13596173	
0.0010790922	0.6104096	-0.78049713	0.13499376	
7.5655157E-4	0.6106332	-0.7804457	0.13427997	
3.4475408E-4	0.6109081	-0.78032917	0.13370687	
3.587653E-4	-0.6112624	0.7801659	-0.1330392	
0.0010036452	-0.6115268	0.7800584	-0.13244958	
0.0016920887	-0.61176574	0.7799959	-0.13170554	
0.0023329612	-0.6119286	0.78000104	-0.13090627	
0.0029218695	-0.61199343	0.7800858	-0.13008378	
0.0034725554	-0.6119703	0.7802357	-0.12927747	
0.0039554867	-0.6118715	0.7804375	-0.12851068	
0.0043689045	-0.6117266	0.7806658	-0.12779856	
0.0047702226	-0.6115867	0.78088474	-0.12711407	
0.0051848483	-0.6114945	0.78106624	-0.12642421	
0.005612225	-0.61147064	0.7811959	-0.1257182	
0.006195421	-0.6115052	0.78133804	-0.12463511	
0.006204626	-0.6115049	0.78133965	-0.1246262	
0.0067434898	-0.61150354	0.78156316	-0.12319485	
0.0071168374	-0.6114584	0.78174275	-0.1222549	
0.0075460095	-0.6113776	0.7819484	-0.12131462	
0.007944107	-0.6112646	0.7821651	-0.12045944	
0.008273859	-0.61112976	0.78238267	-0.119705066	
0.00886338	-0.61093074	0.7827654	-0.118166566	
0.008870508	-0.61093146	0.7827681	-0.11814565	
0.009124595	-0.610854	0.7829348	-0.11741996	
0.009460742	-0.6107293	0.7831744	-0.11643949	
0.009763066	-0.61057884	0.7834037	-0.115658686	
0.010169358	-0.6103288	0.78373176	-0.11471723	
0.010645229	-0.6099625	0.784147	-0.1137797	
0.011184787	-0.6095567	0.7846044	-0.11274617	
0.011696394	-0.60916275	0.78505045	-0.11171263	
0.012187234	-0.60874397	0.7855175	-0.110655	
0.012505679	-0.60828817	0.7860039	-0.10966714	
0.012742112	-0.6078149	0.7865	-0.10870423	
0.012969702	-0.6073659	0.7869639	-0.10782551	
0.013293513	-0.6068868	0.7874631	-0.106833935	
0.01362939	-0.60652506	0.7878457	-0.10602198	
0.013937869	-0.6061132	0.788272	-0.105165884	
0.014197506	-0.6055427	0.78881705	-0.10432761	
0.014482536	-0.6049601	0.7893674	-0.10350283	
0.014729392	-0.60431594	0.78995854	-0.102718346	
0.014898205	-0.60364264	0.79055846	-0.10203381	
0.014992597	-0.6029775	0.79113823	-0.10145842	
0.015059446	-0.6023374	0.7916932	-0.10091929	
0.015149978	-0.60175484	0.79219943	-0.10040773	
0.01527713	-0.6012067	0.79267865	-0.09988938	
0.015413252	-0.60064286	0.7931657	-0.099392	
0.015542175	-0.60004944	0.79366565	-0.09896458	
0.01580738	-0.59869343	0.79478914	-0.098114565	
0.01596972	-0.59795487	0.7954012	-0.097632	
0.016183145	-0.5972851	0.7959668	-0.09708429	
0.016435722	-0.5967226	0.79645634	-0.09648573	
0.016737489	-0.5962431	0.79688394	-0.09586531	
0.017004808	-0.595819	0.79725826	-0.09534078	
0.017086223	-0.59518677	0.7977693	-0.094999745	
0.017193032	-0.5946793	0.79816693	-0.0948183	
0.017260358	-0.5940706	0.7986261	-0.094754614	
0.017345734	-0.5933488	0.7991713	-0.094666466	
0.017473092	-0.5926009	0.7997479	-0.0944578	
0.017653942	-0.59189975	0.80031085	-0.09405158	
0.017773572	-0.59122705	0.8008835	-0.093382925	
0.01784017	-0.5904554	0.801545	-0.092573054	
0.017856354	-0.5898704	0.8020368	-0.09203819	
0.017809372	-0.58910936	0.8026571	-0.09151316	
0.017697986	-0.5883622	0.8032439	-0.09119135	
0.01758342	-0.5875437	0.8038688	-0.09098499	
0.017509064	-0.58670837	0.8044999	-0.090811215	
0.017476933	-0.5858528	0.8051452	-0.090621896	
0.017510427	-0.5849943	0.8057969	-0.09036754	
0.017368173	-0.58407533	0.80650675	-0.09000794	
0.017172446	-0.5830679	0.8072873	-0.0895774	
0.01696087	-0.5820175	0.8081013	-0.08910834	
0.016718108	-0.58089757	0.808967	-0.08860615	
0.01648076	-0.57988673	0.809744	-0.088172175	
0.016235515	-0.57887894	0.8105146	-0.0877591	
0.015996158	-0.57794386	0.8112301	-0.08735326	
0.015739782	-0.5770985	0.81187993	-0.086952746	
0.015484449	-0.5763721	0.8124413	-0.086571775	
0.015229945	-0.5756964	0.8129641	-0.08620406	
0.0150257815	-0.5750534	0.8134573	-0.08587886	
0.0148904	-0.5743879	0.8139601	-0.085590735	
0.014839406	-0.5736196	0.8145292	-0.085337825	
0.014777857	-0.572838	0.8151079	-0.085072875	
0.01469438	-0.5718439	0.81584054	-0.08475131	
0.014722242	-0.5718426	0.81584346	-0.084727354	
0.014278151	-0.57074946	0.8166479	-0.08442395	
0.013203811	-0.5688766	0.81801534	-0.084000476	
0.01221436	-0.56763047	0.8189247	-0.08371817	
0.011461176	-0.5666827	0.81961787	-0.083461516	
0.009541064	-0.56411624	0.82149464	-0.0826339	
0.009578736	-0.5641143	0.8214977	-0.082614265	
0.008522723	-0.5625676	0.82266396	-0.08166527	
0.007931512	-0.5617991	0.8232583	-0.08102406	
0.0072594145	-0.5610901	0.823821	-0.08027504	
0.0064845006	-0.56039	0.82437134	-0.07958077	
0.005525027	-0.55956984	0.8249946	-0.078962035	
0.004457156	-0.558624	0.82568866	-0.078470916	
0.003318927	-0.55758584	0.82642806	-0.07812619	
0.0022375085	-0.55650896	0.82718265	-0.07785801	
0.0015413733	-0.5555917	0.8278402	-0.077434786	
1.7416966E-4	-0.5537477	0.829163	-0.076499805	
2.3369293E-4	-0.5537435	0.8291649	-0.07650943	
8.595314E-4	0.55232495	-0.830183	0.07571409	
0.0015034552	0.5514857	-0.83077174	0.07536436	
0.0021739465	0.55061376	-0.8313641	0.07519065	
0.0028139218	0.5497589	-0.8319257	0.07521204	
0.003556617	0.54881895	-0.83252686	0.075393565	
0.004217015	0.5480277	-0.83302534	0.07560901	
0.0049624923	0.5471551	-0.83358216	0.0757466	
0.0056959004	0.546303	-0.8341247	0.07587273	
0.0063323905	0.5454603	-0.834667	0.07592068	
0.0070284195	0.5444858	-0.8352861	0.07604637	
0.0075438535	0.5437262	-0.835763	0.0761925	
0.008141243	0.54286945	-0.836297	0.07638103	
0.008841098	0.54192024	-0.8368866	0.07658519	
0.009645815	0.54091537	-0.83751005	0.07677519	
0.010559572	0.5398949	-0.8381412	0.076950245	
0.011659513	0.53879106	-0.8388201	0.07712957	
0.012803047	0.53768516	-0.8394946	0.077328674	
0.013986	0.53654134	-0.8401877	0.07753966	
0.01508148	0.535441	-0.84085596	0.077698134	
0.016109427	0.53437144	-0.84150964	0.07777643	
0.017170787	0.53324455	-0.8422035	0.07777299	
0.01810736	0.5322376	-0.84282744	0.07770057	
0.019199157	0.53114146	-0.8435011	0.0776281	
0.020361861	0.5300807	-0.8441417	0.07761922	
0.021735363	0.52896845	-0.8447946	0.07773158	
0.02323656	0.52784693	-0.8454332	0.07797732	
0.024744205	0.5267413	-0.8460482	0.07831971	
0.026176266	0.5256917	-0.84662116	0.07871339	
0.027179668	0.52490926	-0.8470476	0.07900551	
0.02794282	0.5241788	-0.8474741	0.07901673	
0.028733248	0.5234256	-0.8479124	0.0790242	
0.029447405	0.5226934	-0.84835285	0.078879744	
0.030267173	0.52188087	-0.8488434	0.0786723	
0.031434037	0.5209204	-0.849396	0.07861442	
0.032619834	0.5199534	-0.8499512	0.07853198	
0.035437915	0.5178628	-0.8510752	0.078952126	
0.035406988	0.517862	-0.8510779	0.07894164	
0.036903135	0.5167659	-0.8516469	0.079302974	
0.03839567	0.5156127	-0.8522401	0.079725444	
0.03989854	0.51439655	-0.8528672	0.08013782	
0.042905588	0.51185113	-0.8542194	0.08047857	
0.04440663	0.51048887	-0.8549603	0.08044979	
0.046321515	0.5087783	-0.85588497	0.08037443	
0.047702048	0.50757444	-0.8565274	0.08033375	
0.049479138	0.5060701	-0.8573166	0.08033258	
0.051217273	0.50462586	-0.8580618	0.08037128	
0.05270754	0.50343776	-0.8586635	0.08043281	
0.054253086	0.50226766	-0.85924244	0.080537006	
0.055690076	0.5012183	-0.85974646	0.08071414	
0.057149492	0.5001656	-0.86023915	0.080975264	
0.058546375	0.49916247	-0.86069775	0.081293516	
0.05993173	0.49813792	-0.86115986	0.08167369	
0.06130585	0.4970682	-0.8616356	0.08215304	
0.06226238	0.49632362	-0.861955	0.082583405	
0.063355	0.49553227	-0.8622768	0.08314261	
0.06443394	0.49477047	-0.86257976	0.08370575	
0.0655362	0.49404365	-0.8628597	0.08425613	
0.066819906	0.49332666	-0.8631153	0.084829226	
0.06816948	0.49266908	-0.8633327	0.08536339	
0.06950437	0.49198848	-0.8635679	0.085831165	
0.070926555	0.49122274	-0.8638476	0.086238936	
0.073466554	0.48975343	-0.8644408	0.08652394	
0.073475905	0.48975322	-0.8644396	0.08652922	
0.07457798	0.48913044	-0.86468655	0.08664184	
0.07567514	0.48855734	-0.8649033	0.08676001	
0.07673275	0.4880408	-0.86508656	0.086910926	
0.07776882	0.48743966	-0.8653071	0.08716875	
0.078849494	0.48671496	-0.86558414	0.087495595	
0.080007024	0.48584616	-0.8659248	0.08790208	
0.081290655	0.48479736	-0.86634284	0.08839381	
0.0825806	0.48368737	-0.8667876	0.08891742	
0.08415951	0.4823214	-0.86732936	0.08957093	
0.08550243	0.48124692	-0.86773807	0.09011934	
0.08722225	0.47991815	-0.8682318	0.09079956	
0.08885582	0.4786159	-0.868722	0.09139831	
0.090301715	0.47738028	-0.86920404	0.0918599	
0.09159248	0.476191	-0.8696847	0.09220402	
0.092796996	0.47503102	-0.8701638	0.09246234	
0.093967155	0.47395584	-0.87060124	0.092679486	
0.095490746	0.4726309	-0.87112385	0.09297806	
0.09724912	0.47117215	-0.87167996	0.09334597	
0.0994095	0.46943894	-0.87232	0.09382256	
0.10105005	0.4681793	-0.8727702	0.094177075	
0.10276792	0.4668577	-0.87323594	0.0945606	
0.10417365	0.4657313	-0.8736382	0.09486118	
0.10550812	0.46457106	-0.8740712	0.0950869	
0.1066588	0.46348733	-0.87449753	0.09517178	
0.107733354	0.46240467	-0.8749427	0.09513531	
0.10887655	0.4612197	-0.87543684	0.095040664	
0.11007837	0.45990437	-0.8759924	0.09491104	
0.1116414	0.4578664	-0.87690353	0.094524294	
0.11168444	0.45786405	-0.87689644	0.094550245	
0.113685876	0.45520774	-0.8780772	0.09403207	
0.114901796	0.4536751	-0.8787415	0.09375488	
0.11615022	0.45214644	-0.8793986	0.09343931	
0.11726638	0.4508207	-0.8799611	0.09315501	
0.11847359	0.44942656	-0.8805437	0.09285768	
0.119813904	0.44791034	-0.88116586	0.09256177	
0.12113198	0.44640726	-0.88177115	0.09234378	
0.12257134	0.44469202	-0.8824586	0.09215176	
0.12391601	0.442964	-0.88316166	0.091940664	
0.12541133	0.44091687	-0.88400793	0.09161988	
0.12641628	0.4395512	-0.88457024	0.09137369	
0.1275776	0.43794554	-0.88523734	0.09100868	
0.1297811	0.43496197	-0.8864747	0.09015254	
0.13089542	0.43347603	-0.88707584	0.089785345	
0.13201934	0.4319336	-0.8876937	0.089466274	
0.13311575	0.4303105	-0.8883443	0.08920484	
0.13410975	0.42860746	-0.88904417	0.08894269	
0.13489626	0.42700747	-0.8897166	0.08872432	
0.13571684	0.42532587	-0.8904197	0.08849715	
0.13717735	0.42249504	-0.8915726	0.088196576	
0.13805358	0.42102018	-0.89214754	0.088068254	
0.13902542	0.41939887	-0.8927741	0.08792685	
0.13979445	0.41816473	-0.8932421	0.08783131	
0.14060773	0.4165495	-0.8938796	0.08772354	
0.1412618	0.4152796	-0.89437515	0.08764159	
0.14232996	0.41227102	-0.8956519	0.08707764	
0.14298102	0.41064352	-0.8963414	0.086605676	
0.14306337	0.41064158	-0.896327	0.086626306	
0.14381172	0.40897352	-0.89702344	0.08606914	
0.14470707	0.40723655	-0.8977303	0.085432984	
0.14577219	0.4053184	-0.89849603	0.08468992	
0.1468836	0.40339252	-0.89925057	0.08395306	
0.14810143	0.40129057	-0.9000616	0.08319275	
0.14935772	0.39894813	-0.90096605	0.082419716	
0.15035018	0.39685285	-0.90178525	0.08176782	
0.15120035	0.39479437	-0.9026033	0.0811364	
0.15188098	0.3928511	-0.90339166	0.08052093	
0.15248036	0.39094645	-0.904171	0.0799096	
0.1529587	0.3894605	-0.9047752	0.079410106	
0.15354584	0.38790256	-0.90539354	0.07885344	
0.1542678	0.38626885	-0.90602106	0.07825498	
0.15515226	0.38444105	-0.90670526	0.07757979	
0.15602265	0.38274768	-0.9073232	0.07697987	
0.1569023	0.38091525	-0.9079967	0.0763369	
0.15778881	0.37908876	-0.9086569	0.075743556	
0.1585049	0.37736458	-0.9092992	0.07514891	
0.15908909	0.37557492	-0.9100089	0.074283645	
0.15919177	0.37556583	-0.9099901	0.07433905	
0.15937103	0.37341496	-0.9109636	0.072853014	
0.15953752	0.37220588	-0.91150445	0.0719054	
0.15981226	0.37093484	-0.91205275	0.07090307	
0.16020936	0.369505	-0.9126448	0.069847815	
0.1607881	0.3679071	-0.9132522	0.06900832	
0.16137138	0.36619923	-0.91389906	0.06816239	
0.16198683	0.36453784	-0.9145076	0.06744034	
0.16230664	0.36303812	-0.91508085	0.066985704	
0.16243882	0.36156437	-0.9156763	0.06649767	
0.1625387	0.3603405	-0.9161733	0.06604906	
0.16272648	0.35899362	-0.9167048	0.06554528	
0.16302413	0.35763246	-0.9172182	0.065060966	
0.1634364	0.3561894	-0.91774017	0.06457972	
0.16392592	0.35473314	-0.9182457	0.064169906	
0.164459	0.35329455	-0.91872704	0.06384991	
0.16553102	0.3505797	-0.9196081	0.06335938	
0.16600075	0.3492964	-0.92002815	0.06311956	
0.16642095	0.34805107	-0.9204484	0.062764525	
0.16681822	0.3468238	-0.92087406	0.062257636	
0.16727787	0.3455557	-0.9213104	0.061615907	
0.16783565	0.34423307	-0.92174816	0.06095234	
0.16845568	0.34283203	-0.9221989	0.060318165	
0.16907124	0.3414404	-0.9226382	0.059769537	
0.16969763	0.3400515	-0.92306745	0.059280854	
0.17030752	0.33870852	-0.9234775	0.0588328	
0.17092943	0.33737028	-0.92388195	0.058366586	
0.17151287	0.3360062	-0.9243034	0.05784886	
0.17208278	0.33467537	-0.92471117	0.057351623	
0.17257507	0.33335605	-0.92512494	0.05688093	
0.17292503	0.33199647	-0.92557406	0.056462556	
0.17325878	0.33062088	-0.92602664	0.056088205	
0.1737252	0.32905647	-0.9265112	0.055843074	
0.17421354	0.32743782	-0.9270087	0.055580724	
0.1749609	0.32564646	-0.9275092	0.05540676	
0.17580798	0.32383662	-0.92799324	0.05522647	
0.17670004	0.32199314	-0.92847586	0.055046428	
0.17758437	0.32005253	-0.9289892	0.05485742	
0.17834297	0.31817624	-0.9295005	0.05464839	
0.1790534	0.31604633	-0.9301098	0.054316938	
0.17945395	0.31445852	-0.93058866	0.05400871	
0.17979054	0.31274098	-0.9311219	0.053671513	
0.18015955	0.31098473	-0.931657	0.05335164	
0.18064217	0.30922872	-0.93216455	0.05305885	
0.18127444	0.30739215	-0.9326654	0.052771665	
0.18196516	0.3056062	-0.93313354	0.05249222	
0.18265788	0.30378285	-0.9336152	0.052105084	
0.18319607	0.3021313	-0.93407375	0.05159675	
0.18359505	0.30044094	-0.93457973	0.05088112	
0.18390033	0.29886746	-0.9350705	0.050022323	
0.18422875	0.2971609	-0.93560594	0.048957016	
0.1846005	0.29554853	-0.93609834	0.04789349	
0.18506444	0.29385388	-0.93659544	0.046798322	
0.18557067	0.2921824	-0.9370671	0.04580844	
0.18613525	0.29042977	-0.9375444	0.0448883	
0.1867164	0.2886219	-0.938026	0.04406385	
0.18722953	0.2869983	-0.9384528	0.043399896	
0.18767843	0.28509134	-0.9389837	0.042537548	
0.18791042	0.2837052	-0.93939066	0.04178931	
0.18818527	0.28210604	-0.9398563	0.04089984	
0.18834773	0.280558	-0.9403326	0.039839294	
0.18845561	0.27896944	-0.94083786	0.038531147	
0.18844347	0.27732491	-0.94138825	0.036988497	
0.1885235	0.27732238	-0.94137275	0.036994036	
0.18837653	0.2740248	-0.94247675	0.03409161	
0.1883577	0.2723108	-0.9430203	0.03287983	
0.18838048	0.27051368	-0.94356984	0.03180104	
0.18841657	0.26864773	-0.94412845	0.030809721	
0.1884353	0.2670325	-0.94460857	0.030006023	
0.18845807	0.26510698	-0.94517446	0.029104691	
0.18846503	0.2634377	-0.94566214	0.02836691	
0.18840687	0.26163137	-0.9461976	0.027604975	
0.18829224	0.25961316	-0.94679946	0.026795248	
0.18818317	0.25746217	-0.9474304	0.026001617	
0.18814306	0.25550628	-0.94798565	0.02534001	
0.1879482	0.25168845	-0.94908285	0.023878898	
0.18777253	0.24973632	-0.94965494	0.022997644	
0.1874185	0.24784918	-0.95024306	0.021987975	
0.18684669	0.24593665	-0.95087796	0.020848181	
0.18568316	0.24319935	-0.95184356	0.019227227	
0.18573643	0.24319299	-0.95183426	0.019253153	
0.18483984	0.24105857	-0.95257455	0.018078668	
0.18439043	0.23973113	-0.95300716	0.017510558	
0.18376742	0.23812954	-0.9535393	0.016932273	
0.18339962	0.2370873	-0.95387596	0.01657847	
0.18281993	0.23596966	-0.95427287	0.016083082	
0.18200056	0.23508607	-0.9546594	0.015360673	
0.18131056	0.23441236	-0.95496625	0.014728294	
0.17953767	0.23324138	-0.95561075	0.013144568	
0.17854537	0.23281935	-0.95591044	0.012322549	
0.17765567	0.23253286	-0.95615536	0.011570646	
0.17666532	0.23223999	-0.9564197	0.01073572	
0.17571947	0.2318912	-0.95668805	0.0098556625	
0.17486027	0.23143922	-0.9569638	0.008948297	
0.17412965	0.23086843	-0.95724297	0.008036251	
0.1731334	0.22930412	-0.95781225	0.006338959	
0.17281468	0.2284314	-0.95808244	0.0056804167	
0.17246796	0.22762455	-0.9583398	0.0051831743	
0.17199649	0.22686769	-0.9586061	0.004752117	
0.17135006	0.22620483	-0.9588805	0.004343064	
0.17060122	0.225662	-0.9591436	0.0039359727	
0.16970351	0.22510435	-0.9594357	0.0034549697	
0.16871776	0.22450423	-0.959752	0.0028853447	
0.16776389	0.22383952	-0.96007615	0.0022434243	
0.16698232	0.22308184	-0.9603899	0.0015903253	
0.16650817	0.22189577	-0.96074796	8.5456215E-4	
0.16648306	0.22189814	-0.9607518	8.4585877E-4	
0.16606387	0.22055589	-0.96113366	2.0433494E-4	
0.16576907	0.21987279	-0.961341	-5.1772837E-5	
0.16532432	0.21932447	-0.96154284	-2.3077514E-4	
0.16466545	0.21889251	-0.9617542	-3.9340748E-4	
0.16286743	0.21807273	-0.96224606	-0.0010058124	
0.16286138	0.21807416	-0.9622468	-0.0010133184	
0.16189885	0.21759486	-0.96251696	-0.0015457975	
0.16105466	0.21698625	-0.96279466	-0.0021981052	
0.16059405	0.21613191	-0.96306205	-0.0028414244	
0.16029441	0.21526383	-0.96330446	-0.00341663	
0.15967757	0.21355917	-0.9637829	-0.004255583	
0.15887247	0.21288812	-0.9640623	-0.0047253575	
0.15809733	0.21221392	-0.96433544	-0.0052577103	
0.15703009	0.21154885	-0.96465147	-0.006016749	
0.15591606	0.21100177	-0.96494645	-0.0068499185	
0.15457334	0.21044236	-0.9652767	-0.00788098	
0.15326683	0.20991947	-0.9655898	-0.008911477	
0.15207052	0.20937417	-0.9658874	-0.00992876	
0.15123822	0.20874996	-0.9661419	-0.010969545	
0.15086237	0.20815599	-0.96631944	-0.011763828	
0.15058754	0.2074975	-0.9664952	-0.012462128	
0.15033513	0.20687123	-0.96666074	-0.013064237	
0.14999409	0.20629974	-0.96682763	-0.013660044	
0.14948148	0.20577244	-0.96700984	-0.014322256	
0.1480598	0.20493561	-0.9673837	-0.015766604	
0.14707576	0.20448665	-0.967613	-0.01670734	
0.14593937	0.20372516	-0.9679237	-0.017928945	
0.14526309	0.20306374	-0.96814805	-0.018794488	
0.14486285	0.20238996	-0.96833575	-0.019468583	
0.1443782	0.20158409	-0.96855986	-0.020265948	
0.14436819	0.20158568	-0.9685609	-0.020273928	
0.14375646	0.19930562	-0.9690979	-0.021462254	
0.1432986	0.19759044	-0.9694983	-0.022287212	
0.14286572	0.19656473	-0.96975857	-0.022807123	
0.14235154	0.19551703	-0.9700316	-0.023404714	
0.14170933	0.19452097	-0.970312	-0.023970675	
0.14078344	0.19353098	-0.9706308	-0.024527812	
0.13998613	0.19289054	-0.9708648	-0.024874795	
0.13894321	0.19216569	-0.9711489	-0.025241578	
0.13794015	0.19145378	-0.9714236	-0.025579184	
0.13699329	0.19065982	-0.9717041	-0.025941176	
0.13627297	0.1897768	-0.9719683	-0.026311457	
0.13587245	0.1888689	-0.9721915	-0.02666388	
0.1355312	0.1879331	-0.97241235	-0.02696097	
0.13504878	0.1870769	-0.9726383	-0.027182736	
0.13409273	0.18605119	-0.9729598	-0.027448261	
0.13411558	0.18605329	-0.9729555	-0.02747416	
0.13229153	0.18492526	-0.9734089	-0.027872698	
0.13127474	0.18430644	-0.9736547	-0.028190793	
0.13036679	0.18362604	-0.9738925	-0.028627947	
0.12973371	0.18290377	-0.9740985	-0.029111298	
0.12932487	0.18210922	-0.9742871	-0.029597467	
0.1290583	0.18129416	-0.9744605	-0.030052636	
0.12874423	0.18049474	-0.9746384	-0.030439125	
0.12827073	0.17977397	-0.97482413	-0.030755594	
0.12744948	0.17902598	-0.975058	-0.031118037	
0.12688828	0.1785029	-0.9752188	-0.031378616	
0.12605509	0.17787619	-0.9754289	-0.031760827	
0.1252169	0.17720325	-0.97564447	-0.032212634	
0.124388084	0.17653108	-0.97585404	-0.032762755	
0.12359962	0.1756965	-0.9760841	-0.033371583	
0.12282706	0.17480592	-0.9763176	-0.03406679	
0.122087866	0.1740044	-0.97653276	-0.034653746	
0.12135799	0.17320122	-0.976748	-0.03517136	
0.120740816	0.17244238	-0.9769439	-0.03558127	
0.119949095	0.17149003	-0.9771925	-0.036031988	
0.119979635	0.17148547	-0.9771905	-0.03600699	
0.11843766	0.17054929	-0.97752213	-0.036550142	
0.11745356	0.17008314	-0.9777079	-0.036929555	
0.11638453	0.16967323	-0.9778872	-0.037446123	
0.1152009	0.16925022	-0.9780729	-0.03816617	
0.11396997	0.16883779	-0.9782553	-0.039005958	
0.11267303	0.16845638	-0.9784367	-0.039860766	
0.11127627	0.16808616	-0.9786277	-0.040650986	
0.10996699	0.1677653	-0.9788077	-0.04120195	
0.10869156	0.16742721	-0.9789944	-0.041525174	
0.107903406	0.16713801	-0.97912955	-0.041559104	
0.10710658	0.16682248	-0.9792751	-0.04145705	
0.10632667	0.16658537	-0.97940654	-0.041315373	
0.105490476	0.16645113	-0.97952324	-0.041233122	
0.10450594	0.16639611	-0.97963464	-0.04131411	
0.10314141	0.16642815	-0.9797602	-0.04163618	
0.10208356	0.16649303	-0.97984385	-0.042013187	
0.1006601	0.16657633	-0.97995156	-0.04260261	
0.09915048	0.1666648	-0.9800612	-0.04327009	
0.097670496	0.16674343	-0.98016644	-0.043942362	
0.096196555	0.16695854	-0.9802436	-0.044648822	
0.09496117	0.16716605	-0.9803011	-0.04525278	
0.09372732	0.16744108	-0.98034596	-0.045832116	
0.09232371	0.16778646	-0.98039323	-0.0464029	
0.09085958	0.16815345	-0.98044103	-0.04695054	
0.089385875	0.16850632	-0.980488	-0.047530938	
0.08795691	0.1688145	-0.9805352	-0.048124596	
0.08661631	0.16908123	-0.9805805	-0.048693664	
0.08533036	0.1693512	-0.9806214	-0.049200695	
0.084043734	0.16968867	-0.9806529	-0.04962205	
0.082694836	0.17014785	-0.98067266	-0.049923945	
0.08138434	0.17071228	-0.98067653	-0.05007479	
0.07994584	0.17141788	-0.9806702	-0.050106157	
0.07839325	0.17225215	-0.98065156	-0.050063018	
0.07685365	0.17312232	-0.9806253	-0.04996301	
0.07528765	0.17401917	-0.98059636	-0.04979867	
0.072764084	0.17563182	-0.98052347	-0.049322326	
0.07176858	0.17631194	-0.9804903	-0.049010888	
0.07070004	0.1771081	-0.98044807	-0.048536777	
0.070685275	0.17710912	-0.98044884	-0.04853902	
0.0693883	0.17793383	-0.98043066	-0.047754824	
0.0686592	0.1783959	-0.9804191	-0.04731967	
0.06781207	0.17899714	-0.9803878	-0.046918377	
0.0670296	0.17950316	-0.9803621	-0.04664581	
0.066075616	0.18015245	-0.9803201	-0.046385463	
0.065179534	0.18083577	-0.98026633	-0.04613111	
0.06428566	0.18163721	-0.9801933	-0.045785174	
0.06343899	0.18255371	-0.9801003	-0.045311965	
0.062726006	0.18347451	-0.9799991	-0.04476915	
0.062075354	0.18451686	-0.979876	-0.044083353	
0.061421297	0.18554126	-0.97975594	-0.04336315	
0.06073166	0.18654834	-0.9796378	-0.042676903	
0.05998432	0.18761867	-0.97950697	-0.04203977	
0.059270807	0.18863004	-0.9793782	-0.041522767	
0.05852485	0.18967846	-0.97923946	-0.041073795	
0.05770457	0.19081475	-0.9790856	-0.04063743	
0.056837194	0.19194746	-0.9789327	-0.040206604	
0.055871308	0.19310814	-0.9787794	-0.039733723	
0.05487375	0.19435179	-0.9786108	-0.03920632	
0.054181356	0.1953643	-0.97846514	-0.03877127	
0.053621512	0.1963527	-0.9783171	-0.038291372	
0.053216733	0.19724725	-0.97818017	-0.037750483	
0.052941997	0.19805206	-0.9780577	-0.037091836	
0.0526548	0.19882113	-0.9779479	-0.036270082	
0.052219387	0.19967273	-0.97783357	-0.03529281	
0.05079519	0.20177531	-0.97755104	-0.033177197	
0.05002722	0.20295404	-0.97738165	-0.03212569	
0.049370993	0.20410332	-0.9772068	-0.031164607	
0.048819818	0.20532514	-0.97701097	-0.0301311	
0.048442665	0.20645358	-0.9768231	-0.029102715	
0.048152972	0.2076188	-0.9766242	-0.027946234	
0.047889575	0.20879927	-0.9764199	-0.02671395	
0.047549766	0.21006577	-0.9761994	-0.025419585	
0.047012307	0.21145262	-0.9759568	-0.024207057	
0.04629433	0.21288502	-0.975703	-0.023250168	
0.04539755	0.21439433	-0.97543037	-0.022580357	
0.044512782	0.21581177	-0.97515994	-0.022516623	
0.043679707	0.21719512	-0.974888	-0.022624753	
0.043121934	0.21818322	-0.9746891	-0.022754384	
0.04268363	0.21913056	-0.9744945	-0.022815555	
0.04244053	0.21996738	-0.97431964	-0.022685532	
0.042359326	0.22075564	-0.9741535	-0.022306034	
0.042309802	0.22162546	-0.9739729	-0.021651639	
0.042133998	0.22260143	-0.97377527	-0.02085938	
0.04174175	0.22373183	-0.9735511	-0.020002782	
0.041165996	0.22492827	-0.9733159	-0.01921013	
0.04050273	0.22614883	-0.97307384	-0.018537292	
0.039852723	0.2272802	-0.97284746	-0.017982421	
0.03918706	0.2283758	-0.97262824	-0.017410599	
0.0386141	0.2293859	-0.97242516	-0.01674581	
0.03820379	0.23038898	-0.9722191	-0.015857339	
0.038019948	0.23140986	-0.9720015	-0.014730708	
0.03806692	0.23253147	-0.97175246	-0.013313565	
0.038210556	0.23370156	-0.9714866	-0.011723761	
0.03830184	0.23502831	-0.97118336	-0.009878939	
0.038292862	0.23632692	-0.9708852	-0.008077843	
0.038209878	0.23766162	-0.9705762	-0.0062255217	
0.038170222	0.23887533	-0.97028905	-0.0045574456	
0.03827629	0.23998918	-0.9700161	-0.0029777999	
0.03845357	0.24087799	-0.969792	-0.0016187339	
0.03877258	0.2416609	-0.9695857	-4.8015238E-4	
0.039168168	0.24245165	-0.96937233	5.7499285E-4	
0.03955998	0.24320024	-0.9691678	0.0015814934	
0.039999053	0.24393806	-0.9689624	0.0025001273	
0.040627833	0.2460772	-0.9683888	0.0043118736	
0.04062261	0.24607861	-0.96838886	0.0042774756	
0.04081382	0.24686697	-0.96817815	0.0046950383	
0.040990144	0.24743275	-0.9680252	0.0049179806	
0.041262746	0.24809138	-0.967844	0.0051059397	
0.041608576	0.24871263	-0.96766907	0.005233929	
0.041999485	0.24930172	-0.9675001	0.005328161	
0.0423513	0.24986947	-0.9673374	0.005470262	
0.042600155	0.2505259	-0.96715516	0.005750071	
0.042741816	0.25129986	-0.96694535	0.006189551	
0.04280085	0.25215352	-0.96671695	0.0067249085	
0.04298559	0.2540219	-0.96621037	0.007921305	
0.04296926	0.2540227	-0.966211	0.007904631	
0.043175563	0.25494343	-0.96595484	0.008432652	
0.0434884	0.25581667	-0.9657058	0.008888829	
0.043679494	0.2566313	-0.9654779	0.009213213	
0.04393193	0.25733685	-0.9652755	0.009538666	
0.044272058	0.25797474	-0.9650856	0.009937363	
0.044683956	0.25859097	-0.96489614	0.010471119	
0.045023706	0.2592624	-0.9646925	0.011155915	
0.04546547	0.26092917	-0.9642014	0.012832977	
0.04565107	0.26187322	-0.96392417	0.01373706	
0.045862395	0.26281196	-0.9636465	0.0145660965	
0.046132818	0.2637915	-0.9633533	0.015369442	
0.046596367	0.26480034	-0.9630418	0.016126022	
0.046931613	0.26556185	-0.9628062	0.016691554	
0.047328673	0.266402	-0.9625429	0.017357305	
0.047706746	0.26726297	-0.9622723	0.018072661	
0.048027847	0.26812914	-0.9620005	0.018850276	
0.04829747	0.26908305	-0.96170366	0.019694371	
0.048483822	0.27004194	-0.9614082	0.020515902	
0.048684705	0.27126014	-0.9610327	0.021539832	
0.048676215	0.27126053	-0.9610332	0.021531632	
0.049102273	0.27276865	-0.96055484	0.02281588	
0.049464576	0.2735297	-0.9603035	0.023497375	
0.049942352	0.27418816	-0.96007437	0.02416025	
0.050515518	0.2748159	-0.95984703	0.024863178	
0.051144544	0.27542374	-0.9596204	0.025587246	
0.051822238	0.27603292	-0.9593883	0.02635072	
0.05249034	0.27667493	-0.9591454	0.027124824	
0.053056855	0.27731866	-0.9589079	0.027838366	
0.05353418	0.27797732	-0.9586717	0.028482975	
0.05395962	0.27870718	-0.95841545	0.02916348	
0.054229468	0.27937317	-0.95818764	0.029773135	
0.054447785	0.28017083	-0.95791835	0.030530993	
0.054577	0.28102255	-0.95763355	0.031397004	
0.05466318	0.2819446	-0.9573247	0.032381613	
0.054768756	0.28288475	-0.95700526	0.033432376	
0.054940652	0.28382015	-0.95667934	0.034530357	
0.055181332	0.28465122	-0.956381	0.035555672	
0.055533666	0.28541356	-0.95609206	0.036648776	
0.056084827	0.28617546	-0.95579004	0.037730966	
0.05604497	0.2861749	-0.95579267	0.037727345	
0.056829628	0.28718218	-0.95538557	0.03918369	
0.057229325	0.28789052	-0.9551112	0.04008081	
0.057627145	0.28863257	-0.9548223	0.041047867	
0.058132127	0.28936264	-0.9545282	0.042022523	
0.058714673	0.2900614	-0.954243	0.042864513	
0.05933911	0.29079315	-0.95394826	0.04360001	
0.059962206	0.2915927	-0.95363474	0.044261497	
0.06054297	0.29250535	-0.9532892	0.044888414	
0.0610018	0.2933848	-0.95296216	0.04546825	
0.061428547	0.2942279	-0.95264435	0.046102755	
0.061873347	0.29510775	-0.95230323	0.046920955	
0.062337674	0.29593998	-0.951966	0.04789948	
0.06285407	0.29684222	-0.9515865	0.049165633	
0.06319952	0.29752547	-0.9512955	0.050212607	
0.06353067	0.29829696	-0.95096797	0.05140841	
0.06381083	0.29902077	-0.9506635	0.052476425	
0.06409437	0.2996836	-0.9503855	0.05337786	
0.0644213	0.30029535	-0.9501273	0.05413576	
0.06494323	0.3009501	-0.94984066	0.05490171	
0.06543965	0.30136204	-0.94964796	0.055383842	
0.066193245	0.30179778	-0.94942445	0.05594658	
0.0670817	0.30223963	-0.94918513	0.05655925	
0.06798138	0.30274853	-0.94891804	0.057239104	
0.068839476	0.303387	-0.9486057	0.05800739	
0.069550335	0.30413663	-0.9482645	0.05880733	
0.06993395	0.3050288	-0.9479024	0.05956457	
0.07030969	0.30593997	-0.9475291	0.060382623	
0.07057081	0.30684096	-0.9471691	0.061148215	
0.070891745	0.3077426	-0.9468034	0.06190549	
0.071530156	0.3085186	-0.94644475	0.06278687	
0.072235644	0.30917802	-0.9461184	0.06364716	
0.07302885	0.30985314	-0.94577193	0.064601064	
0.07401495	0.31073368	-0.94531685	0.06589834	
0.07402178	0.31073403	-0.94531626	0.06589715	
0.07533057	0.31191164	-0.9446886	0.06782297	
0.07600356	0.31260177	-0.9443241	0.06896191	
0.07659424	0.3133378	-0.94394594	0.070135	
0.077070475	0.31407547	-0.94357866	0.07124738	
0.077494785	0.3149315	-0.9431696	0.07241409	
0.07778905	0.3156365	-0.94284695	0.073226124	
0.07804351	0.3163364	-0.94253844	0.07390374	
0.07825121	0.31710893	-0.9422093	0.07456769	
0.07838712	0.31792068	-0.9418712	0.07523734	
0.07842656	0.3187396	-0.9415367	0.075914465	
0.0784361	0.31955898	-0.94120073	0.07662237	
0.07871029	0.32098484	-0.94057983	0.07799369	
0.07905385	0.32150456	-0.9403273	0.07854958	
0.079482116	0.32194182	-0.9401094	0.07893395	
0.07991479	0.3222975	-0.93993545	0.07911709	
0.08033491	0.32266533	-0.939768	0.079180054	
0.080699995	0.32309103	-0.93959093	0.07917504	
0.080972955	0.32358316	-0.9393999	0.079153545	
0.08117818	0.32415769	-0.93918276	0.07916896	
0.08155574	0.3247445	-0.93891025	0.07960689	
0.08191756	0.32532132	-0.9386305	0.08017686	
0.08226581	0.32586992	-0.93835175	0.0808527	
0.082597286	0.32637823	-0.9380797	0.08161733	
0.08288015	0.326917	-0.9377932	0.08246351	
0.08306524	0.32750437	-0.937483	0.083466284	
0.08317096	0.32807878	-0.93717813	0.08452314	
0.0832154	0.32860944	-0.9368918	0.085586175	
0.083261475	0.3290013	-0.9366599	0.08656772	
0.08329915	0.32929456	-0.9364685	0.08748197	
0.08333481	0.3294935	-0.93632555	0.08822631	
0.083348975	0.32963198	-0.9362139	0.08887744	
0.083309226	0.3297395	-0.93612236	0.08947805	
0.08324923	0.32985172	-0.9360347	0.090036914	
0.08313114	0.330009	-0.9359375	0.09057687	
0.083056815	0.33016732	-0.93584156	0.09105941	
0.08313221	0.33026215	-0.935754	0.09154559	
0.08317734	0.3302682	-0.9357508	0.09151451	
0.083700396	0.3301854	-0.9356485	0.09237852	
0.08400668	0.33017033	-0.93556666	0.09298134	
0.08401365	0.33032548	-0.9354812	0.09328374	
0.08401936	0.3304914	-0.9353916	0.09358823	
0.08395056	0.3306833	-0.935305	0.09383798	
0.08388931	0.3308528	-0.9352342	0.09400012	
0.083903976	0.33093876	-0.93518996	0.094124675	
0.084002756	0.33091292	-0.93517756	0.09425056	
0.084215924	0.3307656	-0.9351931	0.09442327	
0.0845256	0.3305204	-0.9352295	0.09464464	
0.084875	0.33024323	-0.935267	0.09492878	
0.08524882	0.32999095	-0.93528676	0.095274605	
0.085624486	0.32978255	-0.9352886	0.09564177	
0.08593065	0.32963085	-0.9352814	0.09595919	
0.08623065	0.32952872	-0.9352643	0.09620799	
0.08659249	0.329496	-0.93522847	0.09634272	
0.08700836	0.32952157	-0.93517655	0.09638505	
0.08742393	0.32957214	-0.93513453	0.09624335	
0.08782615	0.32965183	-0.93510497	0.0958911	
0.0883552	0.32971224	-0.9350584	0.09565117	
0.08884314	0.32968745	-0.93505186	0.09534772	
0.089029625	0.32955655	-0.9351516	0.09464575	
0.08907663	0.3294286	-0.935289	0.09368407	
0.08903512	0.3294561	-0.9353677	0.092837475	
0.08897965	0.32963753	-0.93536633	0.092258394	
0.08902905	0.3298886	-0.9353134	0.09184893	
0.089108914	0.33015755	-0.93523014	0.091652356	
0.08913703	0.33048195	-0.9351112	0.09166939	
0.08909468	0.33088562	-0.9349476	0.091924	
0.08897747	0.33131927	-0.9347597	0.092385344	
0.08886373	0.33167073	-0.9345905	0.09294296	
0.08877392	0.3318945	-0.93446064	0.09353409	
0.08870935	0.33197767	-0.93438625	0.094041914	
0.08867621	0.33195916	-0.9343583	0.09441539	
0.08869111	0.3318696	-0.934363	0.09466901	
0.0886878	0.33174846	-0.9343904	0.09482699	
0.08868954	0.331642	-0.9344246	0.09486105	
0.08875139	0.3315232	-0.9344644	0.094826184	
0.08889922	0.33137724	-0.9345125	0.09472263	
0.089146204	0.3312054	-0.9345671	0.09455321	
0.089413226	0.33106467	-0.93462366	0.094235085	
0.08966264	0.3309851	-0.9346572	0.0939436	
0.089792915	0.3309644	-0.93469036	0.093561746	
0.08980907	0.33099645	-0.93471646	0.09317118	
0.0897536	0.33105922	-0.9347338	0.09282734	
0.089682736	0.33113408	-0.93474096	0.09255634	
0.0896192	0.3312226	-0.9347341	0.09236921	
0.089575306	0.3312861	-0.93472445	0.092282206	
0.089552335	0.33135375	-0.9347035	0.09227353	
0.08953386	0.33142504	-0.9346717	0.09235822	
0.08952514	0.3314846	-0.93463695	0.09250358	
0.08952533	0.33153915	-0.9345961	0.09272052	
0.08952395	0.33158556	-0.9345586	0.09293446	
0.08955172	0.33162653	-0.934524	0.09310898	
0.08960045	0.3316686	-0.9344921	0.09323227	
0.08969884	0.33171234	-0.9344621	0.09328357	
0.08983881	0.33176103	-0.934432	0.09327572	
0.08999679	0.33183074	-0.9343985	0.09321165	
0.090143636	0.33189768	-0.9343692	0.093126155	
0.09024083	0.33194944	-0.9343499	0.09304097	
0.090258025	0.33200765	-0.9343328	0.09298815	
0.09020212	0.33208713	-0.9343113	0.09297346	
0.090129375	0.33213407	-0.93429875	0.09300249	
0.090046674	0.33218104	-0.93428737	0.09303015	
0.089976996	0.33219504	-0.9342881	0.09304008	
0.09006053	0.33216244	-0.93429846	0.09297149	
0.090157494	0.3321659	-0.9343001	0.09284784	
0.09030092	0.33217278	-0.9343003	0.092682175	
0.09045291	0.33232686	-0.93424946	0.09249426	
0.09058885	0.3325654	-0.934162	0.09238715	
0.09066402	0.33277085	-0.9340855	0.09234669	
0.090705946	0.33298597	-0.93400764	0.09231796	
0.09074707	0.3331402	-0.9339532	0.09227079	
0.090791464	0.3332124	-0.93393314	0.09217071	
0.09081005	0.33320343	-0.93395	0.09201345	
0.09078461	0.33312535	-0.9339961	0.09185327	
0.09072869	0.3330357	-0.9340417	0.09176994	
0.09061788	0.33287	-0.9341026	0.09186021	
0.09058554	0.33285692	-0.93409157	0.09205136	
0.09059496	0.33292076	-0.93404466	0.09228731	
0.09062194	0.33303663	-0.93398136	0.09248367	
0.090666994	0.33320507	-0.9339005	0.092649676	
0.09071849	0.33338386	-0.93382066	0.092760116	
0.09072711	0.3335728	-0.9337464	0.09281987	
0.09067027	0.33376393	-0.9336823	0.09283189	
0.09055038	0.33395058	-0.93362993	0.09280604	
0.0902802	0.33423987	-0.9335564	0.092766926	
0.09020195	0.33437076	-0.93351865	0.09275105	
0.0902038	0.33451694	-0.93346184	0.09279381	
0.09025935	0.33463213	-0.93340707	0.09287578	
0.09032929	0.33478794	-0.93332785	0.09304223	
0.09041932	0.334978	-0.9332287	0.093264826	
0.09059108	0.33517662	-0.93311495	0.09352313	
0.09074185	0.33542445	-0.93298703	0.09376378	
0.09056864	0.3357276	-0.9328916	0.0937951	
0.09040126	0.33589837	-0.9328598	0.093662366	
0.0901508	0.33599478	-0.93285936	0.09356202	
0.08997649	0.33598486	-0.93289894	0.093370795	
0.08982988	0.33590293	-0.93295634	0.093232356	
0.08971518	0.33577025	-0.93302315	0.0931523	