0.063423604	0.8478911	-0.4871443	0.19937085
0.063382156	0.8478334	-0.4872468	0.19937864
0.06332314	0.84776294	-0.48734176	0.19946489
0.063249655	0.84767896	-0.4874484	0.19958468
0.06321397	0.8475576	-0.4876072	0.19972345
0.06326127	0.8473931	-0.4878319	0.19985802
0.06339076	0.84720176	-0.48808804	0.20000222
0.06362121	0.8470067	-0.48835063	0.2001141
0.06393678	0.8468314	-0.48858792	0.20017652
0.06428267	0.8466973	-0.48876783	0.20019408
0.064590015	0.8466269	-0.4888659	0.20015357
0.0647708	0.84663796	-0.48886296	0.20005503
0.06480702	0.84671706	-0.48874724	0.19999135
0.064722694	0.8468418	-0.4885364	0.20000568
0.064574495	0.8469639	-0.4883128	0.2000828
0.06444265	0.8470304	-0.4881592	0.2002179
0.064433195	0.84703	-0.48812503	0.20030609
0.06446936	0.84696937	-0.48817942	0.2004184
0.064510465	0.8468894	-0.48826316	0.20053914
0.06455556	0.84681714	-0.4883361	0.20065208
0.06462359	0.8467694	-0.48836717	0.20075595
0.06472727	0.84674597	-0.4883576	0.20084473
0.06487217	0.846737	-0.48832688	0.20091055
0.065045714	0.8467453	-0.48827487	0.20094612
0.065231144	0.8467728	-0.48819003	0.20097561
0.06540427	0.8468154	-0.48807615	0.20101644
0.06553706	0.84686166	-0.48795554	0.2010712
0.06561402	0.84690464	-0.4878462	0.20113057
0.065603524	0.84695166	-0.48774636	0.20117807
0.06550024	0.8470116	-0.48764488	0.20120534
0.065350026	0.84708726	-0.48752964	0.20121491
0.06519082	0.84717065	-0.48740587	0.20121557
0.06505876	0.84725595	-0.4872757	0.2012144
0.06497655	0.84733886	-0.48713735	0.20122688
0.06494937	0.8474197	-0.48698092	0.20127393
0.06498829	0.84746337	-0.48686498	0.20135793
0.06512628	0.84745514	-0.48681077	0.20147878
0.06527586	0.8474352	-0.4867604	0.2016363
0.06537907	0.8474322	-0.48672733	0.20169514
0.06547026	0.84745276	-0.4866576	0.20174755
0.06552148	0.8475366	-0.48653474	0.20167434
0.065558404	0.84763163	-0.4863887	0.20161536
0.06555256	0.8477399	-0.4862199	0.20156935
0.06555552	0.84783554	-0.48603904	0.20160232
0.06550462	0.847926	-0.48582983	0.2017427
0.06544229	0.8479925	-0.48564282	0.20193389
0.06540654	0.8480192	-0.48551053	0.20215097
0.065404825	0.8480132	-0.48542526	0.20238136
0.06540236	0.84800446	-0.48536405	0.20256555
0.065389656	0.84800476	-0.48531976	0.20267464
0.065220304	0.8480693	-0.4852636	0.20259373
0.06514428	0.848109	-0.48522016	0.20255594
0.06508179	0.8481415	-0.48517945	0.2025369
0.06505063	0.8481625	-0.48514223	0.20254868
0.06505573	0.8481335	-0.48516923	0.20260364
0.065122895	0.84806097	-0.4852461	0.20270179
0.06522345	0.84796596	-0.4853467	0.20282611
0.06532443	0.84788567	-0.4854297	0.20293055
0.065410845	0.8478404	-0.48547286	0.20298834
0.06546764	0.847829	-0.48547947	0.20300195
0.06550809	0.8478157	-0.4854875	0.20302533
0.06555863	0.8477562	-0.48552552	0.20316637
0.065439396	0.84768295	-0.4855515	0.20344791
0.06535706	0.8476742	-0.48556805	0.2034712
0.06518865	0.84764487	-0.48556808	0.20364751
0.06501677	0.8476048	-0.4855423	0.20393053
0.0648823	0.84756863	-0.48549545	0.20423521
0.0647519	0.84753567	-0.48544288	0.20453829
0.06467872	0.84748334	-0.48540384	0.20487027
0.06465722	0.847427	-0.48538768	0.2051481
0.064685345	0.8474035	-0.48535675	0.20530942
0.06475219	0.84744734	-0.48526707	0.20531939
0.06477314	0.8475596	-0.48509377	0.2052588
0.06476692	0.84769875	-0.48488376	0.20518248
0.06473967	0.84783167	-0.48468137	0.20512004
0.06471351	0.8479234	-0.4845381	0.20508762
0.06469894	0.84794843	-0.48448092	0.20512387
0.06472616	0.84790087	-0.48450184	0.20526242
0.06478633	0.84779036	-0.4845923	0.20548633
0.06488392	0.8476164	-0.4847465	0.20580943
0.064979136	0.84741604	-0.48492664	0.20617957
0.06501858	0.847227	-0.4850922	0.20655417
0.06497364	0.8470903	-0.48519823	0.20687988
0.064829335	0.8469985	-0.4852432	0.20719507
0.064685434	0.8469706	-0.48523188	0.20738064
0.06452094	0.8469469	-0.48522973	0.20753379
0.06446984	0.8469481	-0.48518786	0.20764272
0.06453365	0.846933	-0.4851813	0.20769955
0.06472838	0.846893	-0.48519775	0.20776354
0.06501592	0.8468201	-0.4852619	0.20782107
0.06499232	0.8468288	-0.48526922	0.20777592
0.065439835	0.8466812	-0.48539278	0.20794871
0.065971546	0.8465359	-0.4854838	0.20815878
0.06617901	0.84649557	-0.4854692	0.20829129
0.06630361	0.84646016	-0.48543322	0.20847933
0.06621591	0.84644616	-0.4853229	0.2088211
0.06608858	0.8464581	-0.48517495	0.20915641
0.06597794	0.8464607	-0.48505154	0.20946646
0.065820605	0.8464726	-0.48491576	0.20978215
0.06570589	0.8464769	-0.48479992	0.210068
0.065649115	0.846447	-0.48475173	0.21031764
0.06566567	0.84638685	-0.48475176	0.2105544
0.065743566	0.8462914	-0.48480004	0.2108021
0.06584087	0.8461959	-0.4848482	0.21104415
0.065932445	0.84609985	-0.48485622	0.21138221
0.06597729	0.8460442	-0.48476592	0.21179816
0.06593748	0.84605646	-0.48458746	0.21216956
0.06587027	0.8461034	-0.48432514	0.21260081
0.06578697	0.8461807	-0.48403847	0.21297243
0.065755025	0.8462608	-0.48375437	0.21330906
0.06584672	0.8463065	-0.48353973	0.21358591
0.066115424	0.8463004	-0.48340845	0.21382447
0.066516094	0.8462385	-0.4833716	0.21402825
0.06691679	0.8461687	-0.48337287	0.21417598
0.06742268	0.846086	-0.483369	0.21435276
0.06799175	0.8460061	-0.48333183	0.2145723
0.06841343	0.8459827	-0.48323804	0.21474183
0.068784095	0.84603107	-0.48304734	0.21486175
0.06907748	0.8461177	-0.48281392	0.21495098
0.0693757	0.8461993	-0.482564	0.21509467
0.06970389	0.84624726	-0.48232776	0.21533018
0.07003649	0.8462559	-0.48212808	0.2156348
0.07047238	0.84616137	-0.48198456	0.21618417
0.07046468	0.84616315	-0.48198676	0.21617475
0.070952214	0.84594667	-0.48197442	0.21688905
0.071197264	0.84580946	-0.48196846	0.21735612
0.07144337	0.8456663	-0.48196435	0.21784174
0.07158728	0.8455825	-0.48194197	0.2181686
0.07174132	0.845504	-0.48188007	0.21855898
0.071887776	0.84543574	-0.4818101	0.21892837
0.07208019	0.84533834	-0.48175842	0.21935442
0.072322994	0.84519964	-0.48174465	0.21983884
0.07265867	0.8450232	-0.48176897	0.22035244
0.0730563	0.84482515	-0.4818241	0.22085908
0.07347112	0.84461915	-0.48190576	0.22133057
0.073919706	0.8444065	-0.48199534	0.22179751
0.07426108	0.84424055	-0.48207787	0.22213572
0.07463484	0.84405375	-0.48218924	0.22247799
0.07500434	0.8438635	-0.48230153	0.22283196
0.07578546	0.8435573	-0.48231542	0.22369534
0.076210395	0.8434401	-0.4822031	0.2242342
0.076637566	0.84335697	-0.48201564	0.22480355
0.07709255	0.8432955	-0.48174882	0.22544973
0.077566445	0.8432426	-0.48143956	0.22614504
0.07803589	0.84317464	-0.48115867	0.226833
0.07855453	0.8430582	-0.48093244	0.2275656
0.07903519	0.8429119	-0.48081294	0.2281928
0.0794388	0.84279186	-0.48076808	0.22859032
0.07983384	0.8426611	-0.4807726	0.22892472
0.08028976	0.84252334	-0.4807686	0.22928113
0.08079055	0.8424243	-0.48071095	0.22958906
0.08135434	0.8423211	-0.48063487	0.22992797
0.08196166	0.8422065	-0.48054153	0.23032671
0.0825687	0.84209055	-0.48044983	0.23072454
0.08344898	0.84188294	-0.4803003	0.23147565
0.08401001	0.841697	-0.4801887	0.23217969
0.08433803	0.8415539	-0.48014042	0.23267853
0.08464258	0.84138155	-0.4801337	0.23320453
0.084943905	0.84118336	-0.48016083	0.23375353
0.085272394	0.84096235	-0.48018512	0.23437814
0.08558011	0.84074533	-0.480182	0.23505035
0.08583562	0.8405428	-0.48013958	0.23576741
0.08605134	0.84035194	-0.48007268	0.23650405
0.086256474	0.8401612	-0.4800193	0.23721394
0.08652432	0.8399108	-0.48000562	0.23802966
0.08678307	0.83969134	-0.48003906	0.23864111
0.087142065	0.8393812	-0.48016518	0.23934719
0.08802066	0.8387523	-0.48044014	0.24067448
0.08848887	0.8384715	-0.48051703	0.24132748
0.08890572	0.8382621	-0.48050648	0.24192171
0.08926556	0.8381318	-0.48039308	0.24246505
0.08959219	0.8380443	-0.48022598	0.24297751
0.089927256	0.83795506	-0.48006338	0.2434819
0.09026862	0.8378471	-0.4799457	0.24395926
0.09062033	0.83771086	-0.4798626	0.24445942
0.0909801	0.8375506	-0.47980016	0.24499689
0.09135505	0.83737504	-0.47973955	0.24557547
0.09175161	0.83721906	-0.4796244	0.24618381
0.09217076	0.83705664	-0.4794858	0.24684845
0.092596956	0.836881	-0.47934285	0.24756132
0.09300636	0.83670974	-0.4791807	0.24829932
0.09335082	0.83658814	-0.47897762	0.24897061
0.09365232	0.83651173	-0.47872433	0.2496007
0.093958974	0.83645546	-0.47842824	0.25024092
0.09427353	0.83640176	-0.47812694	0.25087726
0.09456181	0.8363479	-0.47787723	0.25142315
0.09483281	0.8362869	-0.47764066	0.251973
0.095067814	0.83620554	-0.47746938	0.2524789
0.09532181	0.83605653	-0.47737703	0.25305045
0.09560227	0.83581257	-0.477394	0.2537175
0.09589988	0.8355104	-0.47748494	0.25442806
0.096210636	0.83518076	-0.47758698	0.25520065
0.09653094	0.8348113	-0.47770438	0.25606763
0.09685198	0.8344413	-0.47781065	0.2569522
0.09711395	0.8341867	-0.47787306	0.2575634
0.09739165	0.83396584	-0.47789398	0.2581345
0.09768948	0.8337895	-0.47786486	0.25864467
0.09795885	0.83363384	-0.47785735	0.259058
0.09824646	0.83354014	-0.47778124	0.25939053
0.09854716	0.8334669	-0.47765437	0.2597452
0.098792836	0.8333983	-0.4775111	0.2601356
0.098955505	0.83334774	-0.47733986	0.26054958
0.099161915	0.83320415	-0.4770486	0.26146248
0.09914108	0.83320016	-0.47705412	0.2614729
0.09926644	0.8330282	-0.47661772	0.26276577
0.09913461	0.83308613	-0.47623792	0.26331985
0.09894656	0.8332006	-0.47580662	0.26380765
0.09878504	0.8333239	-0.4753476	0.2643057
0.09867776	0.83344996	-0.47484905	0.26484403
0.09861303	0.8335587	-0.47439086	0.26534647
0.09855136	0.83372486	-0.4735264	0.26638937
0.0985515	0.8337617	-0.47318828	0.26687443
0.098518156	0.83379096	-0.47292152	0.26726776
0.098528236	0.8338049	-0.47268316	0.26764172
0.0986243	0.83377665	-0.47248444	0.2680453
0.09884361	0.8337121	-0.47230074	0.26848862
0.099195786	0.8336263	-0.47212544	0.26893297
0.09964679	0.83354497	-0.47192693	0.2693665
0.10013765	0.83356106	-0.47158656	0.26973087
0.10069071	0.8337054	-0.47085115	0.27036268
0.10079735	0.833892	-0.47034773	0.27062348
0.10080303	0.8341108	-0.46982798	0.27084973
0.10074255	0.8343384	-0.46931365	0.27106285
0.10073761	0.8344776	-0.46881554	0.27149782
0.10073544	0.8345524	-0.46839502	0.27199408
0.1006882	0.8346371	-0.46791664	0.27257466
0.100624494	0.83469605	-0.46745872	0.2732028
0.100549676	0.83475035	-0.46698952	0.27386588
0.10048712	0.83479315	-0.4665281	0.27454415
0.10048584	0.8348173	-0.46609724	0.27520218
0.10060467	0.8349281	-0.46553135	0.27577955
0.100689895	0.83486694	-0.46549508	0.27599502
0.10104184	0.8352261	-0.46469086	0.27613452
0.10138744	0.83542985	-0.46421465	0.2761927
0.10179668	0.8356379	-0.46374717	0.2761979
0.10219249	0.8358499	-0.4632962	0.27616742
0.10251454	0.8361027	-0.46282116	0.27607912
0.10273961	0.83637637	-0.46233252	0.27598533
0.10297592	0.8366573	-0.46181744	0.2759082
0.102939166	0.8366278	-0.46182454	0.27599946
0.103111446	0.83679634	-0.46152568	0.2759238
0.10358203	0.83684283	-0.46139175	0.2758308
0.10389817	0.83680177	-0.46138725	0.27584386
0.10382231	0.8367872	-0.4614088	0.27588052
0.10458469	0.83670187	-0.46139523	0.27587393
0.10497848	0.8366131	-0.461419	0.27595368
0.10536675	0.83647877	-0.4614566	0.2761505
0.10571133	0.8363263	-0.46149457	0.2764168
0.10597477	0.8361891	-0.4615075	0.27670956
0.1061851	0.8361253	-0.46138558	0.27702475
0.10633101	0.83609176	-0.46133512	0.27715385
0.10634508	0.83620256	-0.4609214	0.27750233
0.106423065	0.8363108	-0.4605564	0.27775216
0.10645619	0.83648604	-0.46009013	0.27798468
0.10646255	0.83664155	-0.4596751	0.27820063
0.10621014	0.8369569	-0.4589456	0.27855247
0.10643559	0.836948	-0.4588733	0.27861267
0.10637268	0.83710486	-0.4584855	0.27880353
0.10631245	0.83726615	-0.45810068	0.27897492
0.10627534	0.837462	-0.45768666	0.27908045
0.10637374	0.83766264	-0.45733398	0.2790191
0.106557384	0.83784866	-0.45704633	0.27886176
0.106764235	0.8380462	-0.45678192	0.27862212
0.10693534	0.83824486	-0.4565311	0.27837017
0.10700022	0.8384272	-0.45630082	0.27817336
0.106908955	0.8386026	-0.4560778	0.27804554
0.106668994	0.83877164	-0.4558457	0.27800834
0.10582559	0.8391351	-0.4553175	0.2780996
0.105268866	0.83942944	-0.4548633	0.27816588
0.104835205	0.83971274	-0.45440817	0.2782183
0.10427347	0.84010935	-0.45376968	0.27827424
0.103622146	0.84058523	-0.45296726	0.2783878
0.102953486	0.84109	-0.4520557	0.2785928
0.10220357	0.8416382	-0.45101315	0.27890268
0.10139333	0.8421988	-0.44995257	0.27921912
0.100507565	0.84274215	-0.44894373	0.27952367
0.09967795	0.84325826	-0.44798276	0.27980602
0.098846294	0.84375745	-0.44706494	0.28006372
0.09812468	0.84418666	-0.44619545	0.2804105
0.09748323	0.8446035	-0.44534275	0.28073475
0.09691092	0.84504086	-0.4444625	0.28101134
0.09607718	0.84561414	-0.44336453	0.28130725
0.09532257	0.8461243	-0.44237998	0.28158012
0.09453435	0.8467184	-0.441246	0.2818392
0.09378618	0.84737015	-0.43998986	0.28209397
0.092989884	0.8480381	-0.43868217	0.28238696
0.09225185	0.8486414	-0.43747476	0.2826893
0.091655076	0.8491861	-0.4363486	0.28298822
0.09111746	0.84965855	-0.4353414	0.2832948
0.09057464	0.85011685	-0.43433952	0.28363156
0.09008704	0.8505155	-0.43344977	0.2839528
0.089615904	0.85090005	-0.43257087	0.28428948
0.08900742	0.85140544	-0.43139103	0.28475997
0.08900577	0.851417	-0.4313935	0.2847222
0.08838699	0.8519919	-0.430056	0.28521824
0.08804726	0.8523384	-0.4292126	0.28555852
0.08772892	0.8526999	-0.42828983	0.2859624
0.08742774	0.85307425	-0.42733523	0.28636587
0.0870179	0.8536251	-0.42594618	0.28691795
0.08700471	0.8536337	-0.42595184	0.28688803
0.08648327	0.85441124	-0.4241172	0.28744864
0.08614028	0.8549122	-0.42300674	0.2876982
0.08612967	0.8549164	-0.42301086	0.28768298
0.08495456	0.8562969	-0.41972518	0.2887371
0.08445235	0.85674816	-0.41859162	0.28919113
0.083833925	0.85724115	-0.41730592	0.28976804
0.08312536	0.857745	-0.41597885	0.29038826
0.08236088	0.8582558	-0.41465908	0.29098386
0.08153142	0.85878575	-0.413308	0.29157513
0.08081923	0.85923165	-0.41216257	0.29208067
0.08007874	0.85962355	-0.4110667	0.29267555
0.07953562	0.85994	-0.41012156	0.29321945
0.079069614	0.8602131	-0.40920952	0.29381812
0.078640305	0.8605115	-0.40819415	0.29447094
0.07818826	0.8608511	-0.40713176	0.29506895
0.07749531	0.8612809	-0.40587163	0.29573292
0.07678348	0.8617094	-0.40468368	0.2962975
0.075977676	0.8621799	-0.40342984	0.29684612
0.07508591	0.8626939	-0.4021196	0.2973571
0.07421144	0.8632099	-0.40085196	0.29779035
0.07334389	0.8637514	-0.39956415	0.2981655
0.0725517	0.8642817	-0.39833984	0.29846084
0.07177332	0.8648504	-0.39703912	0.2987348
0.07118247	0.86531574	-0.39593777	0.29899025
0.07001641	0.8662748	-0.39358032	0.2996
0.069458656	0.8667625	-0.392388	0.29988313
0.06895054	0.86724776	-0.39123067	0.30010945
0.068461455	0.8677788	-0.3899948	0.30029532
0.068081476	0.8682494	-0.38889316	0.3004495
0.067741655	0.86868894	-0.38786662	0.300583
0.06693193	0.86957115	-0.38570005	0.30100116
0.066342704	0.8699631	-0.38461637	0.30138564
0.06554311	0.8704344	-0.3833091	0.30186477
0.06459274	0.8709176	-0.38201895	0.30231082
0.0635134	0.87147856	-0.3806477	0.30265275
0.061718844	0.8724962	-0.37838966	0.30292332
0.06171158	0.87248206	-0.37838906	0.30296633
0.060098913	0.8734037	-0.37634093	0.30318597
0.059101958	0.8739734	-0.37507445	0.30330965
0.05813317	0.87451017	-0.37376285	0.30356854
0.057147443	0.87502843	-0.37240028	0.30393666
0.05604606	0.87556714	-0.37094826	0.30436566
0.054934897	0.8761367	-0.3694617	0.3047372
0.053815342	0.8767384	-0.36798787	0.3049896
0.05272057	0.87737095	-0.36653003	0.3051172
0.051694028	0.87804323	-0.36505413	0.3051282
0.050754387	0.87873167	-0.36359233	0.30504957
0.04991584	0.8794064	-0.3621939	0.3049075
0.04910357	0.88007724	-0.3607501	0.30481526
0.048333637	0.8806823	-0.35929653	0.30490774
0.047680076	0.88114905	-0.3580272	0.3051552
0.046979137	0.88159573	-0.35667387	0.30555803
0.046199806	0.88204676	-0.35525706	0.3060253
0.045337327	0.8825459	-0.35378245	0.30642346
0.044510644	0.8830378	-0.35242194	0.306695
0.04360342	0.88360643	-0.35094926	0.30687627
0.042710584	0.8842007	-0.34947073	0.30697736
0.041846886	0.8848079	-0.3479812	0.30703917
0.041034594	0.8854162	-0.34648097	0.3070917
0.04029287	0.8860066	-0.3449949	0.30716032
0.039621335	0.886561	-0.3435684	0.30724683
0.038980704	0.8870991	-0.3421526	0.3073555
0.038398333	0.8875889	-0.34086075	0.30745015
0.03673744	0.8889764	-0.33731633	0.30755338
0.036715176	0.8889717	-0.33732265	0.3075627
0.036238708	0.8893736	-0.3362772	0.3076022
0.035690356	0.8897863	-0.33516154	0.30769023
0.035098985	0.89022607	-0.33395076	0.30780256
0.034403577	0.89071846	-0.33254513	0.30797872
0.03365626	0.8912148	-0.33112934	0.30815098
0.032864198	0.8917286	-0.32969013	0.3082928
0.03199262	0.8922837	-0.32815477	0.3084169
0.031026835	0.892883	-0.3265234	0.3085121
0.030089445	0.8934326	-0.32499975	0.30862284
0.029090656	0.8939782	-0.3233908	0.3088287
0.028095009	0.8944639	-0.3218241	0.30915084
0.027148554	0.8948696	-0.32038015	0.30956095
0.025871102	0.89535505	-0.31849122	0.31021503
0.024895787	0.8957171	-0.31707713	0.31069776
0.02488222	0.8957156	-0.31708133	0.31069914
0.022020627	0.8970541	-0.31244794	0.3117458
0.022007091	0.89704883	-0.31245112	0.3117586
0.020619249	0.8980464	-0.30953375	0.3118917
0.019898634	0.89863545	-0.30783418	0.31192422
0.019247612	0.899214	-0.30614802	0.31195685
0.01863945	0.89977646	-0.30449626	0.31198874
0.01795077	0.90041643	-0.302653	0.31197628
0.017368592	0.90094435	-0.30114076	0.31194845
0.016761916	0.9015165	-0.29949978	0.31190863
0.01616821	0.90208364	-0.2978541	0.3118759
0.015607481	0.90260977	-0.29632634	0.31183755
0.015097211	0.9031556	-0.294695	0.3118284
0.01467193	0.9035881	-0.2933638	0.311851
0.014252778	0.90403736	-0.29198667	0.31186077
0.013834808	0.9045086	-0.29060894	0.31180042
0.013423005	0.9049759	-0.28926745	0.3117096
0.013027919	0.9054305	-0.2879225	0.31165156
0.012607988	0.905919	-0.2864417	0.31161332
0.012223778	0.9063732	-0.28504196	0.31159148
0.011896629	0.90678006	-0.28374225	0.3116067
0.011554639	0.9071966	-0.28238952	0.31163627
0.011172071	0.90760505	-0.2810531	0.3116686
0.010805163	0.9079723	-0.27973875	0.3117947
0.010373821	0.9083296	-0.27841455	0.31195384
0.0099135125	0.9086621	-0.27713075	0.31214374
0.009418751	0.90897465	-0.27588797	0.31234947
0.008848132	0.9093024	-0.2745557	0.31258592
0.008261789	0.90962833	-0.27329963	0.31275457
0.0075954567	0.91000104	-0.27196088	0.31285426
0.0068908287	0.91039497	-0.2706007	0.312904
0.0061915917	0.91079074	-0.26921535	0.31296173
0.005481243	0.91116256	-0.26784298	0.3130703
0.0047254143	0.9115377	-0.26640037	0.31322145
0.0040206807	0.91187197	-0.26504973	0.31340414
0.0032739362	0.91222376	-0.26360807	0.3136047
0.0025753977	0.9125567	-0.2622657	0.31376806
0.001838303	0.91292703	-0.260866	0.31386295
0.0010278902	0.9133574	-0.2593771	0.3138485
0.00022807425	0.91379386	-0.25793487	0.31376818
0.0006597106	-0.91424793	0.2564818	-0.31363592
0.0016350237	-0.91473526	0.254931	-0.31347573
0.0025904023	-0.9152154	0.25336203	-0.3133397
0.003416298	-0.91565627	0.25191322	-0.31321204
0.004160927	-0.9161132	0.2504223	-0.3130623
0.004791638	-0.9165911	0.2489329	-0.31284225
0.0053141946	-0.9170598	0.24755074	-0.31255677
0.005767629	-0.9175141	0.24616082	-0.3123132
0.006243399	-0.9179727	0.24470893	-0.31209743
0.006722146	-0.9183549	0.24342115	-0.31196994
0.0072898287	-0.9186976	0.24216634	-0.31192476
0.008778854	-0.91936296	0.2395902	-0.3119157
0.009661976	-0.91969144	0.2382932	-0.3119144
0.010596274	-0.9200537	0.23695898	-0.311832
0.0114934975	-0.9204236	0.23566355	-0.31169066
0.012203741	-0.9207435	0.23458776	-0.3115303
0.012800442	-0.9210746	0.23347712	-0.31136197
0.013351405	-0.9213812	0.23244746	-0.31120184
0.013856732	-0.9216876	0.23138125	-0.31106722
0.014337624	-0.92198795	0.23031116	-0.3109495
0.0148446	-0.92229384	0.22920196	-0.3108377
0.015388063	-0.92261064	0.22803654	-0.31072837
0.01596016	-0.9229281	0.22684118	-0.31063157
0.016664373	-0.9233003	0.2254229	-0.31052113
0.017233692	-0.92358613	0.22431695	-0.3104409
0.0179664	-0.9239492	0.22291115	-0.3103318
0.018678848	-0.9243022	0.22156802	-0.31020042
0.019393006	-0.92467093	0.22020867	-0.31002557
0.020081608	-0.92503667	0.21886806	-0.30983981
0.020728761	-0.9253693	0.21764117	-0.30966792
0.021285847	-0.92563576	0.21650152	-0.30963275
0.021700751	-0.925864	0.21547265	-0.30963948
0.022090578	-0.92608047	0.2144925	-0.30964518
0.022518162	-0.9263193	0.21348876	-0.3095935
0.02299657	-0.9265896	0.21244347	-0.30946824
0.023546102	-0.92690873	0.21128523	-0.3092643
0.024124455	-0.9272507	0.21005222	-0.30903438
0.024798222	-0.92765296	0.20856237	-0.30878288
0.025342094	-0.9279857	0.20726436	-0.3086127
0.025910845	-0.92833525	0.20579004	-0.308501
0.026429486	-0.92865324	0.20434768	-0.3084589
0.02691874	-0.92894816	0.20295353	-0.30844882
0.027433895	-0.9292306	0.20159023	-0.30844685
0.028133431	-0.92955154	0.1999784	-0.3084658
0.028138725	-0.9295501	0.19997975	-0.30846885
0.029365784	-0.9299795	0.19778974	-0.30847207
0.030121798	-0.9302375	0.19652566	-0.30842936
0.03089244	-0.93049955	0.19528414	-0.30835116
0.031699937	-0.9307947	0.19395614	-0.30821654
0.03247388	-0.9310917	0.192634	-0.30806822
0.03325189	-0.93140465	0.1912497	-0.3079014
0.03402777	-0.93173516	0.18980879	-0.30770844
0.034790948	-0.93206865	0.18836296	-0.30750147
0.035512034	-0.9323817	0.18698002	-0.30731392
0.036287557	-0.9327044	0.18555757	-0.3071063
0.037100315	-0.9330158	0.18419634	-0.3068826
0.038045734	-0.9333699	0.18271773	-0.30657402
0.03915143	-0.93372893	0.1811524	-0.30627015
0.040056128	-0.9340379	0.17991158	-0.30594227
0.041068077	-0.93440896	0.17847243	-0.3055174
0.042389963	-0.93490136	0.17638277	-0.30504364
0.04331142	-0.9353163	0.17458588	-0.30467567
0.043966267	-0.9356388	0.17325817	-0.30434972
0.04396549	-0.9356431	0.17325935	-0.30433595
0.044611357	-0.93593186	0.17210671	-0.30400756
0.045443904	-0.9362017	0.1707822	-0.30380052
0.046041213	-0.9363364	0.17001542	-0.30372524
0.046717055	-0.93644637	0.16924222	-0.30371508
0.04743028	-0.9365437	0.16848521	-0.3037253
0.04814028	-0.9366379	0.16776401	-0.30372253
0.048778653	-0.93673027	0.16712984	-0.3036852
0.049366057	-0.93683237	0.16654854	-0.30359483
0.04988961	-0.93692964	0.16601531	-0.30350086
0.050401405	-0.9370326	0.16543712	-0.3034144
0.0508713	-0.9371401	0.16483942	-0.30332932
0.051422153	-0.9372691	0.16406348	-0.30325815
0.051894095	-0.9373791	0.16337663	-0.30320886
0.052431926	-0.93750036	0.16256778	-0.30317613
0.052992135	-0.9376311	0.16172314	-0.30312622
0.053600248	-0.93778896	0.16083817	-0.3030018
0.0542407	-0.9379706	0.1599158	-0.30281392
0.054986726	-0.9381257	0.159086	-0.30263534
0.05571743	-0.9382684	0.15831867	-0.302462
0.056352396	-0.9383827	0.15770032	-0.30231285
0.056968436	-0.93850416	0.15704778	-0.30216002
0.057500664	-0.938638	0.15638469	-0.3019872
0.05790294	-0.9387298	0.15592837	-0.3018607
0.05829046	-0.9388022	0.15550594	-0.30177918
0.05868054	-0.93886983	0.15508981	-0.3017072
0.05909562	-0.9389443	0.15467472	-0.30160734
0.059567597	-0.93902797	0.15422162	-0.3014862
0.060099468	-0.9391081	0.15373304	-0.3013807
0.06069424	-0.93917465	0.15319094	-0.30132982
0.061348308	-0.93921673	0.1526126	-0.30135968
0.061981067	-0.93923837	0.15204242	-0.30145127
0.06260454	-0.93926096	0.15142602	-0.30156222
0.06308996	-0.9392862	0.15088728	-0.30165246
0.06352459	-0.9393123	0.15035889	-0.30174387
0.06391588	-0.9393315	0.1498874	-0.30183616
0.064696446	-0.9393834	0.14907643	-0.3019099
0.06516082	-0.93937755	0.1487044	-0.30201146
0.06571694	-0.9393601	0.1482893	-0.3021497
0.06637288	-0.93933743	0.14777711	-0.3023274
0.06703659	-0.9393152	0.14721827	-0.30252248
0.06775454	-0.9393059	0.14654064	-0.30272037
0.06848713	-0.9393217	0.14577721	-0.3028752
0.069155134	-0.93937355	0.14496088	-0.3029544
0.06981403	-0.9394588	0.14414284	-0.30292934
0.07044791	-0.9395689	0.14333677	-0.30282333
0.071081854	-0.9396855	0.14258225	-0.30266944
0.071769305	-0.93979496	0.14191876	-0.30247945
0.072710656	-0.93992615	0.14107673	-0.3022407
0.072746724	-0.93991834	0.1410863	-0.3022518
0.07390249	-0.9400543	0.13998692	-0.30205956
0.0745462	-0.9401432	0.1393107	-0.30193737
0.07522713	-0.940237	0.13847883	-0.30185932
0.075257264	-0.94024754	0.13849384	-0.30181208
0.07582724	-0.94033456	0.13758834	-0.30181223
0.077054285	-0.94051385	0.13570605	-0.301795
0.0776766	-0.94057643	0.13492337	-0.3017914
0.0783598	-0.9406143	0.13425551	-0.3017946
0.079164155	-0.9406364	0.13365798	-0.30178112
0.080005296	-0.9406221	0.13317613	-0.30181673
0.08088313	-0.9405592	0.13287665	-0.30191094
0.081639715	-0.9404894	0.13260998	-0.30204198
0.08213077	-0.94044256	0.13243937	-0.30212945
0.08248156	-0.94039696	0.1322527	-0.30225745
0.08264687	-0.9403397	0.13205567	-0.30247667
0.082676694	-0.94029963	0.13180113	-0.30270392
0.08260442	-0.94032097	0.13145463	-0.30280808
0.0824686	-0.9404421	0.13102165	-0.30265662
0.082318746	-0.9405862	0.13065928	-0.30240583
0.08214421	-0.9407854	0.13027799	-0.3019981
0.08197685	-0.94100004	0.12987933	-0.30154625
0.08182722	-0.941156	0.12954019	-0.3012459
0.081645496	-0.941293	0.12916473	-0.30102813
0.08145698	-0.9413928	0.12877755	-0.3009333
0.08129551	-0.941477	0.12828483	-0.30092365
0.081194595	-0.94156575	0.12776348	-0.3008954
0.08111407	-0.94168794	0.12731445	-0.30072471
0.08103504	-0.9418019	0.12704007	-0.30050528
0.08099307	-0.94191265	0.1268949	-0.3002306
0.08095194	-0.94198257	0.12685753	-0.30003816
0.081113584	-0.9418636	0.12686495	-0.30036455
0.08111581	-0.94210064	0.12678	-0.2996554
0.08133347	-0.94215846	0.12653862	-0.2995168
0.08160844	-0.9422115	0.12616283	-0.29943353
0.08191193	-0.9422537	0.12570313	-0.2994113
0.08223925	-0.94231606	0.12517816	-0.29934555
0.08252114	-0.94241005	0.12469854	-0.2991721
0.08277132	-0.94258183	0.12427337	-0.29873857
0.08295106	-0.94280064	0.12400426	-0.29810944
0.08306628	-0.9430663	0.12387914	-0.2972877
0.08302464	-0.94305843	0.12386109	-0.29733193
0.08321893	-0.9436051	0.12391463	-0.29551527
0.08328586	-0.9438416	0.12383941	-0.2947719
0.08334529	-0.9440415	0.123708375	-0.29416925
0.08339166	-0.94422936	0.12352985	-0.29362738
0.0834508	-0.9444231	0.12329524	-0.2930859
0.08349993	-0.944645	0.12298736	-0.2924856
0.08352795	-0.9448988	0.12260064	-0.29181954
0.0835148	-0.9451974	0.122133054	-0.29105115
0.08344385	-0.9454907	0.121690266	-0.290303
0.08332772	-0.9458296	0.12119523	-0.2894386
0.08321646	-0.9461701	0.12067008	-0.28857586
0.0831094	-0.94646424	0.12021799	-0.28782997
0.08301354	-0.9467688	0.11979214	-0.28703228
0.08300288	-0.9470282	0.119417764	-0.28633484
0.08302406	-0.94726044	0.11910195	-0.28569138
0.083084494	-0.9474879	0.118834615	-0.28502998
0.083154626	-0.947685	0.11859603	-0.28445312
0.08324869	-0.9478763	0.11835154	-0.28388932
0.08338296	-0.94807076	0.11807247	-0.28331634
0.083551176	-0.94827217	0.117751434	-0.2827258
0.08376562	-0.94845766	0.11738944	-0.28218982
0.08407591	-0.9486832	0.1168724	-0.28155345
0.084457934	-0.94893885	0.116251156	-0.2808339
0.08530284	-0.94956607	0.11476	-0.27906603
0.085732	-0.9498807	0.11398572	-0.2781799
0.0861015	-0.9501956	0.11322583	-0.2772992
0.0864006	-0.9504999	0.11254777	-0.27643785
0.08660663	-0.9507677	0.11201143	-0.27566952
0.08682971	-0.9510594	0.11149312	-0.2748016
0.087038845	-0.9513304	0.111100934	-0.27395508
0.087276235	-0.9516444	0.11071567	-0.27294326
0.08754474	-0.9519785	0.110334545	-0.2718443
0.087814994	-0.9523338	0.10992931	-0.27067396
0.088022366	-0.9526893	0.109431244	-0.26955515
0.08818865	-0.95306116	0.10885969	-0.2684155
0.088275775	-0.9534614	0.108214475	-0.2672236
0.08826265	-0.95388955	0.10751089	-0.26598117
0.08820037	-0.9542694	0.10680937	-0.26491952
0.08806018	-0.95474154	0.10599305	-0.26358986
0.0880535	-0.9547582	0.10599867	-0.26352894
0.08784146	-0.95520765	0.105523184	-0.2621588
0.087679744	-0.95549315	0.10539494	-0.2612223
0.08747353	-0.9557773	0.10540131	-0.2602475
0.08722088	-0.95604986	0.105490334	-0.25929365
0.08692609	-0.95633	0.10559375	-0.2583156
0.086630054	-0.9566268	0.10562889	-0.25729972
0.08644075	-0.9568352	0.10557035	-0.25661132
0.08629726	-0.9570551	0.10539887	-0.2559091
0.08617521	-0.95734686	0.10499753	-0.2550226
0.08612641	-0.9575626	0.104636066	-0.25437674
0.08607005	-0.95786333	0.104115225	-0.25347555
0.08598668	-0.9581974	0.1035713	-0.2524621
0.0858324	-0.9586201	0.10289434	-0.25118336
0.08560824	-0.95907104	0.10219759	-0.24981926
0.085313246	-0.9595404	0.10147387	-0.24840908
0.08532681	-0.9595434	0.10147937	-0.24839026
0.08475117	-0.9603946	0.10023289	-0.24578996
0.08459857	-0.9607766	0.09965728	-0.24458124
0.08458608	-0.96112895	0.0990632	-0.24343969
0.08457895	-0.9614769	0.09849065	-0.24229734
0.08475786	-0.9617978	0.09793744	-0.24118333
0.08496824	-0.9621171	0.0973774	-0.24006018
0.085208155	-0.9624371	0.09685077	-0.23890248
0.085460015	-0.9627288	0.096365325	-0.23783113
0.085771784	-0.963047	0.09574357	-0.23667882
0.08613028	-0.9633502	0.095127866	-0.23556057
0.086512305	-0.9636484	0.094418265	-0.23448393
0.08688319	-0.9639327	0.09371347	-0.23345882
0.08737641	-0.9645504	0.09235306	-0.23125528
0.08738138	-0.9645512	0.09235491	-0.23124884
0.08749094	-0.9648447	0.09181527	-0.23019572
0.087606736	-0.9651429	0.09130897	-0.22910024
0.08780317	-0.965455	0.09081014	-0.22790568
0.08811041	-0.96576244	0.09032935	-0.22667214
0.08849006	-0.9660442	0.08988881	-0.22549541
0.0889341	-0.9663051	0.08950764	-0.22435151
0.08942761	-0.96656084	0.08912929	-0.22320125
0.08990629	-0.9668066	0.088767216	-0.22208638
0.09035157	-0.9670611	0.088384844	-0.2209472
0.09070546	-0.9673228	0.087999836	-0.21980695
0.091016576	-0.96762645	0.08752664	-0.21852753
0.09131072	-0.96794087	0.08697577	-0.2172285
0.0916232	-0.96824765	0.08637491	-0.21596523
0.091986105	-0.96853113	0.08574957	-0.21478625
0.09239515	-0.96879137	0.08511905	-0.21368507
0.09282346	-0.969029	0.08451626	-0.21265835
0.09323524	-0.96924025	0.08398323	-0.2117248
0.0935946	-0.9694303	0.08355352	-0.21086445
0.0938757	-0.9696054	0.08329039	-0.21003728
0.093915254	-0.96982217	0.08313071	-0.20907971
0.09394809	-0.9699932	0.08300607	-0.20832
0.09396349	-0.97019243	0.082904615	-0.20742352
0.09401376	-0.97039825	0.08278776	-0.20648192
0.094105065	-0.97060925	0.08264046	-0.2055059
0.09419086	-0.9708393	0.08243869	-0.2044582
0.09435913	-0.9710726	0.08199306	-0.20344897
0.094604686	-0.9713307	0.08135453	-0.20235638
0.09491788	-0.9715808	0.08061154	-0.20130377
0.09490949	-0.971587	0.08061291	-0.20127721
0.095587954	-0.97205883	0.07896133	-0.19932346
0.09601177	-0.9722546	0.07819805	-0.1984636
0.09659138	-0.97246563	0.07741481	-0.19745271
0.09727096	-0.97268176	0.07665491	-0.1963481
0.098027915	-0.97288585	0.07595942	-0.1952276
0.098822564	-0.9730789	0.0753001	-0.19411725
0.09961205	-0.9732521	0.07469224	-0.19307767
0.10039052	-0.97342324	0.0740857	-0.19204225
0.10111246	-0.97360843	0.07345626	-0.19096366
0.101729624	-0.9738195	0.07279918	-0.18980776
0.102210864	-0.97406024	0.0721154	-0.18857087
0.102527075	-0.97430134	0.07148424	-0.18739085
0.10276162	-0.9745627	0.07087492	-0.18613002
0.1029331	-0.97485274	0.07028657	-0.1847345
0.10305245	-0.97511524	0.069825485	-0.18345277
0.10319829	-0.97539973	0.06934299	-0.18203641
0.10339426	-0.97568345	0.06883434	-0.18059185
0.10362169	-0.97597045	0.0682874	-0.17911224
0.10388412	-0.9762463	0.06776221	-0.17765012
0.10420266	-0.9765425	0.06712914	-0.17606908
0.1045113	-0.97681004	0.06660077	-0.17459658
0.1047974	-0.9770747	0.066095464	-0.1731296
0.10502435	-0.9773338	0.06561777	-0.17170571
0.105224304	-0.9776097	0.065252215	-0.17014481
0.10530475	-0.97787285	0.06498483	-0.16867933
0.105217546	-0.97813815	0.06482972	-0.16724876
0.10485523	-0.97841984	0.06472667	-0.1658634
0.104476824	-0.9786995	0.06462363	-0.1644867
0.10421852	-0.97892475	0.0644733	-0.16336481
0.10396331	-0.97915214	0.06425955	-0.16224524
0.103804804	-0.97929084	0.0641431	-0.16155422
0.10360943	-0.9794352	0.0640288	-0.1608484
0.10343297	-0.9795694	0.06397697	-0.1601642
0.10329593	-0.9796976	0.064000465	-0.15945745
0.103178605	-0.9798127	0.06410596	-0.15878229
0.1031047	-0.97993195	0.064279504	-0.1580223
0.10302321	-0.9800609	0.0644507	-0.15720361
0.10294271	-0.98018986	0.06456657	-0.15640312
0.10291958	-0.9803277	0.06459151	-0.15554138
0.10295303	-0.9804776	0.064521536	-0.15460126
0.10300429	-0.9806282	0.0644001	-0.15365982
0.103064574	-0.9807812	0.06425674	-0.15269938
0.10315406	-0.9809463	0.06412872	-0.1516286
0.103273	-0.9811259	0.06397207	-0.15044697
0.10338189	-0.9812896	0.06382091	-0.14936474
0.10345474	-0.98145366	0.06365736	-0.14830248
0.10348952	-0.9816136	0.063458696	-0.1473021
0.1035331	-0.9817829	0.063216165	-0.14624278
0.10356553	-0.98196465	0.06287947	-0.14514118
0.103578016	-0.9821457	0.06252701	-0.14405516
0.10359658	-0.9823431	0.062113438	-0.14286998
0.1036828	-0.98253703	0.061678723	-0.1416573
0.10387383	-0.98273903	0.061210457	-0.14031246
0.10415327	-0.98291105	0.060820974	-0.13906418
0.10446796	-0.9830554	0.06052275	-0.13793373
0.10470436	-0.9831773	0.060317498	-0.136972
0.10488922	-0.9833007	0.060147047	-0.13601613
0.104911864	-0.9833962	0.060072724	-0.13533984
0.10482557	-0.98349917	0.06004289	-0.13466927
0.10466493	-0.98360634	0.060066223	-0.13400032
0.10448349	-0.9837257	0.060095534	-0.13325007
0.10429223	-0.9838531	0.06009638	-0.13245615
0.10410425	-0.98397875	0.06006699	-0.13168268
0.10387841	-0.9841241	0.059990454	-0.13080618
0.103613414	-0.98426396	0.059910346	-0.12999822
0.103356436	-0.9843961	0.059823994	-0.1292395
0.10311065	-0.9845188	0.05971389	-0.12855092
0.10288468	-0.98463994	0.059563197	-0.12787177
0.10268236	-0.9847565	0.059393574	-0.12721384
0.102517135	-0.9848684	0.059244785	-0.12654883
0.10241614	-0.9849768	0.059103213	-0.12585093
0.10239381	-0.98507893	0.05894704	-0.1251414
0.102420576	-0.9851791	0.058794055	-0.12440087
0.102461115	-0.9852905	0.058632147	-0.12355785
0.10250106	-0.9854206	0.058415294	-0.12258683
0.10256552	-0.98554003	0.058157094	-0.12169251
0.10270821	-0.98565274	0.057836413	-0.120808706
0.10294277	-0.98575824	0.05741585	-0.11994591
0.10321965	-0.9858579	0.05689206	-0.11913591
0.10363967	-0.98599446	0.056148708	-0.117988504
0.10366297	-0.98598874	0.056148358	-0.11801527
0.10403466	-0.9861721	0.055329304	-0.11653393
0.10419503	-0.9862755	0.05490665	-0.115712345
0.1042873	-0.9863707	0.054587934	-0.11496693
0.10433888	-0.9864655	0.05434455	-0.11421917
0.10449934	-0.9866646	0.053859726	-0.11257023
0.104438625	-0.98666394	0.053845465	-0.11263913
0.104552634	-0.9867716	0.05349839	-0.111752026
0.10470747	-0.9868899	0.053063706	-0.11076551
0.104884245	-0.9870132	0.05259087	-0.10971968
0.10513332	-0.9871378	0.05207212	-0.10860249
0.10539594	-0.9872462	0.051608074	-0.10757907
0.10530171	-0.9872603	0.051602192	-0.107544884
0.10522141	-0.98727596	0.051601186	-0.10747998
0.10586362	-0.98747003	0.050787754	-0.10543542
0.10599986	-0.98758334	0.05048077	-0.10437866
0.10599512	-0.9876965	0.050254133	-0.10341832
0.10591065	-0.9878325	0.050038192	-0.10230442
0.10577412	-0.987982	0.049817212	-0.101103224
0.105583556	-0.9881774	0.049529996	-0.09952113
0.10543459	-0.9883599	0.049241055	-0.0979978
0.10541692	-0.9884485	0.049070295	-0.097205564
0.10539782	-0.9885229	0.0489279	-0.0965396
0.10539592	-0.98858553	0.04879638	-0.095965035
0.10541112	-0.98864776	0.04864994	-0.095380545
0.10543485	-0.98871404	0.048482638	-0.094750196
0.105487466	-0.9887874	0.0482597	-0.09403701
0.10558751	-0.98887306	0.047885977	-0.09321133
0.105770715	-0.9889819	0.047345787	-0.09211892
0.10612243	-0.9890795	0.046688978	-0.090995476
0.10654791	-0.9891752	0.045943424	-0.0898287
0.10695836	-0.9892574	0.045249883	-0.08878146
0.107333586	-0.989335	0.044587065	-0.08779496
0.10755923	-0.9894027	0.044119574	-0.08698796
0.10766437	-0.98947716	0.043787066	-0.086174354
0.10765962	-0.9895538	0.043594595	-0.085395135
0.10754829	-0.98964226	0.043498326	-0.084555276
0.10740238	-0.98973304	0.043465972	-0.08368994
0.107263006	-0.9898187	0.043425564	-0.08287328
0.10714015	-0.98990476	0.043362785	-0.08203143
0.107064106	-0.98998666	0.043288738	-0.08117703
0.10702318	-0.9900667	0.0432077	-0.080294795
0.10698766	-0.99014074	0.043116167	-0.07947408
0.10689617	-0.9902125	0.043054648	-0.07873295
0.106727086	-0.99028254	0.04306838	-0.07807062
0.1065062	-0.9903522	0.043173496	-0.07742687
0.1062728	-0.99042654	0.043283947	-0.07673328
0.10608341	-0.99049395	0.043416515	-0.076047
0.10599695	-0.99054915	0.043575466	-0.07535362
0.10604639	-0.99058855	0.043760825	-0.0746552
0.106218256	-0.9906073	0.04399571	-0.0740217
0.10643653	-0.9906075	0.04436081	-0.07348637
0.10663917	-0.99060696	0.045073744	-0.07276265
0.10653737	-0.9906371	0.045438677	-0.07227269
0.10623262	-0.9907074	0.045754172	-0.07155461
0.105815455	-0.990796	0.04598394	-0.07079466
0.10541219	-0.99089956	0.04612305	-0.06985037
0.105316825	-0.99096304	0.04610845	-0.069098555
0.105463244	-0.99101555	0.045992102	-0.068194084
0.10582344	-0.991043	0.045858093	-0.06732247
0.10630066	-0.9910444	0.045825157	-0.06656733
0.10677427	-0.9910269	0.04596225	-0.06597347
0.107199185	-0.99099946	0.046250794	-0.065493606
0.10759636	-0.99096787	0.046627726	-0.06505032
0.108178474	-0.99092495	0.04740212	-0.06417326
0.10846929	-0.9909187	0.047692798	-0.06356092
0.10876607	-0.99092543	0.047838368	-0.062834986
0.10909701	-0.9909431	0.04782139	-0.061990444
0.109487556	-0.99097323	0.0476725	-0.060926072
0.10982424	-0.9910092	0.04746876	-0.059884556
0.11017712	-0.9910651	0.04717946	-0.05852514
0.11015618	-0.99107	0.047183603	-0.058478836
0.11023282	-0.99114895	0.04697641	-0.057146948
0.11020707	-0.9911907	0.046932206	-0.056506835
0.1101701	-0.9912252	0.04690528	-0.055992775
0.11016333	-0.9912503	0.046886865	-0.055574376
0.11019876	-0.9912764	0.046915587	-0.05501194
0.11024908	-0.99129933	0.04694359	-0.054470535
0.110301696	-0.9913263	0.04703884	-0.05378957
0.11033966	-0.9913588	0.047266204	-0.0529048
0.11037677	-0.99139124	0.047510475	-0.051993717
0.11042573	-0.9914202	0.047747687	-0.051111713
0.11047988	-0.99144137	0.047934502	-0.05040414
0.11069185	-0.9914512	0.048129372	-0.04955276
0.110815056	-0.99146515	0.048133537	-0.048991106
0.110968485	-0.991478	0.048134442	-0.048377547
0.11106307	-0.9914918	0.048116516	-0.047893677
0.111176126	-0.9915175	0.048055325	-0.04715712
0.11131645	-0.9915451	0.047981665	-0.046312783
0.11148338	-0.99157655	0.047852356	-0.045360934
0.1116608	-0.99161404	0.04766801	-0.044286657
0.111850545	-0.99164116	0.04749963	-0.04337213
0.11204706	-0.99165976	0.047391072	-0.04255187
0.11223395	-0.9916726	0.047297604	-0.041856185
0.11237012	-0.9916843	0.047199376	-0.041320905
0.112480305	-0.99169683	0.047104623	-0.040825833
0.11250994	-0.9917112	0.04700159	-0.040513493
0.11252041	-0.9917327	0.046903316	-0.04006911
0.11249154	-0.9917611	0.046847496	-0.039508812
0.11242528	-0.9917935	0.04684849	-0.038878374
0.11234479	-0.99182653	0.046875942	-0.038230665
0.11227219	-0.9918576	0.046887312	-0.037617438
0.11221575	-0.9918867	0.046879195	-0.03702696
0.112154566	-0.9919137	0.0468935	-0.036466274
0.11210588	-0.9919349	0.04693767	-0.03597511
0.11210281	-0.9919533	0.046980817	-0.035419725
0.11216193	-0.99197364	0.046984103	-0.034648992
0.11228082	-0.9919946	0.046919446	-0.033740915
0.11254976	-0.99200654	0.046788562	-0.032656923
0.11316088	-0.9920083	0.04656259	-0.03075696
0.11351246	-0.9919905	0.04652198	-0.030093888
0.11390781	-0.99195987	0.046543177	-0.029571222
0.11428573	-0.9919227	0.04662702	-0.029225888
0.11464037	-0.99188733	0.046720937	-0.02888625
0.11504772	-0.9918537	0.04677471	-0.02832666
0.11506414	-0.9918543	0.04678755	-0.028220296
0.115421295	-0.99183744	0.046779025	-0.027356127
0.11556088	-0.99183667	0.046781287	-0.026784586
0.11559501	-0.9918456	0.0468334	-0.026206689
0.11551385	-0.99186206	0.046966545	-0.025700215
0.115285024	-0.9918897	0.047205236	-0.025216324
0.1149856	-0.9919162	0.04754788	-0.024899874
0.11461622	-0.9919414	0.047986276	-0.02475308
0.11424802	-0.99196225	0.04844911	-0.02472265
0.11390715	-0.9919771	0.048906054	-0.02479608
0.11361867	-0.9919879	0.049322825	-0.0248644
0.11337662	-0.9919987	0.04966461	-0.024856882
0.113141276	-0.99201053	0.04999437	-0.024793288
0.112888776	-0.9920267	0.050305642	-0.024671147
0.112575926	-0.99205047	0.050608356	-0.024524044
0.11225841	-0.99207544	0.050861027	-0.024445698
0.11188728	-0.9921037	0.051128455	-0.024443477
0.11153496	-0.9921274	0.051405717	-0.024506519
0.111258574	-0.9921432	0.051650174	-0.024612542
0.11103972	-0.99215376	0.05189967	-0.024650242
0.11089889	-0.9921549	0.052194625	-0.024611663
0.11073369	-0.9921539	0.052593023	-0.024552561
0.110578835	-0.99214774	0.05306078	-0.02449236
0.11041828	-0.99213743	0.053604066	-0.024449844
0.11028385	-0.99212635	0.054114345	-0.02438243
0.11018042	-0.992117	0.05453834	-0.024287067
0.11010448	-0.9921083	0.054888397	-0.024199756
0.11002104	-0.99209917	0.055225376	-0.024185764
0.109914646	-0.99209076	0.05554425	-0.024281805
0.109790936	-0.99208295	0.055862885	-0.024431005
0.10971847	-0.9920768	0.05608409	-0.024495365
0.10968354	-0.99206764	0.056295324	-0.02454135
0.10968693	-0.9920539	0.056520283	-0.024564058
0.109723955	-0.9920339	0.056790493	-0.024584806
0.10977088	-0.992009	0.05713093	-0.024589779
0.109778024	-0.9919833	0.05756477	-0.02458261
0.10972613	-0.99195814	0.058103453	-0.02456128
0.10963475	-0.99193686	0.058632895	-0.024570156
0.109517634	-0.99191487	0.059183978	-0.024661439
0.109369785	-0.9918924	0.059748534	-0.024854515
0.10918405	-0.9918703	0.060345005	-0.02511488
0.10894286	-0.99185413	0.060957436	-0.025320653
0.108618386	-0.99184614	0.061624557	-0.025412202
0.10823208	-0.99184597	0.06231606	-0.025379803
0.10778886	-0.9918502	0.06306811	-0.025242625
0.10737668	-0.99185365	0.06376973	-0.025102112
0.10695573	-0.9918407	0.06465957	-0.025132436
0.10665965	-0.99183357	0.06525574	-0.025134327
0.10633535	-0.9918126	0.06602159	-0.025334112
0.10601258	-0.99177855	0.066941366	-0.025605008
0.1059783	-0.9917828	0.06694383	-0.025576333
0.10546815	-0.9917389	0.06822465	-0.025999792
0.10510422	-0.99171776	0.06901731	-0.026186468
0.10471628	-0.9917018	0.06980247	-0.026262034
0.10433865	-0.9916901	0.07055045	-0.026206905
0.103932135	-0.99168336	0.07128741	-0.026086116
0.103487305	-0.9916791	0.07201814	-0.026007328
0.103024594	-0.9916726	0.07276131	-0.026024437
0.10259403	-0.9916587	0.07351419	-0.026139611
0.10216666	-0.99162847	0.074421175	-0.026389763
0.10195298	-0.99159855	0.075041346	-0.02658393
0.10170567	-0.99155384	0.075865805	-0.02685975
0.101447396	-0.9914882	0.0769684	-0.027119974
0.10149248	-0.9914834	0.076968566	-0.027126823
0.101262525	-0.991405	0.07824233	-0.027208328
0.10116585	-0.9913526	0.079030894	-0.0271958
0.10114048	-0.99129945	0.07976081	-0.027095763
0.1012049	-0.9912456	0.08040587	-0.026921649
0.10132185	-0.9911897	0.081005976	-0.02673637
0.101449214	-0.99112904	0.08163894	-0.026576776
0.10151296	-0.9910679	0.08232347	-0.026503624
0.10150806	-0.9910109	0.08301252	-0.026504694
0.10143145	-0.9909565	0.08371978	-0.02660461
0.101187356	-0.9908974	0.08464273	-0.026814472
0.101013176	-0.9908551	0.085296765	-0.026965268
0.10080895	-0.99080706	0.0860553	-0.027082598
0.10049737	-0.99075794	0.0869641	-0.027136428
0.1001957	-0.99070483	0.08790313	-0.027165748
0.099759586	-0.9906636	0.08886664	-0.027138228
0.09925329	-0.9906248	0.089876555	-0.027085295
0.09878262	-0.99059075	0.09077655	-0.027050868
0.09831952	-0.99055696	0.091643445	-0.027051486
0.09790848	-0.9905196	0.092484966	-0.027046371
0.09758419	-0.9904757	0.093285106	-0.027074354
0.09733104	-0.9904218	0.09409369	-0.027165411
0.097092405	-0.9903563	0.09498319	-0.027307633
0.09684003	-0.9902863	0.09592097	-0.027463084
0.09655564	-0.9902156	0.09689102	-0.027611412
0.09621714	-0.9901525	0.09783796	-0.027714228
0.095775135	-0.99009854	0.09878651	-0.027810879
0.09535648	-0.990063	0.09953304	-0.02784859
0.094859704	-0.99003613	0.10027729	-0.027832488
0.094361655	-0.9900134	0.100995556	-0.027736755
0.093759485	-0.9899953	0.101750396	-0.027667684
0.09315858	-0.98997855	0.10247868	-0.027608417
0.092463195	-0.98995775	0.10331014	-0.027590567
0.09168897	-0.9899302	0.10426354	-0.02757864
0.090989664	-0.9899017	0.10514565	-0.02756473
0.090199545	-0.989861	0.1062094	-0.027544664
0.08971662	-0.98983747	0.106856205	-0.027468026
0.088860475	-0.9897785	0.10818399	-0.027177412
0.088551395	-0.989724	0.10895442	-0.027096253
0.08865896	-0.9897138	0.10895443	-0.027116556
0.08838359	-0.9896196	0.110043146	-0.027053528
0.08826525	-0.98955303	0.110741444	-0.027026536
0.08816242	-0.9894815	0.1114668	-0.027001152
0.08804081	-0.9894107	0.11218992	-0.02699458
0.08795952	-0.98933876	0.11289745	-0.026949529
0.08793261	-0.9892627	0.113595314	-0.026894068
0.08793129	-0.98918617	0.11427085	-0.026850916
0.08790629	-0.9890983	0.11504005	-0.026884906
0.08784053	-0.9889963	0.11593442	-0.027011259
0.08767324	-0.9888246	0.11743887	-0.027341487
0.0876561	-0.98882747	0.11744544	-0.02726584
0.08723738	-0.9886589	0.1191265	-0.027426308
0.08685134	-0.98855424	0.12027317	-0.027419344
0.08640219	-0.98845094	0.12144117	-0.027412014
0.0858966	-0.98833305	0.12273114	-0.027507259
0.08546559	-0.9882291	0.12381705	-0.027719745
0.0850346	-0.9881183	0.12491252	-0.02807801
0.084596045	-0.9880029	0.1260206	-0.028505329
0.08412269	-0.98788553	0.1271614	-0.028905505
0.08359287	-0.98777616	0.12828074	-0.02923312
0.08288444	-0.98765755	0.12956132	-0.02960699
0.08210848	-0.9875294	0.13095737	-0.029901069
0.08127034	-0.98738235	0.13253704	-0.030088516
0.080653846	-0.987258	0.13381778	-0.030155603
0.08002979	-0.9871165	0.13521273	-0.03023039
0.07943297	-0.9869687	0.13659865	-0.030400952
0.07840773	-0.98669267	0.13906083	-0.0308538
0.07841304	-0.98669213	0.13906051	-0.030858856
0.07793925	-0.98656136	0.14020701	-0.031052727
0.07742759	-0.9864048	0.14155184	-0.031204773
0.07743876	-0.9864038	0.14155181	-0.031207787
0.076856226	-0.9861549	0.14356521	-0.031314697
0.076520845	-0.986006	0.144743	-0.03140476
0.076163165	-0.98585576	0.14592573	-0.031520117
0.07581347	-0.9857037	0.14712097	-0.031559035
0.07540776	-0.98555344	0.14831041	-0.031658456
0.07491656	-0.9853945	0.14958608	-0.0317697
0.074365355	-0.98524165	0.15082966	-0.03192648
0.07375422	-0.9850833	0.15212059	-0.032103807
0.07308396	-0.9849217	0.15344307	-0.032301534
0.07235058	-0.9847536	0.1548073	-0.03256693
0.071554996	-0.9845756	0.15623483	-0.032887142
0.06978125	-0.9841971	0.1592489	-0.03356463
0.06881535	-0.9840014	0.160801	-0.033896115
0.06778975	-0.9838027	0.16237496	-0.03422491
0.06677966	-0.9836002	0.16396116	-0.034468655
0.06578843	-0.9833868	0.16559425	-0.034652565
0.06507581	-0.9832104	0.1668887	-0.03479481
0.064157665	-0.98293644	0.16879265	-0.035056595
0.064159	-0.98293614	0.16879214	-0.03506429
0.06289058	-0.98249596	0.17163256	-0.035898477
0.06213827	-0.98220384	0.17343359	-0.036541384
0.061468024	-0.9819295	0.17508134	-0.037185505
0.060607936	-0.98156786	0.17727354	-0.037754837
0.05999591	-0.9813019	0.17885679	-0.038173646
0.059279058	-0.98097724	0.18079719	-0.038499743
0.058631465	-0.9806347	0.18280746	-0.03872102
0.05824819	-0.9802715	0.18483019	-0.038892224
0.058033094	-0.9799327	0.18663707	-0.039124295
0.057884563	-0.9795732	0.18849532	-0.03943733
0.05776639	-0.97923696	0.19021192	-0.03971629
0.057607938	-0.9788994	0.19193344	-0.039984893
0.05737798	-0.97859263	0.19350988	-0.040227335
0.05702627	-0.9782685	0.19519219	-0.04048265
0.05656744	-0.9779142	0.19703625	-0.040751267
0.05613109	-0.9775817	0.19874872	-0.04101557
0.0556965	-0.97721875	0.20058791	-0.041302565
0.055282883	-0.9768223	0.20255475	-0.041636344
0.05485793	-0.9763594	0.20480493	-0.04204806
0.05452139	-0.97598594	0.20660189	-0.042362496
0.054056574	-0.9755493	0.20870909	-0.04268609
0.05345797	-0.9750887	0.21093574	-0.043017734
0.052847918	-0.97468853	0.21287012	-0.043310404
0.0521419	-0.97427356	0.21487327	-0.043609567
0.051304456	-0.9738152	0.21707423	-0.043938223
0.0505778	-0.9734354	0.21888162	-0.044231437
0.049855616	-0.9730582	0.22066389	-0.044492554
0.04910638	-0.9726767	0.22248204	-0.044613957
0.048364297	-0.9723041	0.22425692	-0.044660833
0.047609907	-0.97195596	0.22591306	-0.044702183
0.046757076	-0.97160286	0.22761129	-0.04466507
0.04577429	-0.9712323	0.22939962	-0.04459267
0.04474638	-0.9708543	0.23121867	-0.044470306
0.04369969	-0.9704594	0.23309727	-0.04432258
0.042585418	-0.9699988	0.23522736	-0.044238966
0.04176029	-0.969655	0.23680207	-0.044159118
0.040716667	-0.9692133	0.23878083	-0.044176232
0.039592165	-0.9687483	0.24084258	-0.044204634
0.0384425	-0.9682818	0.24290238	-0.04417035
0.03733848	-0.9678276	0.24489054	-0.04409518
0.036353752	-0.967389	0.24678439	-0.043983135
0.035486035	-0.96694344	0.24867627	-0.04383265
0.034723394	-0.9664846	0.25059167	-0.04365342
0.034108605	-0.966032	0.25245276	-0.043433335
0.03363704	-0.9656005	0.25419372	-0.04324307
0.033241924	-0.9651733	0.2558878	-0.043092854
0.03290158	-0.9647524	0.25753182	-0.042984903
0.032602932	-0.9643177	0.25920793	-0.042892393
0.032335833	-0.9639074	0.26077372	-0.042825337
0.03204924	-0.96351147	0.26227215	-0.04280142
0.031705935	-0.96307015	0.2639238	-0.042836707
0.03135714	-0.96259254	0.265684	-0.04294601
0.03104418	-0.96209526	0.26749268	-0.043088835
0.030780375	-0.96158904	0.26931575	-0.0432226
0.030554071	-0.96110606	0.27104104	-0.04333944
0.030314578	-0.9606134	0.27279213	-0.043443017
0.030050406	-0.9601189	0.27455193	-0.04347367
0.02973961	-0.9596351	0.27627876	-0.04342944
0.02935383	-0.9591396	0.27805075	-0.043328445
0.028896471	-0.95864624	0.2798126	-0.043215048
0.02842088	-0.95817447	0.28149292	-0.043078616
0.02783408	-0.95764667	0.2833564	-0.042981543
0.027222333	-0.95709085	0.28528535	-0.042992678
0.026497265	-0.9564137	0.28758112	-0.043220844
0.026495514	-0.95641357	0.28758097	-0.04322267
0.02574066	-0.9556586	0.29008493	-0.04364577
0.025101641	-0.95483387	0.2927943	-0.04397536
0.024815032	-0.9543215	0.29446742	-0.04408876
0.02459958	-0.9538027	0.29615706	-0.04411691
0.024426412	-0.95336455	0.29758406	-0.044082187
0.024201345	-0.95285743	0.29923138	-0.044019245
0.023877991	-0.95232826	0.3009467	-0.04395198
0.023365375	-0.9517267	0.30287492	-0.044014424
0.022721196	-0.951061	0.30497432	-0.044244017
0.022062495	-0.9503624	0.30715254	-0.04451916
0.021465607	-0.9496526	0.30934316	-0.044789318
0.02094909	-0.9489421	0.3115283	-0.044946693
0.020527003	-0.9482756	0.31357458	-0.04497868
0.020163434	-0.9475882	0.31567928	-0.044907752
0.019924592	-0.94699216	0.31749043	-0.044818804
0.019771527	-0.9464069	0.31926712	-0.044628102
0.019639833	-0.9457402	0.32126847	-0.044455517
0.019525867	-0.9452609	0.32269105	-0.04439926
0.019336116	-0.94465214	0.32447165	-0.044460926
0.019075043	-0.94398695	0.32638976	-0.044661075
0.018765917	-0.94327176	0.32842755	-0.044962738
0.018469198	-0.9425788	0.33038515	-0.045275267
0.018156946	-0.94182354	0.33250296	-0.045612726
0.017950417	-0.94108546	0.33457786	-0.04575759
0.017868293	-0.9404131	0.33645636	-0.04583742
0.017801138	-0.9397253	0.33837482	-0.045848604
0.017738085	-0.9390663	0.34020102	-0.045860544
0.017619485	-0.9384532	0.34188384	-0.04594153
0.017445918	-0.93783295	0.3435647	-0.046133287
0.017234731	-0.93721604	0.3452169	-0.046414703
0.0170009	-0.9366033	0.34684476	-0.04673252
0.016733082	-0.9359689	0.34852263	-0.047056794
0.01643947	-0.9353314	0.35019815	-0.04739551
0.016040944	-0.93457156	0.35218984	-0.047760334
0.015659323	-0.93391323	0.35391715	-0.047996238
0.015228494	-0.93320346	0.35577604	-0.048195835
0.014800958	-0.9324473	0.35774875	-0.048360635
0.014414974	-0.93168396	0.3597235	-0.048541844
0.014063537	-0.9309169	0.3616781	-0.048835255
0.013748784	-0.9301725	0.36354858	-0.049219694
0.013446276	-0.9294319	0.36538884	-0.0496655
0.013141307	-0.92872024	0.36714175	-0.050131492
0.012816722	-0.92805946	0.36875966	-0.050574727
0.012445406	-0.9274204	0.37031612	-0.051014468
0.012048903	-0.9268143	0.37178475	-0.05144049
0.011617911	-0.926197	0.3732779	-0.05184399
0.0111901155	-0.9255825	0.37476557	-0.052177202
0.010769164	-0.92492914	0.3763436	-0.052493915
0.0103305755	-0.92424446	0.37799183	-0.05279852
0.009868295	-0.92349374	0.37979853	-0.05305816
0.00937536	-0.9227012	0.38170445	-0.053257093
0.008825423	-0.92189413	0.38364694	-0.053371415
0.008171683	-0.9210979	0.38556033	-0.053435117
0.0073376205	-0.9203147	0.3874323	-0.05351048
0.006466704	-0.9195523	0.38924235	-0.053593572
0.00571019	-0.9188861	0.39081544	-0.053656723
0.004946324	-0.9181697	0.3925051	-0.05366309
0.004295662	-0.9174741	0.39413932	-0.053638432
0.0037051227	-0.9167434	0.395844	-0.05362244
0.0031487995	-0.9159689	0.39763603	-0.05363456
0.002632136	-0.9151762	0.399456	-0.05367204
0.0021598644	-0.9143841	0.40126038	-0.05373358
0.001656351	-0.9134982	0.40326652	-0.053800788
0.0012076554	-0.91269714	0.40507331	-0.05383462
0.0008655438	-0.91206574	0.40650067	-0.05378332
0.0004432167	-0.9113892	0.40803742	-0.053619698
0.00009233293	0.9107068	-0.40958285	0.053432252
0.00071238965	0.9100352	-0.41109103	0.053288467
0.0013945554	0.90934384	-0.41262406	0.053229146
0.00206127	0.90864813	-0.41414756	0.053256538
0.0026786344	0.9079173	-0.41573378	0.05333358
0.0031334853	0.9072296	-0.4172228	0.053382076
0.0035074782	0.9064867	-0.4188277	0.05341458
0.003803888	0.9056388	-0.42066115	0.05336803
0.003976631	0.9049561	-0.42213184	0.05332346
0.00416533	0.90416974	-0.42381254	0.053317107
0.004449383	0.9033397	-0.42555085	0.05351818
0.0046839626	0.9026036	-0.42708465	0.0536984
0.0049846354	0.9018353	-0.42866537	0.053983983
0.005347408	0.9010614	-0.43024054	0.05434045
0.005792015	0.9002721	-0.43182647	0.054795798
0.0062315604	0.89945406	-0.43346637	0.055232197
0.0066478294	0.89860165	-0.43517762	0.05559997
0.0070695444	0.8976908	-0.43701628	0.055839922
0.0074109337	0.89683986	-0.43874726	0.055895723
0.007688549	0.895974	-0.44051597	0.05583236
0.007896288	0.895127	-0.44225886	0.05560925
0.0081578735	0.89429504	-0.44395128	0.055473644
0.008476596	0.8935461	-0.4454503	0.05547586
0.008854658	0.89271307	-0.44710574	0.055513058
0.009131695	0.8921691	-0.4481763	0.055579226
0.009448727	0.89155686	-0.4493829	0.05560623
0.009744578	0.89101493	-0.45046276	0.05550647
0.010084406	0.89052135	-0.45145902	0.05527075
0.010470298	0.89006466	-0.45239428	0.054908473
0.010923214	0.889582	-0.45339125	0.05441465
0.011612767	0.88880104	-0.45500106	0.05358967
0.011630375	0.88879997	-0.45499977	0.05361488
0.0129339695	0.88760793	-0.45742384	0.052423786
0.013700058	0.8868669	-0.4589188	0.051701434
0.014446857	0.88610226	-0.4604528	0.050964773
0.0151567925	0.8853598	-0.46193427	0.050250623
0.015790228	0.8846858	-0.46328017	0.04952906
0.01635008	0.88407177	-0.46451193	0.048771787
0.016867984	0.8835235	-0.46560585	0.048092343
0.017416785	0.8829567	-0.46672642	0.047440536
0.017930329	0.88233346	-0.4679511	0.04677445
0.018429104	0.8817132	-0.4691643	0.046121046
0.019002175	0.8809725	-0.47060615	0.04534748
0.019560352	0.88020223	-0.4720946	0.04458743
0.0201232	0.8794077	-0.4736295	0.043731358
0.020586347	0.87866974	-0.47505602	0.042865988
0.021122457	0.8777449	-0.47684216	0.041705
0.021125806	0.87774324	-0.47684196	0.041740913
0.02158442	0.87665224	-0.4789364	0.04043426
0.021759942	0.8760029	-0.4801678	0.039803516
0.02181866	0.87534624	-0.48140165	0.039309748
0.021743013	0.8746982	-0.48261142	0.038942736
0.021463776	0.8739842	-0.48394448	0.03858497
0.021101268	0.87349695	-0.4848588	0.038337894
0.020572687	0.87292033	-0.48594537	0.037999794
0.02017977	0.8724333	-0.4868603	0.03768411
0.019911628	0.87173736	-0.48815128	0.03722725
0.019913275	0.871737	-0.4881512	0.037235424
0.020292955	0.8707195	-0.490005	0.036482193
0.020576002	0.87010723	-0.49111566	0.035994865
0.020878064	0.86943644	-0.4923268	0.03547816
0.02114551	0.8687447	-0.49357036	0.034986146
0.021318572	0.86802953	-0.4948528	0.034511626
0.021330422	0.8673955	-0.49599501	0.034045156
0.021195708	0.86678755	-0.49710056	0.03348486
0.020975806	0.86624116	-0.4981033	0.032854658
0.020974185	0.8654795	-0.49947485	0.03209911
0.021140344	0.8649185	-0.5004646	0.03169401
0.021127447	0.8649186	-0.50046504	0.031688474
0.021800151	0.86367065	-0.50261664	0.031216178
0.022233583	0.86299354	-0.5037635	0.031149803
0.02262415	0.8623503	-0.50485736	0.03097141
0.022812251	0.86177504	-0.5058444	0.030739386
0.022926766	0.86124885	-0.5067539	0.03041692
0.023031874	0.8607241	-0.50766283	0.030037642
0.0232067	0.8601704	-0.508614	0.029666778
0.023570787	0.85941505	-0.5098928	0.029319467
0.023571378	0.8594148	-0.50989276	0.029323004
0.024464028	0.85807794	-0.51210225	0.029241167
0.024939246	0.8573053	-0.5133757	0.029174885
0.025351472	0.85653883	-0.514643	0.02900011
0.025711747	0.85582566	-0.51582587	0.028723367
0.02606294	0.855168	-0.51691896	0.028342616
0.026439507	0.8545715	-0.51791	0.027890094
0.02687077	0.85401464	-0.51883423	0.027351938
0.02736312	0.85347795	-0.5197211	0.026767911
0.027991166	0.8528953	-0.5206747	0.026151676
0.02866317	0.85233027	-0.5215872	0.025655814
0.02920131	0.851887	-0.52229655	0.025341693
0.029851794	0.851328	-0.5231862	0.025018519
0.030467065	0.85076064	-0.5240873	0.02471432
0.031102983	0.8501616	-0.5250351	0.024418231
0.031724468	0.84957904	-0.52595246	0.024149545
0.03235115	0.8489687	-0.5269118	0.023865521
0.03351265	0.84773743	-0.5288413	0.02334863
0.034123987	0.8470352	-0.52993494	0.0231519
0.03472111	0.84618676	-0.53125393	0.02305678
0.03515828	0.8455534	-0.532236	0.022985427
0.035609752	0.84485066	-0.53332174	0.02296199
0.03608284	0.8441621	-0.53437954	0.022955263
0.036658563	0.8434969	-0.5353955	0.022822361
0.03723408	0.84290123	-0.5363041	0.022563564
0.037834387	0.84234005	-0.53715694	0.022235189
0.039235022	0.8412054	-0.53885037	0.02177763
0.04003924	0.84055376	-0.5398117	0.02167357
0.0408858	0.83982354	-0.5408839	0.021667186
0.04170177	0.83906525	-0.541996	0.021699507
0.042598587	0.83819944	-0.54326236	0.021751942
0.04346786	0.83730847	-0.5445647	0.021780979
0.04434596	0.83641773	-0.5458595	0.021821216
0.04525169	0.83549035	-0.54720485	0.02179707
0.046234768	0.8345017	-0.5486332	0.021701353
0.04724654	0.8335316	-0.5500246	0.02158074
0.048247304	0.8326057	-0.551345	0.021418648
0.048246898	0.8326051	-0.55134535	0.021432145
0.049834125	0.8312274	-0.5532907	0.021141276
0.051172823	0.83000195	-0.55501544	0.02088356
0.051994305	0.82918894	-0.5561582	0.020745516
0.052802935	0.8283005	-0.5574074	0.02066964
0.05342756	0.8275043	-0.5585289	0.020681065
0.05400823	0.8266554	-0.5597261	0.0207554
0.054527666	0.8257743	-0.56096965	0.020897212
0.055319645	0.8240259	-0.5634522	0.021039113
0.055601045	0.82311165	-0.5647639	0.020920832
0.05587705	0.8221979	-0.56607145	0.020769961
0.056223486	0.8212484	-0.56741905	0.020630667
0.0566275	0.8202983	-0.568754	0.020563371
0.057071682	0.8193921	-0.57001436	0.02057302
0.057491608	0.81859636	-0.5711134	0.020595573
0.057910554	0.81783223	-0.57216555	0.020576507
0.058265496	0.8171101	-0.57316405	0.020475045
0.058523577	0.8163998	-0.5741576	0.020236729
0.05871629	0.81571376	-0.57512474	0.019878311
0.058895875	0.81506056	-0.57604665	0.019439178
0.059127793	0.8143745	-0.5770089	0.018941337
0.059444934	0.81369907	-0.5779421	0.01851943
0.059838597	0.8129626	-0.5789479	0.018180838
0.060249776	0.81221646	-0.57995975	0.017919991
0.060649846	0.81147474	-0.58096236	0.017694788
0.061000295	0.8107509	-0.58194286	0.017451068
0.061385937	0.8099624	-0.58300793	0.01716128
0.061726417	0.8093538	-0.5838225	0.016957752
0.062130127	0.8086902	-0.58470607	0.016699893
0.06259473	0.8079948	-0.58562684	0.016359247
0.06307423	0.8073623	-0.5864574	0.015986124
0.063548766	0.806815	-0.58716875	0.0156216435
0.06403219	0.80625975	-0.5878904	0.015170139
0.06449275	0.8057019	-0.58861774	0.014644864
0.0648245	0.8052343	-0.58923393	0.014111626
0.06516582	0.8047432	-0.5898815	0.013481216
0.0655467	0.8042627	-0.5905085	0.012840311
0.06627007	0.8033924	-0.59163296	0.0118068345
0.066626266	0.8029854	-0.5921529	0.011416015
0.06694117	0.8025927	-0.5926571	0.011026298
0.06722738	0.80221695	-0.59314	0.010658714
0.06746153	0.80185884	-0.59360385	0.010298524
0.067645796	0.8015082	-0.59406227	0.009935948
0.06786573	0.80112624	-0.5945576	0.009612384
0.06815347	0.80069995	-0.59510297	0.009351286
0.06842708	0.80020946	-0.59573305	0.009210971
0.06857086	0.79984426	-0.5962069	0.009197829
0.068589814	0.79951113	-0.59665126	0.00920788
0.068430066	0.7992149	-0.59706664	0.0091801435
0.06847315	0.79920626	-0.59707135	0.009316532
0.068026	0.7990723	-0.5973089	0.008832971
0.06787886	0.79901063	-0.59741336	0.008470575
0.0679427	0.79887426	-0.5975952	0.007994818
0.06832457	0.7986117	-0.5979083	0.007539761
0.0689418	0.79822576	-0.59835905	0.007021105
0.06977419	0.79775304	-0.5988994	0.0064215525
0.07075902	0.79722035	-0.59949946	0.005776018
0.07176539	0.796668	-0.6001197	0.005114373
0.07279913	0.7960877	-0.60077083	0.00437861
0.07348895	0.7956687	-0.6012459	0.003777858
0.07409042	0.79524803	-0.6017323	0.0030490728
0.07462905	0.7947229	-0.6023626	0.002296779
0.075246476	0.7940935	-0.60311776	0.001597345
0.07572319	0.7935293	-0.6038015	0.0009816777
0.07632943	0.79286414	-0.604599	0.0005434488
0.07703173	0.7922108	-0.605366	0.00045877075
0.077498175	0.7916284	-0.606068	0.0005704802
0.07776075	0.7911508	-0.6066575	0.00072734733
0.07777629	0.790794	-0.60712034	0.00087029795
0.0775958	0.7904782	-0.6075543	0.0009521124
0.07738162	0.7902048	-0.607937	0.00095666014
0.07719077	0.78985316	-0.6084183	0.0008968767
0.0771114	0.7894532	-0.60894734	0.0008121431
0.07712687	0.7890249	-0.60950047	0.00072296173
0.077229984	0.78852487	-0.6101343	0.0005943679
0.077395886	0.78799087	-0.61080295	0.00039140187
0.077613436	0.7874971	-0.61141187	0.00022450052
0.07787091	0.7870434	-0.6119633	-0.00008776657
0.07815441	0.7866511	-0.612431	-0.0005550524
0.07847462	0.7863198	-0.6128146	-0.0011244045
0.07885379	0.78598666	-0.6131916	-0.001831953
0.07931139	0.7855939	-0.61363214	-0.0027321163
0.07976424	0.785185	-0.6140919	-0.0036662042
0.08013236	0.7848085	-0.61452013	-0.0044109086
0.0806754	0.7842736	-0.61512655	-0.005065099
0.08132173	0.78363156	-0.61585593	-0.0054890774
0.08199712	0.78292394	-0.6166641	-0.0056630266
0.08261486	0.7821816	-0.6175223	-0.005745703
0.08287984	0.7815769	-0.6182502	-0.0059281997
0.08309126	0.7809893	-0.6189612	-0.0062183854
0.083312675	0.78039765	-0.6196733	-0.006606602
0.08360863	0.77971786	-0.6204833	-0.0070962342
0.08414522	0.77901286	-0.6212911	-0.0074859806
0.08482517	0.77831286	-0.6220714	-0.00781702
0.08560844	0.77760094	-0.62284994	-0.008122275
0.08631342	0.7769498	-0.6235613	-0.0083910525
0.08684199	0.77639806	-0.6241717	-0.008628635
0.08716662	0.77591926	-0.62471795	-0.008873744
0.08730659	0.7755115	-0.6252009	-0.009136502
0.08732877	0.7750772	-0.62573093	-0.009477053
0.087294586	0.7746142	-0.62630254	-0.009887195
0.08729224	0.774115	-0.6269129	-0.010314508
0.087329514	0.7735603	-0.6275838	-0.010809105
0.08740528	0.77302384	-0.6282246	-0.011336688
0.08755969	0.7725023	-0.62883407	-0.011885756
0.087790444	0.7720246	-0.62937725	-0.01246024
0.08807531	0.77161634	-0.62982595	-0.013056141
0.08833638	0.77132934	-0.6301287	-0.013627718
0.08871732	0.7710814	-0.6303666	-0.014172994
0.0891228	0.7708341	-0.630601	-0.014644698
0.089507826	0.77053976	-0.63089514	-0.015104299
0.08984922	0.7701696	-0.63128626	-0.015614036
0.090125486	0.7697398	-0.6317568	-0.016168598
0.09035301	0.7692464	-0.63230914	-0.016781082
0.0906387	0.7686622	-0.63296217	-0.017380485
0.09120433	0.76785195	-0.63384825	-0.017930085
0.0912256	0.7678633	-0.63382334	-0.018222434
0.09238897	0.76668715	-0.63505596	-0.018948397
0.09313574	0.7661424	-0.63558775	-0.01948958
0.09382918	0.76568335	-0.63602144	-0.02005138
0.09459129	0.7652527	-0.6364075	-0.020647531
0.09553301	0.7648339	-0.636746	-0.02138018
0.096377544	0.76449746	-0.6369943	-0.022210266
0.09719058	0.76418	-0.63721776	-0.023164446
0.09796945	0.76385176	-0.63745654	-0.024118192
0.09872117	0.7634713	-0.637759	-0.025083374
0.099586084	0.7630464	-0.63810545	-0.025774494
0.10046554	0.7626023	-0.6384769	-0.026298601
0.10145111	0.76202005	-0.6389918	-0.026883088
0.10199358	0.76162016	-0.63936424	-0.027302973
0.10256081	0.7611355	-0.6398295	-0.027789775
0.10308853	0.7606651	-0.6402848	-0.028226685
0.103674084	0.7601974	-0.6407299	-0.028581878
0.10436079	0.7597301	-0.64116114	-0.028834606
0.10519748	0.7592725	-0.6415599	-0.028974833
0.10611212	0.7588314	-0.64192975	-0.029005302
0.10691534	0.758443	-0.6422556	-0.029003922
0.10763676	0.7580933	-0.6425497	-0.028963253
0.108162574	0.75779706	-0.6428096	-0.02898973
0.10847807	0.75754637	-0.64304507	-0.029140668
0.108682565	0.75730497	-0.64328396	-0.029375099
0.10890678	0.75696766	-0.6436294	-0.029673621
0.10916199	0.7566966	-0.64389247	-0.029941754
0.10964134	0.7562921	-0.6442681	-0.030325996
0.11029416	0.7558286	-0.6446846	-0.030660398
0.111140095	0.75529575	-0.64515007	-0.030945519
0.112082094	0.75474435	-0.645622	-0.0311604
0.112975255	0.7542233	-0.6460669	-0.03132964
0.113810584	0.7537056	-0.6465188	-0.03144025
0.114574	0.75317025	-0.64700466	-0.03150134
0.115090236	0.7526428	-0.6475133	-0.031775303
0.11540404	0.75217766	-0.647981	-0.032115217
0.11560606	0.7517	-0.6484717	-0.03266247
0.115660146	0.751692	-0.64847344	-0.032621525
0.11566112	0.7512788	-0.64892143	-0.03322101
0.115674965	0.75104594	-0.64917755	-0.03343338
0.11578693	0.7507726	-0.64947236	-0.033459846
0.11602863	0.7504039	-0.64986366	-0.033297956
0.11642034	0.74991715	-0.65037215	-0.03296514
0.11688089	0.7494182	-0.65088284	-0.032601487
0.11737537	0.7488825	-0.6514263	-0.03227913
0.11782473	0.74835426	-0.6519619	-0.03207777
0.118274346	0.74772376	-0.652603	-0.032088675
0.11859989	0.7472852	-0.6530385	-0.032244552
0.118986115	0.7468349	-0.65346944	-0.032522675
0.11933573	0.74643654	-0.6538429	-0.03287878
0.12016177	0.74586195	-0.65432566	-0.033303007
0.12036006	0.74565107	-0.654528	-0.033334356
0.12050521	0.74547064	-0.6547051	-0.033365738
0.12056578	0.74530756	-0.6548828	-0.033305347
0.1205584	0.74513143	-0.6550912	-0.033169966
0.12052991	0.7449465	-0.65531516	-0.03300534
0.12053338	0.7447346	-0.6555624	-0.03286537
0.12061146	0.74447966	-0.6558402	-0.032812558
0.12082014	0.74420035	-0.65611774	-0.03283074
0.121141024	0.7440007	-0.6562801	-0.03292994
0.1215108	0.7438687	-0.656352	-0.03311421
0.121894695	0.7437991	-0.6563464	-0.03337925
0.12220572	0.7437727	-0.65630615	-0.033619035
0.12244904	0.7437394	-0.6562919	-0.03374791
0.12263898	0.74366426	-0.6563444	-0.03369233
0.12262961	0.7435738	-0.6564558	-0.03355322
0.12252707	0.7433877	-0.6567026	-0.033221986
0.122304104	0.7431602	-0.65702206	-0.032813888
0.121941715	0.74293077	-0.65737015	-0.032381464
0.121374644	0.7425957	-0.6579016	-0.03139103
0.12098991	0.7425266	-0.65807384	-0.030897392
0.12068406	0.7424929	-0.65819347	-0.03034854
0.12049283	0.74246716	-0.658284	-0.029770402
0.12045421	0.7424452	-0.65834796	-0.029052243
0.12065439	0.7424056	-0.65839005	-0.028267672
0.120955	0.7422909	-0.65848684	-0.027733196
0.12151991	0.74210376	-0.6586164	-0.027192479
0.1220871	0.7419267	-0.65872294	-0.0269009
0.122596525	0.74180186	-0.65877175	-0.026831256
0.12297072	0.7417118	-0.65879726	-0.026983794
0.12337045	0.74160707	-0.65883	-0.027235389
0.123835444	0.7414221	-0.658941	-0.027478015
0.12433076	0.7411866	-0.6591063	-0.027626552
0.12481527	0.7409376	-0.65930414	-0.027401738
0.12523438	0.7407061	-0.65950364	-0.026942132
0.12556437	0.7405393	-0.659645	-0.026525455
0.12580998	0.7403946	-0.6597858	-0.025893718
0.12591165	0.74043614	-0.6597499	-0.025112968
0.12584756	0.7405182	-0.6597004	-0.02430385
0.12584803	0.74059343	-0.6596454	-0.023487257
0.12597644	0.7406507	-0.65958726	-0.022610918
0.12624328	0.7406958	-0.6595168	-0.021681055
0.12665573	0.7407281	-0.6594296	-0.0208071
0.12730846	0.74078196	-0.65927243	-0.019862857
0.12797906	0.74086624	-0.6590715	-0.01906077
0.12855303	0.74103576	-0.65878755	-0.018415684
0.1289475	0.7412874	-0.65844	-0.017953956
0.12928435	0.74160135	-0.65803117	-0.017550264
0.12965007	0.7418923	-0.6576428	-0.017110381
0.13010779	0.7421008	-0.6573306	-0.01658195
0.13070565	0.7422074	-0.65710753	-0.015936246
0.13145813	0.7421902	-0.6569941	-0.015210169
0.13228224	0.7421083	-0.65693855	-0.014442201
0.13313541	0.74201894	-0.6568837	-0.013666332
0.13382058	0.74197793	-0.65680313	-0.013056809
0.13454099	0.7419782	-0.6566682	-0.012411749
0.13524646	0.7420194	-0.65648764	-0.01181122
0.1359688	0.7421008	-0.6562563	-0.011251581
0.13667099	0.7422462	-0.6559542	-0.010760249
0.1373671	0.7424506	-0.6555846	-0.010316456
0.13848089	0.74268144	-0.65509653	-0.009793752
0.13845487	0.74267745	-0.6551078	-0.00971263
0.14003453	0.74287266	-0.65455997	-0.009047216
0.14097904	0.7428853	-0.65434897	-0.008593362
0.14204441	0.74288845	-0.6541214	-0.008095377
0.1431789	0.7428523	-0.6539211	-0.0075849527
0.14421967	0.7428056	-0.65375024	-0.0071647214
0.14510886	0.74277675	-0.65359074	-0.0067341705
0.14592181	0.742787	-0.6534021	-0.006322745
0.14672445	0.7427763	-0.6532401	-0.005728911
0.14757293	0.74275017	-0.65308553	-0.0048803915
0.1484879	0.74268734	-0.6529572	-0.0037199343
0.14930026	0.74262035	-0.652854	-0.0024508436
0.15009265	0.7425392	-0.6527685	-0.0010217612
0.15076043	0.7424295	-0.6527402	0.00031270203
0.15134735	0.7423156	-0.65273213	0.0015631657
0.15185072	0.74219346	-0.6527507	0.002631489
0.15233195	0.74205965	-0.65278643	0.003514704
0.15286762	0.7419022	-0.6528358	0.0042737722
0.15352705	0.74170023	-0.65290576	0.004935702
0.15438321	0.7414213	-0.6530156	0.005564032
0.15540214	0.74108374	-0.65315175	0.00616117
0.15655461	0.74069816	-0.6533079	0.0067599826
0.1577991	0.74028	-0.65347624	0.0073446603
0.15904413	0.73986596	-0.65363663	0.007910905
0.16028595	0.73947793	-0.6537652	0.008484459
0.16142596	0.7391521	-0.65384704	0.008945344
0.16259806	0.7388896	-0.6538472	0.009379764
0.16344845	0.73874944	-0.65378946	0.009660518
0.16435432	0.7386431	-0.6536792	0.009880786
0.16516271	0.7386035	-0.65351814	0.010013896
0.16584711	0.7386354	-0.65330756	0.010089589
0.1664829	0.73867744	-0.65309685	0.010185294
0.16721609	0.7387219	-0.6528557	0.010405265
0.16811024	0.7385651	-0.65279454	0.010945898
0.168991	0.73836076	-0.6527863	0.011644348
0.16987221	0.7381065	-0.65283185	0.01236152
0.17068692	0.7378284	-0.6529215	0.012996072
0.17144494	0.73755354	-0.65302193	0.013556138
0.17219901	0.73727554	-0.65312624	0.014086608
0.17304476	0.7369887	-0.6532137	0.014669735
0.17411432	0.7366901	-0.65324724	0.015490495
0.17536251	0.7363945	-0.6532231	0.016453316
0.176701	0.7361147	-0.6531503	0.017511135
0.17785728	0.7358819	-0.6530705	0.018537123
0.17883864	0.73572284	-0.6529537	0.019498963
0.17962769	0.7356374	-0.6528086	0.020309985
0.18019481	0.73561305	-0.6526604	0.02092326
0.18062387	0.7355944	-0.65254694	0.021413682
0.18100418	0.7355354	-0.65249693	0.021748083
0.18145038	0.7354084	-0.6525056	0.022063734
0.18200088	0.7352345	-0.65253484	0.022454705
0.18265839	0.7350293	-0.6525635	0.02299667
0.18335716	0.7348315	-0.6525664	0.023665262
0.18403107	0.7346379	-0.65256566	0.02445063
0.18478374	0.7344426	-0.652534	0.025465991
0.18551049	0.7342263	-0.65252495	0.026625501
0.18625113	0.73401266	-0.652503	0.02785291
0.18707271	0.7337288	-0.6525305	0.029150883
0.18769282	0.7334704	-0.6525972	0.030159997
0.18836519	0.7332914	-0.652559	0.031130556
0.18873808	0.73319733	-0.6525334	0.031619325
0.18908827	0.7331719	-0.6524454	0.0319324
0.18974742	0.7331495	-0.65225476	0.03242577
0.19041827	0.73315257	-0.6520311	0.032917947
0.19121353	0.7331463	-0.6517758	0.03350065
0.19207501	0.7330911	-0.65154845	0.03419321
0.1930287	0.73297644	-0.6513503	0.03504732
0.19398113	0.73282784	-0.65118307	0.035990395
0.19488312	0.732636	-0.65107745	0.036924236
0.19577841	0.73243827	-0.6509852	0.03772738
0.19636066	0.73231286	-0.6509238	0.038192622
0.19707641	0.73221755	-0.6507803	0.038774
0.19776574	0.73221487	-0.65054154	0.039317973
0.19836396	0.73226935	-0.6502698	0.039781332
0.19899087	0.73237157	-0.64992803	0.04034972
0.19963281	0.732478	-0.6495647	0.041090716
0.20025682	0.7325195	-0.649271	0.041947674
0.20094237	0.7324848	-0.6490309	0.04297838
0.20160677	0.73235875	-0.64889264	0.044089064
0.20210618	0.7321997	-0.648842	0.045174856
0.20240366	0.73215306	-0.64872414	0.04627777
0.2024938	0.7321409	-0.6486404	0.047239423
0.20248039	0.7321569	-0.6485585	0.04816636
0.20245652	0.7321728	-0.648473	0.04916558
0.20247819	0.7321615	-0.6483964	0.050242536
0.20255356	0.73211837	-0.64833754	0.051314846
0.20265329	0.7320327	-0.6483159	0.052405935
0.20279516	0.7319085	-0.64832544	0.05346329
0.20305583	0.7317531	-0.6483331	0.054497316
0.20349063	0.73157567	-0.64832026	0.055402406
0.20398824	0.7314612	-0.64821416	0.056317773
0.20444496	0.7314352	-0.64802086	0.057216875
0.20493701	0.7314735	-0.6477392	0.058149394
0.20540719	0.73151857	-0.6474586	0.059042096
0.20586716	0.7316157	-0.64712286	0.059910838
0.20631136	0.7317137	-0.64679796	0.06068869
0.20683914	0.73178566	-0.6464747	0.061463907
0.20747453	0.73178256	-0.6462062	0.062178098
0.20820217	0.7316912	-0.6460176	0.06277949
0.2090022	0.73151773	-0.6459032	0.063316174
0.20985371	0.7313012	-0.64582855	0.0637612
0.21074305	0.73106843	-0.64576143	0.06417557
0.2118501	0.7308082	-0.6456382	0.06473242
0.21186705	0.73078835	-0.6456458	0.064824395
0.21319695	0.73067546	-0.6452147	0.0660192
0.21380796	0.7307061	-0.64490175	0.06675697
0.21436885	0.7307614	-0.6445613	0.06763579
0.21488206	0.7307658	-0.6442896	0.0685419
0.21542999	0.7306825	-0.64410293	0.06945905
0.21597196	0.7305341	-0.6439952	0.07032998
0.21648079	0.7303436	-0.6439473	0.07117833
0.21699473	0.73012686	-0.64392704	0.0720145
0.21760759	0.7299703	-0.64378065	0.07305318
0.21822487	0.72981113	-0.64363295	0.07409655
0.21861547	0.7298681	-0.643329	0.075017795
0.21890266	0.72997403	-0.6429969	0.07599062
0.21918322	0.7300324	-0.64271545	0.07699595
0.21958871	0.730007	-0.6424854	0.077995054
0.22005932	0.7299465	-0.6422741	0.07896943
0.22056875	0.72985613	-0.6420941	0.07984254
0.22117005	0.7297212	-0.6419379	0.080663234
0.22187296	0.7295544	-0.6418035	0.08130861
0.22285187	0.72932714	-0.6416477	0.0818979
0.22395383	0.7290835	-0.6414754	0.08240998
0.22508846	0.7288703	-0.641265	0.082841076
0.22594713	0.72874165	-0.64107877	0.0830764
0.22681767	0.728588	-0.64092714	0.08322147
0.22775826	0.7283542	-0.64084023	0.0833681
0.22884099	0.7280121	-0.64081794	0.08356216
0.2300552	0.72761655	-0.64079905	0.08381805
0.23131014	0.72724634	-0.64073133	0.084093235
0.23251884	0.7269404	-0.6406093	0.08433544
0.23375528	0.72668415	-0.64041793	0.084578805
0.23490502	0.7265491	-0.64012146	0.08479759
0.23567517	0.7265533	-0.6398137	0.08494645
0.23568	0.72655046	-0.6398139	0.08495648
0.2367221	0.72673506	-0.6391879	0.08519244
0.2372008	0.72682106	-0.6388828	0.08541419
0.23772517	0.72686976	-0.6385812	0.08579772
0.23836906	0.72688365	-0.6382405	0.0864264
0.23908699	0.72683567	-0.6379173	0.087229185
0.23980454	0.726725	-0.6376499	0.0881321
0.24044879	0.72663397	-0.63738114	0.089066096
0.24094978	0.726571	-0.63713574	0.08997673
0.24120232	0.7265682	-0.6369298	0.09077802
0.24120821	0.7265648	-0.6369298	0.09078929
0.24138418	0.7265903	-0.6367306	0.09151232
0.24182926	0.72657436	-0.6363702	0.092959486
0.24226926	0.7264513	-0.63623387	0.09370571
0.24284272	0.7263059	-0.63607323	0.09443561
0.24344504	0.7261943	-0.6358686	0.0951186
0.2440588	0.72611433	-0.63562614	0.09577485
0.24463771	0.72607523	-0.6353635	0.096335456
0.24517661	0.7260842	-0.6350727	0.09681368
0.24564227	0.72614443	-0.63476086	0.09722605
0.24605885	0.72623867	-0.6344317	0.0976155
0.2464989	0.7263343	-0.63409275	0.097996525
0.24697612	0.7264367	-0.6337331	0.098361745
0.2474997	0.72653216	-0.63335925	0.09874699
0.24810532	0.7266373	-0.6329302	0.09920422
0.2487631	0.72671837	-0.6325042	0.099678054
0.24945685	0.7267338	-0.6321381	0.10015361
0.25038087	0.72664756	-0.631773	0.100775324
0.25129202	0.7265283	-0.6314383	0.101462536
0.25200802	0.72644734	-0.6311491	0.1020638
0.25256264	0.7264032	-0.6308958	0.10257269
0.2529122	0.7264189	-0.6306815	0.10291611
0.25307763	0.72648305	-0.6305071	0.103125595
0.25313282	0.7265952	-0.6303282	0.10329366
0.25319567	0.72671986	-0.6301173	0.103549205
0.25337055	0.72679126	-0.6298869	0.10402099
0.25362292	0.72682375	-0.6296433	0.10465212
0.25390023	0.72684526	-0.6293812	0.10540391
0.25411978	0.7268696	-0.62914425	0.10611902
0.25430515	0.7268295	-0.62901133	0.10673558
0.25442323	0.72676194	-0.62896466	0.10718923
0.254431	0.7266999	-0.6289815	0.10749199
0.25436968	0.72663796	-0.62904114	0.107706495
0.25438458	0.7265534	-0.6290882	0.10796669
0.25450647	0.7264435	-0.62910694	0.10830897
0.25485668	0.7262795	-0.6290502	0.108913325
0.25530905	0.7260868	-0.6289512	0.10970756
0.25603864	0.7257572	-0.6287973	0.11106219
0.25599656	0.7258272	-0.62877715	0.11081476
0.2570493	0.7251568	-0.6287281	0.113023564
0.25756547	0.72475106	-0.6287762	0.11417814
0.25759578	0.7247605	-0.6287618	0.11412842
0.2579678	0.7242743	-0.62896925	0.11522639
0.25816563	0.7240949	-0.6290396	0.11552624
0.25849748	0.72391766	-0.6290549	0.11581162
0.25898555	0.7237395	-0.62899125	0.11617993
0.25958368	0.7235564	-0.6288677	0.11665332
0.26018757	0.7233927	-0.62870663	0.11719007
0.26076552	0.7232463	-0.6285238	0.11778819
0.26123184	0.7231127	-0.628381	0.11833588
0.2615336	0.723062	-0.62824374	0.11870742
0.26141214	0.72325987	-0.6280849	0.11860978
0.26129615	0.7234502	-0.62793005	0.11852408
0.26106083	0.7237623	-0.62772834	0.118205704
0.26085478	0.72411823	-0.6274767	0.11781633
0.26075384	0.7245128	-0.6271364	0.11742467
0.26073122	0.7248928	-0.62676847	0.117094114
0.26070616	0.72536653	-0.6262996	0.1167241
0.26066688	0.72568256	-0.62599444	0.11648455
0.2605923	0.7260047	-0.6256982	0.11623504
0.26043662	0.7262632	-0.625499	0.116041146
0.26029268	0.72645605	-0.62532634	0.11608754
0.26008973	0.7266054	-0.62519413	0.116319954
0.2598313	0.72671926	-0.625102	0.11668052
0.25954145	0.72682166	-0.62501544	0.11715041
0.25922003	0.7269615	-0.62488765	0.11767518
0.25893292	0.7271577	-0.62469953	0.11809313
0.25863677	0.72741383	-0.62445563	0.11845434
0.25837103	0.72769773	-0.62417775	0.11875425
0.25810748	0.72800064	-0.62388045	0.11903325
0.25782144	0.7283148	-0.6235806	0.11930184
0.25753254	0.7285859	-0.62334245	0.1195153
0.25722697	0.72878003	-0.6232048	0.11970659
0.25656584	0.72881037	-0.623309	0.12039691
0.25670475	0.7288253	-0.6232572	0.12027878
0.25645262	0.7287095	-0.62341124	0.12071867
0.25615665	0.72855794	-0.6236052	0.12125866
0.2557351	0.7284098	-0.62383336	0.121863134
0.25537637	0.72830963	-0.6240025	0.1223476
0.2549415	0.72821957	-0.624165	0.12295994
0.25447875	0.7282981	-0.6241557	0.12350008
0.2539997	0.728386	-0.6241399	0.1240465
0.25347075	0.728632	-0.62396765	0.12454892
0.25298122	0.7289354	-0.6237151	0.12503304
0.25162306	0.7298379	-0.6229958	0.12608999
0.25094846	0.73036456	-0.6225385	0.12664299
0.25026643	0.73091173	-0.62206197	0.12717624
0.24958058	0.73148197	-0.6215729	0.1276355
0.24893956	0.73204523	-0.62107253	0.1280935
0.248445	0.7325208	-0.6206157	0.12854804
0.24810164	0.7329168	-0.6201877	0.12901905
0.24789064	0.7332544	-0.61976814	0.12952141
0.24774934	0.7335765	-0.61934257	0.1300027
0.247657	0.7339013	-0.6188986	0.13045901
0.24756518	0.73422873	-0.61845946	0.13087223
0.24743034	0.73456925	-0.6180381	0.13120711
0.24721436	0.73491853	-0.61767465	0.13136974
0.24690154	0.73533803	-0.61729306	0.13140345
0.24663334	0.7357345	-0.61692786	0.13140291
0.24645007	0.73612016	-0.61652493	0.13147865
0.24630593	0.7365278	-0.6160569	0.131659
0.24618247	0.73696834	-0.6155199	0.13193631
0.24607342	0.73744154	-0.6149265	0.13226193
0.24578007	0.7383713	-0.61376613	0.13300824
0.24551956	0.7388032	-0.6132794	0.13333546
0.24518687	0.73920923	-0.6128504	0.1336698
0.24487646	0.7395219	-0.6125258	0.13399668
0.24463043	0.73977244	-0.6122146	0.13448435
0.24438536	0.7400394	-0.6118827	0.13497059
0.24421458	0.74033034	-0.61148375	0.1354913
0.24410513	0.7406497	-0.6110409	0.1359406
0.24404508	0.74100184	-0.6105648	0.13626802
0.24403372	0.74136883	-0.6100697	0.13650946
0.24404913	0.74172014	-0.6095914	0.13670976
0.24409728	0.7419999	-0.6091785	0.13694657
0.2441178	0.74226725	-0.6087588	0.13732666
0.24410504	0.74241877	-0.6084898	0.13772205
0.24403974	0.74254423	-0.6082085	0.1384023
0.24393766	0.7426238	-0.6079568	0.13925835
0.24378523	0.74269277	-0.60771894	0.14019302
0.2436288	0.7427332	-0.60752976	0.14106785
0.2434981	0.742778	-0.60731804	0.14196625
0.24335036	0.74284756	-0.60712254	0.14268953
0.2431689	0.7429626	-0.60690475	0.14332582
0.24297701	0.7431168	-0.606668	0.14385277
0.24269685	0.74334574	-0.6063575	0.14445075
0.24245436	0.743552	-0.60608613	0.14493409
0.24220408	0.7438031	-0.60572076	0.14559083
0.24197634	0.7440323	-0.60536397	0.14628048
0.24168028	0.7443245	-0.6049406	0.1470326
0.24127771	0.7447436	-0.6043947	0.1478145
0.24081966	0.7451542	-0.6038971	0.14852412
0.24031182	0.7455956	-0.6033747	0.1492532
0.2397781	0.7460495	-0.60284567	0.14997897
0.23924325	0.7464838	-0.6023541	0.15064606
0.23868759	0.74690694	-0.6018842	0.15130699
0.23866093	0.74690866	-0.6018919	0.15130979
0.23801881	0.7474196	-0.60126114	0.15230235
0.23771366	0.74771124	-0.60085064	0.1529665
0.23745653	0.74802625	-0.6003648	0.15373094
0.23722018	0.7483525	-0.59986585	0.15445395
0.23692624	0.74874115	-0.5993099	0.1551783
0.23657438	0.74916834	-0.5987411	0.1558474
0.23610064	0.74967057	-0.5981274	0.15650651
0.23560962	0.7501601	-0.59755737	0.15707707
0.23502472	0.7507403	-0.5968781	0.15776262
0.23458311	0.75118506	-0.59635085	0.15829508
0.23400559	0.7517001	-0.5958036	0.15876538
0.23340572	0.75221384	-0.5952832	0.15916665
0.23289782	0.7526562	-0.59484166	0.15947053
0.232532	0.75300753	-0.5944678	0.15973881
0.23235963	0.7532548	-0.5941554	0.15998633
0.23226273	0.7534839	-0.593823	0.16028264
0.23221713	0.75365686	-0.5935231	0.16064593
0.23217408	0.75374544	-0.59333485	0.16098717
0.23202938	0.7538866	-0.5930989	0.16140376
0.23173693	0.75413126	-0.592742	0.16199102
0.23132186	0.754462	-0.59225404	0.16282654
0.23091044	0.7547619	-0.59178084	0.16373871
0.23044878	0.75507843	-0.5912805	0.16473402
0.22994906	0.7554395	-0.5907399	0.16571383
0.2294435	0.755842	-0.59018826	0.1665429
0.22884397	0.7563465	-0.58955824	0.16730623
0.22824308	0.75688374	-0.58892894	0.16791372
0.22766617	0.7574515	-0.58827686	0.16842137
0.22718896	0.757984	-0.58761597	0.168976
0.22691327	0.75844425	-0.5869708	0.16952278
0.22676069	0.7588001	-0.5864142	0.1700601
0.22662194	0.75922805	-0.585724	0.17071266
0.2264298	0.7596708	-0.5850694	0.17124154
0.22612907	0.7602644	-0.5842592	0.17176987
0.22574128	0.7609781	-0.5833354	0.1722587
0.2252036	0.7617869	-0.5823771	0.17263019
0.2246057	0.76263493	-0.58138424	0.1730106
0.22397788	0.7634421	-0.5804548	0.1733848
0.22330391	0.7642023	-0.57960945	0.17373313
0.22258015	0.7649281	-0.5788132	0.17412193
0.22193053	0.7655242	-0.5781343	0.17458631
0.22126463	0.76607656	-0.5774801	0.1751728
0.22066402	0.7665278	-0.57691324	0.17582299
0.22005656	0.7669488	-0.5763784	0.1765006
0.21956447	0.7672905	-0.5759535	0.17701565
0.2190287	0.7677055	-0.57546276	0.17747517
0.21855223	0.76814216	-0.5749714	0.17776573
0.21810415	0.76864517	-0.57440925	0.17795874
0.21769327	0.7692142	-0.57375616	0.1781097
0.21739084	0.7697024	-0.57316995	0.17825773
0.21701829	0.77026016	-0.5724788	0.17852266
0.2165289	0.7708668	-0.571713	0.1789525
0.21594055	0.7714391	-0.5709902	0.17950429
0.2152339	0.7720007	-0.57028294	0.1801849
0.21448007	0.77251476	-0.5696309	0.18094173
0.21370503	0.7729521	-0.5690741	0.18174174
0.21300016	0.77334505	-0.56858337	0.18243217
0.21251734	0.773663	-0.56816655	0.18294488
0.2121191	0.77394754	-0.56777513	0.18341793
0.2117484	0.7742303	-0.56736296	0.18392806
0.21132946	0.77452415	-0.56692487	0.18452217
0.21089892	0.77477723	-0.5665376	0.1851408
0.2109255	0.774771	-0.566531	0.18515666
0.20978811	0.7753816	-0.5657129	0.18638983
0.20915334	0.7756973	-0.56531405	0.18699928
0.20848823	0.77602404	-0.56491643	0.1875873
0.2078237	0.77635646	-0.5645154	0.18815494
0.20716935	0.7767091	-0.56408775	0.18870315
0.20648633	0.77710575	-0.5635798	0.18933538
0.20589875	0.77749497	-0.563042	0.18997632
0.20533921	0.7779359	-0.5623929	0.19069816
0.20473948	0.7784801	-0.5615564	0.19158527
0.20427649	0.77894074	-0.5608581	0.19225164
0.20368499	0.7795725	-0.5599791	0.19288005
0.20303363	0.7802769	-0.55905753	0.193391
0.20237866	0.7810191	-0.55811113	0.19381423
0.201818	0.781677	-0.5572641	0.19418374
0.20128898	0.78231865	-0.55640537	0.19461136
0.20075618	0.78295565	-0.5555353	0.19508433
0.20026347	0.7835199	-0.55475235	0.195553
0.19969502	0.784135	-0.5538752	0.19615474
0.19917275	0.78463906	-0.553079	0.19691454
0.19865575	0.785134	-0.55229294	0.19766927
0.19815466	0.7855443	-0.55159277	0.19849522
0.19765617	0.7859274	-0.5509048	0.19938399
0.19704132	0.7863584	-0.5501831	0.20028424
0.19631946	0.7868684	-0.5493938	0.20115522
0.1954663	0.7875036	-0.54847723	0.2019999
0.19443408	0.7883081	-0.54738724	0.2028131
0.19332005	0.7892134	-0.5461987	0.20355988
0.19216327	0.7901776	-0.5449205	0.20433894
0.19072907	0.7913739	-0.54330117	0.2053624
0.18971239	0.792214	-0.54211473	0.20619845
0.18970962	0.7922055	-0.5421168	0.20622851
0.18795137	0.7936207	-0.53994715	0.2080806
0.18602186	0.7951387	-0.537633	0.2100026
0.18505831	0.7959349	-0.53645337	0.21085294
0.18414727	0.7967314	-0.5352836	0.21161346
0.18321455	0.7975973	-0.53400105	0.21240075
0.18250293	0.79829127	-0.5329384	0.21307404
0.1818181	0.79897225	-0.53184634	0.21383414
0.18122426	0.7995785	-0.5308159	0.21463153
0.18078187	0.80008835	-0.5298652	0.21545196
0.18043095	0.8005605	-0.52891964	0.21631369
0.18011655	0.80102724	-0.52802306	0.21703729
0.17978656	0.8015373	-0.52706695	0.21775007
0.17947066	0.80207723	-0.5260571	0.21846384
0.179165	0.8026307	-0.5250571	0.21908681
0.17887254	0.80316955	-0.5240829	0.21968232
0.17850995	0.8037375	-0.5230827	0.22028352
0.17788056	0.8046087	-0.52152723	0.22129774
0.17790005	0.8046013	-0.5215222	0.22132094
0.17726915	0.80539656	-0.52014863	0.22216564
0.1767158	0.80599767	-0.51915324	0.22275369
0.17603843	0.8066512	-0.5181385	0.22328644
0.17530182	0.8073032	-0.51714844	0.22380479
0.17454773	0.8079368	-0.51617366	0.22435696
0.17384166	0.80852765	-0.5152266	0.22495267
0.173313	0.80897766	-0.5144794	0.22545268
0.17283472	0.80941653	-0.51374805	0.2259115
0.17247522	0.80978036	-0.51315403	0.22623271
0.1721932	0.8101037	-0.5126536	0.22642438
0.17196855	0.8104521	-0.5120939	0.22661427
0.17179196	0.8107764	-0.51151955	0.22688521
0.17161503	0.8111105	-0.510837	0.22736265
0.1714117	0.8113981	-0.5101511	0.22802849
0.17101872	0.8118072	-0.5092307	0.22892295
0.17097645	0.8117935	-0.5092445	0.2289729
0.16951858	0.8130539	-0.50688297	0.23081723
0.1686137	0.813703	-0.5057101	0.23176289
0.16763666	0.814381	-0.5044984	0.2327293
0.16665883	0.81508565	-0.5032266	0.2337164
0.16569598	0.8158042	-0.50192136	0.23469856
0.16568233	0.8157932	-0.5019261	0.23473604
0.16407998	0.8171355	-0.49943367	0.23650242
0.16341303	0.8178313	-0.49813396	0.23729874
0.16274637	0.8185311	-0.4968226	0.23809218
0.16207376	0.81928027	-0.4954221	0.23889153
0.16141471	0.82004	-0.49403268	0.23960689
0.16065308	0.82085335	-0.49264094	0.24019836
0.15990655	0.82165295	-0.4912906	0.2407283
0.15921907	0.8223395	-0.49013147	0.24120188
0.15860508	0.82291627	-0.48912066	0.24169007
0.15800154	0.82345647	-0.48809445	0.24231966
0.15742579	0.82396245	-0.48705238	0.24307002
0.15693559	0.8244015	-0.48605096	0.24390139
0.15650748	0.82481194	-0.4850543	0.2447718
0.15611511	0.82521945	-0.48403817	0.24565862
0.15569347	0.8256494	-0.48299903	0.24652536
0.15520963	0.8260972	-0.48199093	0.24730174
0.15408002	0.82694584	-0.48039156	0.24828184
0.15410237	0.8269301	-0.48038518	0.24833272
0.15306859	0.827681	-0.47905034	0.24904819
0.15227576	0.8282555	-0.47806266	0.2495217
0.15079491	0.82934016	-0.47618127	0.25041437
0.15025736	0.8297986	-0.47530478	0.2508834
0.14983721	0.83022237	-0.4744525	0.25134575
0.14959757	0.83053607	-0.47379234	0.25169662
0.149363	0.8309025	-0.4730265	0.2520669
0.14891276	0.83139396	-0.47209042	0.2524674
0.14847971	0.83185714	-0.47120088	0.25285846
0.14783417	0.8324144	-0.47016406	0.2533321
0.14696366	0.8330463	-0.46899492	0.2539278
0.14593835	0.8336744	-0.4678024	0.2546568
0.14482948	0.8342973	-0.46657425	0.25550145
0.14360175	0.8349341	-0.46530792	0.25642172
0.14243092	0.83554584	-0.46412796	0.2572198
0.14135836	0.8361281	-0.4630247	0.25790614
0.14138448	0.83610857	-0.46301663	0.25797018
0.13916019	0.8374104	-0.46059167	0.25929445
0.13917854	0.8373942	-0.4605859	0.25934762
0.13760969	0.8383227	-0.45875555	0.26042643
0.13656856	0.8389138	-0.45761022	0.26108566
0.13539755	0.83956844	-0.45638978	0.26172656
0.13415904	0.840271	-0.45512116	0.26231802
0.1328544	0.8410433	-0.45375347	0.26287585
0.13286617	0.8410319	-0.4537496	0.2629134
0.13055341	0.8425927	-0.4510834	0.26366097
0.12961322	0.84326166	-0.4499176	0.26397797
0.12824528	0.84419787	-0.44824097	0.26450577
0.12824628	0.8441942	-0.44824046	0.26451755
0.12709098	0.84500986	-0.44656754	0.2652995
0.1264014	0.8454594	-0.4455501	0.26590636
0.12575349	0.8458599	-0.44458288	0.26655847
0.1251893	0.8462086	-0.44372422	0.26714674
0.12464212	0.8465608	-0.44289932	0.26765552
0.12463491	0.84655774	-0.4429014	0.26766494
0.12357845	0.8473898	-0.4413141	0.26814288
0.1230909	0.84782195	-0.44051772	0.26831126
0.12263709	0.8482538	-0.43971607	0.26846892
0.12222733	0.8486588	-0.43892783	0.26866546
0.12179074	0.8490839	-0.4380377	0.26897326
0.12135283	0.849485	-0.43715313	0.26934332
0.12083288	0.84991705	-0.43622562	0.2697178
0.12020256	0.85038507	-0.43541157	0.2698394
0.11963378	0.85082006	-0.43465635	0.2699388
0.11908006	0.8512659	-0.43396744	0.2698861
0.118679285	0.8515876	-0.43351895	0.26976883
0.118318185	0.8518692	-0.43318754	0.26957056
0.11792734	0.8521468	-0.43283653	0.2694283
0.11740873	0.852454	-0.43240303	0.26937908
0.11691625	0.85269266	-0.43203443	0.26942933
0.11622594	0.85282296	-0.4316855	0.2698745
0.11553362	0.8529247	-0.4313969	0.27031094
0.11487952	0.8529945	-0.43118772	0.27070352
0.11415213	0.8531074	-0.43098345	0.2709805
0.11356748	0.85317796	-0.43087372	0.27117828
0.11296841	0.8532852	-0.43077025	0.27125588
0.112371884	0.8533996	-0.43066502	0.27131048
0.11176612	0.8535338	-0.43051538	0.27137586
0.111180656	0.8536784	-0.43033364	0.2714499
0.11053694	0.85387456	-0.4300879	0.27148554
0.109867215	0.85409635	-0.42983198	0.2714648
0.109211646	0.8543326	-0.4295869	0.2713738
0.10857521	0.85456425	-0.42938194	0.27122414
0.107917994	0.8547905	-0.42923176	0.2710114
0.10719282	0.85497046	-0.4291362	0.27088255
0.10664952	0.8551101	-0.42903078	0.2708233
0.105989546	0.8552902	-0.42888734	0.2707407
0.10528652	0.8555196	-0.42865357	0.27066025
0.10463998	0.85574734	-0.4284058	0.2705834
0.10417474	0.85596067	-0.42819452	0.27042267
0.10336002	0.8564033	-0.42784417	0.26988807
0.103067234	0.8565886	-0.42774206	0.2695735
0.10289124	0.8567524	-0.4276971	0.26919147
0.10272662	0.85690904	-0.42767724	0.2687869
0.102584735	0.8570343	-0.42769307	0.26841652
0.10245758	0.8571486	-0.42769825	0.26809162
0.10225549	0.8572666	-0.42768013	0.26782
0.10191508	0.85743994	-0.42760083	0.26752135
0.10194384	0.85742027	-0.42759025	0.26759028
0.101386815	0.857711	-0.42741433	0.26715052
0.10103047	0.8579008	-0.42727733	0.26689523
0.100655966	0.8581201	-0.42712107	0.26658192
0.100270435	0.8583786	-0.42694485	0.26617715
0.099896185	0.8586649	-0.42675784	0.2656939
0.09954777	0.8589605	-0.4265575	0.26518995
0.09923613	0.8592329	-0.42637485	0.26471815
0.098975815	0.8594497	-0.4262443	0.26432166
0.09878108	0.85959095	-0.4261969	0.26401117
0.098628014	0.8596756	-0.4261983	0.26379082
0.09845992	0.8597502	-0.42619586	0.2636144
0.09825509	0.85986173	-0.42613798	0.26342055
0.097989	0.86003894	-0.42600098	0.26316234
0.0976555	0.86029863	-0.4257805	0.26279363
0.09727348	0.86063665	-0.42548674	0.26230395
0.0968555	0.8610312	-0.42513397	0.26173562
0.09636809	0.8614596	-0.42478263	0.2610753
0.09588222	0.86189485	-0.42445204	0.2603545
0.09593748	0.8618778	-0.42443419	0.26041967
0.09525148	0.86228985	-0.4242437	0.25961637
0.094840765	0.86243373	-0.42424288	0.2592902
0.09435722	0.862489	-0.42434716	0.25911218
0.09377971	0.86248744	-0.42451414	0.25905338
0.09315992	0.8624889	-0.42466405	0.25902623
0.092456475	0.86255705	-0.4247623	0.25889015
0.0916641	0.8627169	-0.42474946	0.25866064
0.09083051	0.86295706	-0.42460683	0.25838757
0.08988559	0.8633044	-0.4244094	0.25788143
0.08921556	0.86359394	-0.42429212	0.25733703
0.0885239	0.8639247	-0.42421138	0.2565975
0.08792902	0.86422884	-0.4241786	0.25583145
0.087501876	0.86445	-0.42424437	0.25512043
0.08721941	0.8645863	-0.42441973	0.25446248
0.08703894	0.8646711	-0.4246508	0.25385028
0.08687446	0.864739	-0.42488727	0.25327897
0.08670435	0.86480784	-0.42506957	0.25279567
0.08649503	0.8649098	-0.42523506	0.25223958
0.086282946	0.8650629	-0.4253817	0.25153923
0.086126775	0.86523664	-0.4254741	0.25083768
0.085973054	0.8654693	-0.42559913	0.24987411
0.08595593	0.8656682	-0.42574596	0.24893889
0.08609381	0.866026	-0.42614338	0.24695884
0.086160734	0.8661654	-0.42635316	0.24608314
0.08615102	0.8663046	-0.4265871	0.24518973
0.086060554	0.8664317	-0.42677438	0.24444509
0.085878536	0.866571	-0.4269895	0.24363837
0.08560067	0.86669105	-0.4272125	0.24291717
0.08519936	0.8668213	-0.42740995	0.2422453
0.08472641	0.8669549	-0.4275648	0.24165894
0.084183894	0.86708623	-0.42776224	0.2410272
0.08366294	0.8671816	-0.42802185	0.24040395
0.08324117	0.86723715	-0.4283223	0.23981391
0.082906745	0.8672651	-0.4286553	0.2392326
0.0826934	0.8672812	-0.42897922	0.23866755
0.082583755	0.867317	-0.42928603	0.23802237
0.08253367	0.86739045	-0.42955014	0.23729485
0.082444094	0.86750567	-0.42974383	0.23655276
0.08222921	0.8676766	-0.42988935	0.23573487
0.081869565	0.8679038	-0.4299861	0.23484534
0.08146907	0.86816067	-0.43005887	0.23390014
0.08084839	0.86846256	-0.43008655	0.23294197
0.08020171	0.86874783	-0.43013898	0.23200315
0.07959779	0.86897826	-0.43024275	0.23115394
0.07906811	0.8691418	-0.43043202	0.23036769
0.078564964	0.86929864	-0.4306112	0.22961146
0.078124166	0.8694207	-0.43084043	0.22886872
0.07774594	0.8694894	-0.43112007	0.22820888
0.077398814	0.8695039	-0.431452	0.22764371
0.07704295	0.8695043	-0.43178025	0.22714038
0.07664215	0.86950284	-0.43209755	0.22667708
0.076193854	0.8695313	-0.43237123	0.22619674
0.07563327	0.8696273	-0.4325987	0.22558008
0.0749957	0.8698045	-0.4327346	0.22484806
0.07430519	0.8701288	-0.43265215	0.2239796
0.07356933	0.8705157	-0.43246615	0.22307621
0.07293345	0.87089396	-0.4322501	0.22222568
0.07230158	0.87130135	-0.4320118	0.221297
0.07174061	0.8716523	-0.43181667	0.22047693
0.0711797	0.8719475	-0.43167606	0.21976556
0.0705949	0.87218225	-0.4315987	0.21917383
0.06990611	0.8723944	-0.43156853	0.2186087
0.06916868	0.87257886	-0.4315926	0.21805885
0.06843824	0.8727321	-0.43165818	0.21754546
0.067703806	0.87288696	-0.4317412	0.21698898
0.06703067	0.8730412	-0.43184614	0.21636759
0.066487916	0.8731842	-0.43197784	0.21569389
0.066034205	0.87333393	-0.43213695	0.21490683
0.065743655	0.8734876	-0.43223536	0.21417248
0.06553566	0.8736619	-0.4322551	0.2134847
0.06529943	0.87391853	-0.43217948	0.2126582
0.065001704	0.8742296	-0.43201438	0.21180388
0.064595215	0.87458533	-0.43178397	0.21092774
0.06404618	0.87495273	-0.43154082	0.21006738
0.06335315	0.8753178	-0.4313308	0.20918614
0.062092733	0.8757758	-0.43114042	0.20803602
0.061398376	0.8759763	-0.43116525	0.20734634
0.060872257	0.8760791	-0.4312928	0.20680085
0.060417846	0.87618256	-0.43141478	0.20624055
0.060008593	0.87626976	-0.43152606	0.20575613
0.059856873	0.8763576	-0.43157524	0.20532238
0.059386827	0.8764336	-0.4317259	0.20481767
0.05917993	0.8765276	-0.43179524	0.2043286
0.05905732	0.87657756	-0.4318312	0.20407346
0.058849685	0.8768021	-0.4318176	0.20319569
0.058704905	0.8769502	-0.43178862	0.20265867
0.05858498	0.87706935	-0.43176648	0.20222503
0.058388863	0.8771143	-0.43181735	0.2019784
0.058416482	0.87723196	-0.43169722	0.20171544
0.058332484	0.8773013	-0.43162817	0.20158659
0.05826971	0.87735516	-0.43156976	0.20149514
0.05821824	0.87740606	-0.43153802	0.20135632
0.058171958	0.8774583	-0.43152645	0.20116666
0.058095504	0.8775453	-0.43150535	0.20085432
0.05807102	0.87755936	-0.43151316	0.20078304
0.057934575	0.87767476	-0.43141735	0.20052339
0.05783599	0.87775487	-0.43132767	0.20039394
0.057719678	0.8778369	-0.43120098	0.20034154
0.057635967	0.8779037	-0.431073	0.20034824
0.057649996	0.8778834	-0.4310605	0.20046014
0.05771819	0.87785584	-0.43105978	0.20056249
0.057792924	0.87780464	-0.4311227	0.2006299
0.057822436	0.87775695	-0.43124053	0.20057687
0.057777878	0.87772673	-0.4313856	0.20040922
0.057750374	0.8776665	-0.43157163	0.2002807
0.05782162	0.877561	-0.43180144	0.20022732
0.058014438	0.87743515	-0.43205252	0.20018114
0.058302633	0.87730753	-0.43232828	0.2000616
0.058685716	0.87716776	-0.43263856	0.19989188
0.059062753	0.8770292	-0.4329204	0.19977874
0.0594549	0.8769131	-0.4330905	0.1998028
0.059669636	0.8768927	-0.43310896	0.19978835
0.059513602	0.8769847	-0.43292332	0.19983368
0.059187215	0.8771679	-0.4325787	0.19987214
0.05875492	0.8774053	-0.4321205	0.19994935