0.20035885	0.77964777	-0.43628183	0.40207466
0.2002194	0.77969885	-0.4361976	0.40213642
0.20005782	0.77969605	-0.43613082	0.40229443
0.19990365	0.77965	-0.43611255	0.40248024
0.19976123	0.77958864	-0.4361442	0.40263554
0.19965938	0.7795313	-0.4362153	0.40272012
0.19960257	0.7794832	-0.4363124	0.4027359
0.19957222	0.779468	-0.43639314	0.4026928
0.19955501	0.77948904	-0.43643728	0.40261304
0.19955796	0.77953964	-0.43643582	0.40251496
0.19955494	0.77962595	-0.43638644	0.40240273
0.19954182	0.77973557	-0.43629876	0.4022919
0.1995461	0.77982503	-0.4362118	0.402211
0.19960546	0.7798767	-0.43617448	0.40212145
0.1996976	0.7798941	-0.43619877	0.40201592
0.19982421	0.7798563	-0.43629044	0.4019269
0.19994764	0.77978504	-0.4364234	0.40185955
0.20003295	0.77971303	-0.43654662	0.40182266
0.20006277	0.7796516	-0.43664026	0.40182543
0.20005238	0.7795869	-0.4367332	0.40185508
0.20001644	0.7795083	-0.43683225	0.4019178
0.19992927	0.7794346	-0.43690115	0.40202916
0.19980817	0.77939665	-0.4369054	0.40215832
0.199678	0.77940565	-0.43683773	0.40227908
0.19956125	0.7794458	-0.43671855	0.4023887
0.19945155	0.7795062	-0.4365796	0.4024766
0.1993495	0.7795643	-0.43644357	0.40256232
0.19926438	0.7796052	-0.43633902	0.40263832
0.19919235	0.77960837	-0.43628326	0.40272832
0.19915406	0.77957577	-0.4362912	0.40280172
0.19914597	0.7795144	-0.43636304	0.4028471
0.19917303	0.7794545	-0.4364771	0.40282562
0.19924553	0.7794072	-0.43658295	0.40276662
0.19938022	0.7793443	-0.43665138	0.40274754
0.19962567	0.7792929	-0.43661904	0.4027604
0.19977313	0.77925664	-0.43657678	0.40280324
0.19987996	0.7792665	-0.43646437	0.40285292
0.1999021	0.7793023	-0.43630892	0.40294135
0.19980381	0.7793457	-0.43618917	0.40303555
0.19957162	0.77940917	-0.4360368	0.4031931
0.19936629	0.779445	-0.43592954	0.4033411
0.19916725	0.7794695	-0.43583488	0.40349436
0.19902179	0.7794797	-0.43575937	0.403628
0.19891949	0.7794845	-0.43567583	0.4037593
0.19886157	0.7794809	-0.43559018	0.40388733
0.19883339	0.7794796	-0.43548378	0.4040184
0.19879892	0.7794978	-0.43536577	0.40412748
0.19872972	0.7795445	-0.4352358	0.40421125
0.1986917	0.7795897	-0.43513578	0.40425032
0.19863227	0.7796548	-0.4350329	0.40426475
0.19859754	0.77970403	-0.43496314	0.40426195
0.19860181	0.7797351	-0.4349251	0.40424094
0.19866201	0.7797403	-0.43492383	0.4042027
0.19876179	0.7797168	-0.43494993	0.40417093
0.19888644	0.7796599	-0.43499127	0.40417507
0.1990008	0.77959067	-0.43503448	0.40420547
0.19911018	0.77952856	-0.43507007	0.40423316
0.19922413	0.7794652	-0.43510136	0.40426558
0.19935274	0.7794052	-0.43511963	0.4042981
0.199477	0.77937007	-0.43510616	0.40431893
0.1996054	0.7794061	-0.43500736	0.4042924
0.19970095	0.7794513	-0.4348869	0.40428793
0.19977172	0.7795099	-0.43473876	0.404299
0.19982336	0.7795663	-0.43458822	0.40432662
0.19984068	0.779631	-0.4344349	0.40435815
0.19980694	0.77969384	-0.43430656	0.40439162
0.19974147	0.77976066	-0.43419534	0.40441462
0.19968611	0.77981406	-0.43408543	0.404457
0.19966517	0.7798653	-0.4339883	0.40447265
0.19967903	0.77990204	-0.43391806	0.40447032
0.19972177	0.7799293	-0.43385953	0.40445954
0.19976597	0.77996	-0.43379623	0.4044464
0.19980189	0.7800072	-0.43371335	0.40442652
0.19981183	0.78008497	-0.43360472	0.40438807
0.19980705	0.78018737	-0.4334792	0.40432754
0.19979651	0.78029597	-0.4333492	0.40426248
0.19980468	0.78040415	-0.43322378	0.4041837
0.19984527	0.78048736	-0.43312573	0.404108
0.19991192	0.7805414	-0.4330389	0.40406406
0.19997878	0.780561	-0.43296874	0.40406838
0.20000093	0.7805453	-0.432926	0.4041334
0.19997072	0.7805036	-0.43290803	0.40424818
0.19989505	0.78044325	-0.43290323	0.40440688
0.19978014	0.7803962	-0.43288687	0.40457225
0.19965191	0.78040403	-0.43282628	0.40468535
0.19954187	0.7804703	-0.43269393	0.40475318
0.19948046	0.78058547	-0.43248832	0.40478113
0.19945681	0.7807408	-0.43221816	0.40478185
0.19944751	0.78093374	-0.43188623	0.40476874
0.1994244	0.7811424	-0.43152046	0.40476707
0.19937162	0.78133965	-0.4311607	0.40479597
0.19929112	0.7815026	-0.43082932	0.40487373
0.19919485	0.78163385	-0.43052125	0.40499565
0.19912905	0.78172326	-0.4302577	0.4051352
0.19912107	0.78175133	-0.4300586	0.40529653
0.19919	0.7817612	-0.42989826	0.40541375
0.19937408	0.7817455	-0.42978737	0.4054713
0.19962026	0.7817068	-0.42966884	0.4055504
0.19981036	0.7816774	-0.42958605	0.4056009
0.20004134	0.78161675	-0.429472	0.405725
0.2002365	0.78155345	-0.42933705	0.40589347
0.2003777	0.78150785	-0.42914096	0.40611872
0.20041746	0.78153616	-0.42885613	0.40634528
0.20037088	0.781634	-0.42848092	0.4065761
0.20025	0.7817628	-0.4280529	0.40683854
0.2000815	0.78188956	-0.42760026	0.40715376
0.19989312	0.7819837	-0.42715216	0.40753594
0.19967002	0.7820309	-0.42674604	0.4079796
0.19941932	0.7820128	-0.42643133	0.40846565
0.19913295	0.7819285	-0.42618454	0.4090241
0.19883235	0.78179353	-0.4260065	0.40961343
0.19856006	0.7816407	-0.4258945	0.4101533
0.19831125	0.78148407	-0.4258187	0.4106505
0.1981413	0.7813316	-0.425761	0.41108212
0.19807361	0.78116924	-0.42569196	0.41149464
0.1980967	0.78102696	-0.42555708	0.4118932
0.19819736	0.7809344	-0.4253357	0.41224864
0.1984777	0.7808465	-0.4249004	0.41272882
0.19847043	0.7808636	-0.42490503	0.41269523
0.19885561	0.78072476	-0.4242289	0.4134672
0.19896804	0.78062695	-0.42385837	0.41397747
0.19902179	0.78049093	-0.4235696	0.41450337
0.19899474	0.7803319	-0.4233077	0.41508293
0.19894312	0.7801581	-0.42309064	0.41565555
0.1989258	0.77978724	-0.42277095	0.4166836
0.19890343	0.7795784	-0.42263064	0.41722694
0.1988962	0.77935773	-0.4224571	0.41781822
0.19888808	0.77914083	-0.42223763	0.41844773
0.19886382	0.7789176	-0.42196742	0.419147
0.19881256	0.7787394	-0.42167777	0.41979355
0.1987129	0.77855957	-0.42126203	0.42059064
0.19868419	0.7785671	-0.42127758	0.42057508
0.19853522	0.778298	-0.42073667	0.42168313
0.19847459	0.7781303	-0.42045563	0.4223011
0.19843408	0.77792925	-0.42022178	0.42292288
0.19843376	0.7777308	-0.4199827	0.42352495
0.1984796	0.77753747	-0.41968715	0.42415106
0.19857204	0.77738136	-0.4193415	0.42473543
0.19870591	0.77719396	-0.41897362	0.4253785
0.19883907	0.7770388	-0.41863734	0.42593038
0.19901367	0.77687037	-0.41832167	0.42646557
0.19925442	0.77668107	-0.4180652	0.4269493
0.19954383	0.776461	-0.41788805	0.4273876
0.19987722	0.77622956	-0.41776788	0.4277695
0.20021339	0.775992	-0.41769388	0.42811576
0.20055394	0.7757341	-0.4176342	0.42848146
0.20090522	0.77537453	-0.41754034	0.42905906
0.20115054	0.7751251	-0.41747048	0.4294626
0.20140424	0.77483803	-0.4173605	0.42996812
0.20161693	0.7746174	-0.41717175	0.43044892
0.20173594	0.77446425	-0.41685212	0.43097815
0.2018254	0.77434254	-0.41650125	0.43149373
0.20187664	0.77424806	-0.41611174	0.43201503
0.20188671	0.7741706	-0.41571832	0.4325276
0.2018879	0.77408797	-0.4152973	0.43307894
0.20187831	0.7739922	-0.415002	0.43353727
0.2018854	0.7738459	-0.41476634	0.4340204
0.20189746	0.77364534	-0.41458282	0.4345474
0.20194082	0.77341235	-0.4144192	0.4350977
0.20203663	0.77316433	-0.4142347	0.4356694
0.20219392	0.772923	-0.4140259	0.43622273
0.20241562	0.77267915	-0.41379407	0.43677145
0.20264962	0.7724546	-0.41354868	0.43729228
0.20287514	0.77222574	-0.41328472	0.43784118
0.20304373	0.77202016	-0.41297218	0.43842024
0.20311016	0.77186745	-0.41263077	0.4389793
0.20306592	0.77174664	-0.41224098	0.4395782
0.20294708	0.7716615	-0.41184545	0.4401526
0.20277499	0.7716112	-0.41142207	0.4407158
0.20261239	0.77158254	-0.41099492	0.44123876
0.20246646	0.77154064	-0.41058984	0.44175595
0.20234741	0.77144706	-0.41017073	0.44236296
0.20229039	0.77132803	-0.40984422	0.44289902
0.20222509	0.7707887	-0.4092056	0.44445518
0.20220149	0.770481	-0.40891254	0.44526857
0.20202005	0.7701288	-0.40838683	0.44644132
0.20202751	0.770121	-0.40838215	0.44645575
0.20177162	0.76994526	-0.40765926	0.4475338
0.20167859	0.7698818	-0.40711275	0.4481821
0.20161238	0.769912	-0.4064784	0.4487352
0.20160829	0.7699879	-0.40584332	0.4491815
0.20164359	0.7700444	-0.40519756	0.44965166
0.2016805	0.7700836	-0.40436143	0.45031992
0.20174398	0.770054	-0.40432355	0.45037645
0.20172533	0.77004194	-0.40347156	0.45116857
0.20161065	0.77000237	-0.40244046	0.4522072
0.20152193	0.7699474	-0.40193394	0.4527905
0.2013768	0.7698752	-0.4013573	0.4534886
0.20122427	0.7698056	-0.4008403	0.45413113
0.2010619	0.76974326	-0.40030953	0.45477667
0.20097506	0.76963615	-0.39980584	0.45543882
0.20096543	0.76947767	-0.3993357	0.45612293
0.20097904	0.7693333	-0.39886212	0.45677435
0.20104346	0.76919705	-0.3984105	0.4573693
0.20112725	0.7690617	-0.3979834	0.4579314
0.20122702	0.76892304	-0.39757556	0.45847437
0.2013409	0.7687861	-0.39720905	0.45897126
0.20146999	0.76863253	-0.39682734	0.45950183
0.20158403	0.768478	-0.39647338	0.4600157
0.20163313	0.76831686	-0.3960869	0.46059576
0.20164765	0.76829773	-0.39607722	0.46062967
0.20164724	0.7679966	-0.39557567	0.46156195
0.20160446	0.7677695	-0.39533016	0.46216866
0.20149316	0.7674836	-0.39511946	0.46287158
0.20136812	0.76722664	-0.39488715	0.46354967
0.20120405	0.7669949	-0.39457348	0.46427122
0.20099844	0.76682305	-0.39420843	0.4649535
0.20077676	0.7666956	-0.39380547	0.4656003
0.20053141	0.7665875	-0.39334494	0.4662729
0.20030777	0.76650524	-0.39292526	0.46685782
0.2000394	0.7664085	-0.39245257	0.46752882
0.19977134	0.7663014	-0.391966	0.4682269
0.19949521	0.7661909	-0.39143854	0.4689658
0.19923396	0.76609176	-0.3908547	0.4697253
0.1990476	0.76598173	-0.39031228	0.47043434
0.19893228	0.76584375	-0.3898172	0.47111788
0.19884406	0.76570034	-0.38933986	0.47178224
0.19876227	0.76556426	-0.38887402	0.4724214
0.19865882	0.7654267	-0.3884271	0.47305518
0.19851771	0.76527977	-0.38799295	0.47370785
0.19835295	0.76512116	-0.387575	0.47437453
0.19817875	0.7649561	-0.38716474	0.47504824
0.19780733	0.76476264	-0.3862132	0.47628757
0.19761558	0.7647822	-0.38562238	0.47681412
0.19735236	0.7648543	-0.38480186	0.47747007
0.19717184	0.76489836	-0.38423508	0.47793013
0.19690032	0.76497304	-0.38351285	0.47850248
0.19656733	0.7650308	-0.38280368	0.47911432
0.19622512	0.76508427	-0.3821076	0.47972447
0.19588505	0.7651109	-0.3814479	0.48034582
0.19558488	0.7651091	-0.38083476	0.4809569
0.19533597	0.7651076	-0.38018325	0.48157573
0.1951308	0.7651063	-0.3795276	0.48217753
0.19495358	0.765115	-0.37884575	0.48277125
0.19477223	0.7651313	-0.3781396	0.4833718
0.19458081	0.7651459	-0.37746814	0.4839502
0.19437338	0.76515067	-0.37685624	0.4845028
0.19415022	0.7651238	-0.37628374	0.48507923
0.1939427	0.7650582	-0.37579718	0.48564252
0.19374521	0.7649651	-0.3753413	0.48622015
0.19354264	0.7648639	-0.37490514	0.48679653
0.19333561	0.76477635	-0.3744544	0.4873628
0.19311132	0.76473397	-0.3739624	0.48789552
0.1929245	0.7647291	-0.37345192	0.48836815
0.1927707	0.76472306	-0.37286735	0.4888845
0.19272919	0.7646969	-0.3724978	0.48922348
0.1927566	0.7646154	-0.37206757	0.48966715
0.1928658	0.76446795	-0.3716889	0.4901417
0.19300407	0.7642916	-0.37141475	0.49057004
0.1931621	0.7640647	-0.37110898	0.49109223
0.19324028	0.76386124	-0.3707637	0.49163866
0.19319357	0.76373464	-0.37032908	0.492181
0.19302821	0.7636979	-0.3697901	0.4927078
0.19275987	0.7637174	-0.3691777	0.49324152
0.1924211	0.76375425	-0.3685497	0.49378616
0.19208172	0.763802	-0.36800924	0.49424717
0.19164933	0.7638701	-0.3673604	0.49479228
0.19124365	0.76389843	-0.3667352	0.49536893
0.19086798	0.76392776	-0.3660888	0.4959464
0.19050492	0.7639636	-0.36546126	0.49649352
0.19014813	0.76399297	-0.36484107	0.49704072
0.18980895	0.7640364	-0.36423278	0.49754962
0.18940885	0.7641191	-0.36350903	0.4981039
0.18908617	0.7642068	-0.36286834	0.49855882
0.18875721	0.7643198	-0.36216626	0.49902076
0.18846309	0.7644401	-0.3614781	0.49944618
0.18818519	0.7645601	-0.3607775	0.4998738
0.18823513	0.7645425	-0.36074442	0.4999057
0.18736295	0.7647032	-0.3589198	0.5012991
0.18714069	0.7647224	-0.35839897	0.50172526
0.18689209	0.7647594	-0.35780764	0.5021832
0.18665542	0.76482713	-0.35716328	0.5026268
0.18650612	0.7649029	-0.35657772	0.50298256
0.1863903	0.76501876	-0.35593122	0.50330704
0.1862992	0.7651712	-0.3552643	0.5035802
0.18624109	0.76535183	-0.3545938	0.50379974
0.18616568	0.76556766	-0.35388237	0.5039997
0.18607952	0.76573825	-0.35328794	0.50418943
0.18593201	0.76591045	-0.35268396	0.5044053
0.18569094	0.7660849	-0.35203758	0.50468045
0.18493758	0.7664319	-0.35071456	0.5053508
0.18449984	0.7665707	-0.35005745	0.50575584
0.184033	0.7667156	-0.34941387	0.50615126
0.18358773	0.7668725	-0.34876266	0.5065242
0.18322577	0.76702964	-0.34813595	0.50684834
0.18292503	0.7672038	-0.34750593	0.5071255
0.18260887	0.7674158	-0.34679356	0.5074065
0.18232977	0.76759917	-0.34614304	0.5076735
0.18201058	0.7677817	-0.34544852	0.50798523
0.18167706	0.7679465	-0.3447704	0.50831604
0.18130809	0.76810914	-0.34409276	0.5086609
0.18091728	0.7682678	-0.34344757	0.50899637
0.18041374	0.7684636	-0.34270906	0.5093772
0.18005587	0.76859707	-0.3422349	0.50962114
0.17958264	0.768775	-0.3416434	0.5099167
0.17915422	0.76892585	-0.34112218	0.5101889
0.17870387	0.7690868	-0.34057412	0.5104702
0.1782515	0.7692595	-0.34000883	0.51074475
0.17778653	0.7694565	-0.33939397	0.51101893
0.17730254	0.7696883	-0.3387107	0.5112913
0.17688107	0.7699202	-0.33806732	0.5115141
0.1764593	0.7701867	-0.33738136	0.5117113
0.17606415	0.77045333	-0.33671162	0.5118872
0.17570612	0.7706882	-0.33610925	0.51205236
0.17535424	0.7709092	-0.3355368	0.51221585
0.1749391	0.77114487	-0.33491784	0.512408
0.17451684	0.7713368	-0.33436444	0.51262444
0.17402722	0.7715451	-0.3337735	0.51286256
0.17348102	0.77177596	-0.33315954	0.51309955
0.172836	0.7720621	-0.33246705	0.5133356
0.17216846	0.77236456	-0.3317664	0.51355815
0.17150465	0.77265495	-0.33106938	0.5137934
0.17082748	0.772929	-0.33035797	0.5140646
0.17016043	0.77320004	-0.3296513	0.51433176
0.16962825	0.7734826	-0.32899782	0.51450115
0.16910015	0.7738632	-0.32825753	0.51457536
0.16863441	0.77427465	-0.3275286	0.5145738
0.16819492	0.7746748	-0.3268318	0.51455843
0.16772129	0.77505744	-0.32614124	0.5145751
0.16711281	0.77545613	-0.32539135	0.514647
0.1665403	0.7757514	-0.32478914	0.5147682
0.16588408	0.77602726	-0.32419482	0.51493865
0.1652077	0.7762514	-0.3236486	0.51516193
0.16450828	0.7764416	-0.32311693	0.51543295
0.16383311	0.7766071	-0.3226185	0.51571065
0.1631214	0.77679914	-0.3220915	0.51597637
0.16248655	0.7770059	-0.3216218	0.5161582
0.16182853	0.77725756	-0.32113037	0.5162921
0.16119428	0.7775203	-0.3206334	0.5164038
0.16056691	0.77780575	-0.3200902	0.5165065
0.15995732	0.77809006	-0.31951284	0.51662457
0.15932553	0.77839035	-0.3188741	0.5167622
0.15852877	0.77878904	-0.31803754	0.5169221
0.15852997	0.77877706	-0.31803566	0.51694095
0.1573374	0.7793695	-0.31681615	0.51716125
0.15662405	0.7797449	-0.3160799	0.51726234
0.1558969	0.7801477	-0.31530473	0.517348
0.15519193	0.78057504	-0.3144768	0.5174192
0.15451667	0.78097266	-0.31368056	0.5175045
0.15376493	0.78135484	-0.3128245	0.51766956
0.15287499	0.7817375	-0.31188586	0.51792186
0.15220325	0.78202605	-0.31120738	0.51809204
0.15134798	0.7823863	-0.31038484	0.51829225
0.15048505	0.7827664	-0.3095434	0.51847273
0.14960434	0.783192	-0.30862063	0.5186349
0.1488636	0.7836046	-0.30777013	0.51873016
0.14812896	0.78408587	-0.3068573	0.51875407
0.1474219	0.78460383	-0.3058786	0.5187503
0.14674865	0.7851363	-0.3048181	0.51875997
0.14611818	0.7856561	-0.30378905	0.5187546
0.14550743	0.78616107	-0.30281177	0.51873255
0.14496149	0.7865976	-0.30192253	0.518742
0.14443494	0.78700304	-0.3011004	0.51875174
0.14398207	0.78737766	-0.3003252	0.5187586
0.14359505	0.7877225	-0.29965702	0.51872873
0.14320993	0.7880637	-0.29901204	0.5186892
0.14281525	0.78838205	-0.29843834	0.5186445
0.14235847	0.7886833	-0.29787824	0.5186342
0.14184399	0.78896564	-0.2973408	0.51865405
0.14063407	0.78966767	-0.2961398	0.5186022
0.14005549	0.7900374	-0.29553607	0.51854014
0.13950938	0.7904545	-0.29490092	0.5184133
0.13901913	0.79091436	-0.29422688	0.5182267
0.13858739	0.79137653	-0.2935311	0.5180313
0.13798986	0.79199356	-0.29258537	0.5177828
0.13796894	0.7919784	-0.29259726	0.51780456
0.1370597	0.7927162	-0.29154944	0.51750815
0.13639624	0.7930375	-0.2910474	0.51747376
0.13567184	0.7933576	-0.29050988	0.5174754
0.13494754	0.79368496	-0.28995413	0.5174746
0.13428253	0.79402137	-0.28939626	0.5174439
0.13366556	0.79437923	-0.28880942	0.51738226
0.13310969	0.79472905	-0.28820905	0.517323
0.13255368	0.7950906	-0.28757137	0.5172651
0.13197461	0.79547244	-0.2869077	0.5171946
0.13140352	0.79583335	-0.2863019	0.5171206
0.13082546	0.79619193	-0.28572676	0.5170332
0.1302503	0.79656065	-0.285167	0.5169196
0.1297268	0.79699844	-0.28453064	0.516727
0.12917027	0.79756343	-0.28369546	0.5164537
0.12886302	0.7978617	-0.28327665	0.5162997
0.12856889	0.79813457	-0.28288528	0.51616573
0.12825371	0.79838055	-0.2825259	0.5160606
0.12766437	0.798716	-0.28202832	0.51596004
0.12755537	0.7986648	-0.28209203	0.51603115
0.12689884	0.79899085	-0.28158244	0.5159667
0.12641971	0.79917926	-0.28128132	0.515957
0.12635864	0.79911625	-0.28131357	0.51605165
0.12545782	0.79961646	-0.28064966	0.5158582
0.124946356	0.7998858	-0.28028062	0.5157654
0.12435196	0.800213	-0.27982244	0.5156504
0.12383189	0.8004751	-0.2794291	0.51558197
0.12322101	0.8007637	-0.27900723	0.5155086
0.1223663	0.8011363	-0.27856266	0.51537365
0.12231942	0.8010699	-0.2785853	0.51547575
0.12139551	0.8014882	-0.27816722	0.5152695
0.120865256	0.80177116	-0.2779079	0.5150941
0.120396495	0.8021105	-0.27763027	0.5148252
0.11997144	0.80248183	-0.27731827	0.51451385
0.11958671	0.80286145	-0.2769884	0.5141886
0.11922004	0.8032523	-0.27662677	0.513858
0.11886092	0.80363667	-0.27623707	0.5135498
0.1185504	0.8039713	-0.27587697	0.51329136
0.11822873	0.80432093	-0.2754862	0.5130273
0.117889225	0.80470544	-0.27504158	0.51274097
0.117637955	0.8050138	-0.2746842	0.51250654
0.11738258	0.80536574	-0.2742921	0.51222175
0.11713976	0.8057371	-0.2739101	0.51189786
0.11690136	0.8060909	-0.27357352	0.5115752
0.116665274	0.80644363	-0.27327716	0.51123124
0.11641865	0.80681103	-0.27299702	0.5108574
0.11622889	0.8071062	-0.2728213	0.51052827
0.11602378	0.80746126	-0.2727042	0.5100757
0.11578935	0.8078721	-0.27254522	0.509563
0.11545759	0.808383	-0.27227804	0.50897074
0.11516506	0.80876136	-0.27205363	0.5085557
0.114816025	0.8091694	-0.27180058	0.5081207
0.114442125	0.80954856	-0.27153423	0.5077434
0.11404148	0.809895	-0.2712544	0.50743055
0.11360218	0.81026864	-0.27092233	0.50710994
0.11317504	0.8106492	-0.2705729	0.5067837
0.11276313	0.81099695	-0.2702468	0.50649285
0.11233099	0.81135815	-0.26991224	0.5061888
0.11193055	0.81174296	-0.2696242	0.505814
0.11155796	0.8121262	-0.26944372	0.5053771
0.111250386	0.81245655	-0.26941368	0.5049297
0.11099663	0.81274664	-0.26950443	0.5044701
0.11079572	0.8130131	-0.2696444	0.50400984
0.11061667	0.81329155	-0.26977518	0.50352967
0.11045176	0.8135653	-0.26986435	0.5030759
0.110251375	0.8138498	-0.2699134	0.50263304
0.10997931	0.81414956	-0.26991653	0.5022052
0.10964568	0.8144297	-0.26988786	0.5018393
0.109227024	0.8147158	-0.26983738	0.50149316
0.108815186	0.81500363	-0.26978362	0.5011437
0.10841712	0.8153088	-0.2697386	0.5007578
0.10806885	0.8156197	-0.26970148	0.5003466
0.107473075	0.8163023	-0.26957515	0.49942896
0.10719648	0.8166625	-0.26949197	0.4989444
0.1069363	0.8169533	-0.26945195	0.4985455
0.106625535	0.81721795	-0.26945135	0.49817854
0.10628926	0.81744903	-0.2694614	0.4978659
0.10591277	0.81767577	-0.26947513	0.4975659
0.105516836	0.8179059	-0.26949248	0.4972624
0.10518772	0.818131	-0.26949742	0.49695918
0.10485972	0.8184097	-0.2695202	0.49655706
0.10434877	0.8192009	-0.2693177	0.4954689
0.10409878	0.81961524	-0.26917633	0.49491274
0.103845924	0.8200203	-0.26901984	0.49437946
0.10360014	0.82039356	-0.2688325	0.49391368
0.10336866	0.82077193	-0.2686059	0.49345657
0.10320269	0.82115304	-0.26836804	0.4929862
0.10303935	0.8215603	-0.26810426	0.4924854
0.1030001	0.82193655	-0.26795176	0.49194825
0.10297889	0.822295	-0.2678657	0.49140054
0.102929704	0.8226212	-0.26784098	0.49087787
0.10283339	0.8229328	-0.26785317	0.49036896
0.10268749	0.82323337	-0.26788935	0.48987502
0.10231831	0.8238329	-0.26804313	0.4888593
0.10215393	0.8240862	-0.26815012	0.4884077
0.10199464	0.8243921	-0.26825613	0.48786622
0.10190875	0.8246635	-0.26829806	0.48740223
0.101838484	0.8250007	-0.26829457	0.48684797
0.10174027	0.8253869	-0.26824293	0.48624197
0.10157733	0.82577634	-0.2681518	0.4856646
0.10130035	0.8261649	-0.2680342	0.48512638
0.10093506	0.8265673	-0.26790023	0.4845907
0.10050926	0.826959	-0.26777515	0.48407987
0.100062795	0.82733953	-0.2677281	0.48354784
0.099641435	0.82768095	-0.26776445	0.48303023
0.09918815	0.82814443	-0.26789987	0.48225316
0.09917705	0.82815075	-0.2679069	0.48224095
0.098839074	0.8285835	-0.26811618	0.48144987
0.098633654	0.8288877	-0.2682317	0.48090383
0.09843895	0.8292866	-0.26819792	0.4802743
0.09825542	0.82965356	-0.26817378	0.4796913
0.09809417	0.8300518	-0.26810518	0.4790734
0.09793031	0.83042276	-0.26803306	0.47850397
0.09781078	0.83076644	-0.26796246	0.47797105
0.097727	0.83109885	-0.26789674	0.47744676
0.09763288	0.8314384	-0.26783767	0.47690776
0.09749617	0.8317762	-0.2677661	0.4763866
0.09732094	0.8321074	-0.2676504	0.47590896
0.097095594	0.83248514	-0.26745117	0.4754062
0.09685247	0.8328975	-0.2672062	0.47487083
0.09664385	0.83332855	-0.26696673	0.47429124
0.09648018	0.83373934	-0.2667578	0.47371995
0.09632643	0.83415467	-0.26652086	0.47315326
0.09621744	0.8345264	-0.26630723	0.47263995
0.096086465	0.8349103	-0.2660823	0.472115
0.09589843	0.83530146	-0.26580808	0.47161534
0.095701486	0.83560026	-0.26557088	0.47125977
0.09541996	0.8359643	-0.26524854	0.47085232
0.09512786	0.8363261	-0.26489332	0.47046882
0.09485053	0.83671564	-0.26450628	0.47004995
0.094621055	0.837121	-0.26414764	0.46957573
0.09446864	0.8375123	-0.26385096	0.46907523
0.094271794	0.83795506	-0.2635338	0.46850196
0.09425223	0.8382683	-0.2634159	0.46801174
0.09424589	0.83859414	-0.26335454	0.46746343
0.09423789	0.83889055	-0.26334795	0.46693674
0.09422453	0.8391013	-0.26338586	0.46653888
0.09418538	0.8393049	-0.26345202	0.46614322
0.09411593	0.83955455	-0.26346222	0.4657017
0.09402726	0.8398127	-0.263422	0.4652768
0.09387505	0.84007305	-0.2633352	0.46488637
0.09377857	0.8403137	-0.2632733	0.4645061
0.09371835	0.8405738	-0.26322097	0.46407685
0.093690224	0.8408348	-0.26315266	0.4636482
0.09366587	0.84112996	-0.26303396	0.46318498
0.09362765	0.841437	-0.26286912	0.46272835
0.093545854	0.8417641	-0.26265264	0.46227285
0.093420476	0.8420383	-0.26242927	0.4619254
0.09324579	0.84226704	-0.26220304	0.46167198
0.09305162	0.8424554	-0.26200628	0.4614793
0.092888325	0.84261096	-0.26186675	0.46130717
0.09277489	0.84275717	-0.2618078	0.46109647
0.09273907	0.8428998	-0.26182687	0.46083215
0.09277355	0.843054	-0.2618899	0.46050715
0.092851564	0.84325075	-0.26197696	0.4600814
0.09297872	0.8435423	-0.26208878	0.4594572
0.09299311	0.8434846	-0.26207525	0.45956796
0.0930871	0.8439602	-0.26210332	0.45865875
0.09308391	0.8441896	-0.2620772	0.45825207
0.09303268	0.8444061	-0.26202273	0.4578944
0.0929607	0.8446218	-0.2619531	0.45755097
0.09287148	0.84487736	-0.2618695	0.457145
0.09274517	0.8451589	-0.2618078	0.45668542
0.092409216	0.8458406	-0.2617602	0.45551723
0.09216023	0.8461668	-0.26175812	0.45496252
0.09190716	0.84647614	-0.2617603	0.45443672
0.09168883	0.8467779	-0.2617389	0.4539308
0.09148815	0.8470962	-0.26167437	0.4534143
0.09135767	0.84739625	-0.2616177	0.45291257
0.09129949	0.84766203	-0.26159614	0.45243898
0.091301315	0.8479133	-0.2616172	0.45195526
0.091335155	0.8481845	-0.261697	0.45139313
0.09138544	0.84840536	-0.26181498	0.45089918
0.09141253	0.84863454	-0.26201165	0.45034754
0.09140265	0.84886557	-0.26223645	0.44978315
0.09137692	0.84909075	-0.26247057	0.4492264
0.09136686	0.8493303	-0.26271188	0.44863406
0.09137952	0.84959704	-0.26293916	0.447993
0.09137878	0.8498956	-0.26312792	0.44731554
0.091345094	0.85020566	-0.2632428	0.44666508
0.091234416	0.8505865	-0.26327243	0.44594464
0.09085553	0.8514394	-0.263162	0.44445705
0.090613246	0.8519083	-0.26303387	0.44368294
0.09038493	0.85240805	-0.26291332	0.44284052
0.09020036	0.8528819	-0.26283392	0.4420121
0.090058945	0.8533427	-0.26279145	0.4411761
0.08993815	0.85375893	-0.26282692	0.44037342
0.08981605	0.8541141	-0.26296106	0.439629
0.0896795	0.8544167	-0.26320395	0.4389229
0.089467205	0.8547073	-0.26351264	0.43821502
0.08919677	0.85498965	-0.263781	0.4375571
0.08861335	0.85563636	-0.264046	0.43624973
0.08846711	0.8559933	-0.26419905	0.43548602
0.08839269	0.8563572	-0.26439047	0.43466878
0.088359915	0.85668504	-0.26463	0.4338827
0.088313706	0.8569947	-0.2649203	0.4331029
0.08822274	0.85728276	-0.2652135	0.43237117
0.0880712	0.85751843	-0.2654336	0.43179938
0.087842315	0.8577946	-0.26562777	0.4311775
0.087561816	0.85810775	-0.26580378	0.43050244
0.08724688	0.8584492	-0.26598328	0.4297742
0.086906105	0.85881454	-0.26616642	0.4289992
0.08656293	0.85918367	-0.26633948	0.42822152
0.086199805	0.8595596	-0.2665419	0.42741376
0.08584392	0.85988754	-0.2667894	0.4266706
0.0854808	0.8601777	-0.26704586	0.42599738
0.08506327	0.86048204	-0.2672477	0.42533946
0.084630385	0.86080605	-0.26737374	0.4246905
0.08420947	0.8611483	-0.26748472	0.42400986
0.08361417	0.861719	-0.26779342	0.42277142
0.08338031	0.8620021	-0.26805407	0.42207488
0.08319337	0.86229956	-0.2683654	0.42130578
0.083066806	0.862585	-0.26864025	0.42057052
0.08295522	0.8628936	-0.26892033	0.41977966
0.08284159	0.8631998	-0.269187	0.4190008
0.08272983	0.86350614	-0.2694492	0.41822264
0.08263206	0.86378425	-0.26971537	0.4174952
0.082541354	0.864041	-0.27000195	0.41679624
0.08243035	0.864273	-0.27036244	0.41610292
0.08231907	0.86445564	-0.27067396	0.41554245
0.08212813	0.8646962	-0.27100393	0.41486433
0.08193554	0.86491907	-0.27126074	0.4142696
0.081770375	0.865161	-0.2715124	0.41363144
0.08166449	0.86540926	-0.27177435	0.41296062
0.08161823	0.8656532	-0.27203655	0.41228527
0.08165016	0.8658942	-0.27236047	0.41155848
0.0817239	0.86607134	-0.27269864	0.41094667
0.08179025	0.86619395	-0.2731145	0.41039857
0.08180484	0.8662815	-0.2735971	0.40988907
0.08174721	0.8663599	-0.27407983	0.40941197
0.081668586	0.8664536	-0.27459797	0.40888193
0.08159856	0.8666062	-0.27531913	0.40808687
0.08158695	0.86662644	-0.2753267	0.40804112
0.08174278	0.8669465	-0.27597246	0.40689227
0.08195288	0.86717695	-0.27635428	0.4060989
0.08227066	0.8674013	-0.27673787	0.40529346
0.082636856	0.8675855	-0.27712107	0.40456223
0.082977585	0.8677373	-0.2775335	0.40388379
0.08320153	0.8678698	-0.27797732	0.40324697
0.08324755	0.86798507	-0.27842605	0.4026795
0.08314317	0.8680998	-0.2789276	0.40210629
0.08273452	0.8682224	-0.27958217	0.40147075
0.08267547	0.8682459	-0.2796114	0.4014117
0.08219271	0.86839485	-0.28035098	0.4006721
0.08193561	0.86850023	-0.28074744	0.4002185
0.08169658	0.8686414	-0.28107533	0.39973056
0.081468195	0.868779	-0.28134167	0.39929068
0.081263654	0.86894727	-0.28154543	0.39882222
0.08106736	0.8691171	-0.28173092	0.39836088
0.08094382	0.8692942	-0.28192425	0.39786217
0.08085063	0.8694788	-0.2821021	0.39735174
0.08081951	0.86966324	-0.28228256	0.39682588
0.08083917	0.86984426	-0.28249946	0.3962703
0.08089297	0.87002856	-0.28274974	0.39567578
0.08092757	0.8702098	-0.28298575	0.39510092
0.080894694	0.8703984	-0.28320098	0.39453754
0.08076942	0.8705688	-0.2833707	0.39406502
0.080545515	0.8707608	-0.2835152	0.3935825
0.080305405	0.87093925	-0.2836165	0.39316368
0.08006047	0.87111914	-0.28370684	0.39274967
0.07986673	0.8712758	-0.28380802	0.3923683
0.07974572	0.87141323	-0.28393644	0.39199457
0.079672046	0.87156135	-0.28408316	0.3915736
0.07960669	0.87171704	-0.28420815	0.39114943
0.07951756	0.8718833	-0.28432268	0.39071366
0.07935161	0.87211215	-0.28445548	0.39013958
0.07936783	0.87210435	-0.2844475	0.39015958
0.07911643	0.87244916	-0.2846131	0.38931802
0.07900671	0.8726598	-0.28470376	0.38880166
0.07897575	0.87288666	-0.28477338	0.38824734
0.07901648	0.87314194	-0.2848265	0.3876253
0.079138264	0.87340546	-0.284896	0.38695514
0.079305604	0.8736468	-0.28499773	0.38630077
0.07945739	0.87385625	-0.28514773	0.3856847
0.07947094	0.87405837	-0.28528354	0.38512295
0.079411514	0.87431914	-0.2854769	0.38439918
0.079400875	0.8743429	-0.28548416	0.38434222
0.07935019	0.8746237	-0.28569898	0.3835532
0.07934327	0.8747965	-0.28580895	0.38307843
0.079334326	0.87498266	-0.28588578	0.38259733
0.07930333	0.87516135	-0.2859259	0.38216507
0.07920305	0.87535655	-0.28594866	0.38172135
0.079046346	0.8755391	-0.2859754	0.38131478
0.07885616	0.87570965	-0.2860631	0.38089675
0.07868569	0.8758559	-0.28625908	0.38044804
0.07857617	0.87596554	-0.28657874	0.3799775
0.078546375	0.87603164	-0.28697398	0.3795327
0.078641385	0.8760577	-0.28744373	0.37909728
0.07885791	0.87607396	-0.28794158	0.37863654
0.07914733	0.8761071	-0.28840125	0.3781493
0.07951227	0.87615806	-0.28885612	0.37760708
0.07989595	0.87622064	-0.28928602	0.37705123
0.08025079	0.8762968	-0.28968844	0.3764898
0.08052207	0.87638515	-0.2900543	0.37594396
0.08068495	0.87647927	-0.29040208	0.37542087
0.080723874	0.8765719	-0.2908656	0.37483677
0.08062894	0.87658757	-0.29090694	0.3747884
0.08060826	0.87668306	-0.29135656	0.3742201
0.0805622	0.8767719	-0.29165536	0.37378854
0.08053137	0.8768878	-0.29195315	0.3732909
0.08051884	0.8770126	-0.2922364	0.37277833
0.080583766	0.8770636	-0.29258034	0.37237436
0.08066261	0.877112	-0.29293042	0.3719678
0.080752626	0.877125	-0.29331017	0.3716179
0.08086369	0.877079	-0.29380053	0.371315
0.08096345	0.87700254	-0.29432088	0.3710615
0.081141435	0.8769083	-0.29487318	0.37080696
0.081331685	0.87683237	-0.295389	0.3705343
0.08153074	0.8767973	-0.29584268	0.37021115
0.08172623	0.876804	-0.29622734	0.3698445
0.08192319	0.87684137	-0.29654267	0.36945942
0.08211617	0.8768822	-0.2968184	0.3690983
0.08230278	0.8769063	-0.29708236	0.36878693
0.08249096	0.8769082	-0.29737592	0.36850354
0.08268593	0.8768826	-0.29772928	0.36823517
0.08289804	0.8768226	-0.29816076	0.36798152
0.08309069	0.8767318	-0.2986421	0.36776385
0.08323764	0.8766098	-0.2991621	0.36759886
0.08335284	0.87647474	-0.2996884	0.36746618
0.083438	0.8763661	-0.30018443	0.36730102
0.08352806	0.8762834	-0.30064422	0.36710143
0.083663724	0.8762153	-0.3010779	0.36687803
0.08387661	0.8761564	-0.3014851	0.3666352
0.08417069	0.8760949	-0.3018727	0.36639583
0.08450878	0.87603974	-0.30222723	0.36615783
0.08491044	0.8759947	-0.30264285	0.3658289
0.08493184	0.87600166	-0.3026349	0.36581418
0.08544852	0.87593937	-0.30328685	0.3653024
0.085713096	0.87587225	-0.30370638	0.36505288
0.08592001	0.87579316	-0.30413187	0.36483973
0.086098485	0.8757068	-0.30458888	0.36462373
0.08628666	0.87561935	-0.30507416	0.36438343
0.086527444	0.87553847	-0.30558997	0.3640882
0.08681358	0.87547415	-0.306071	0.36377072
0.08709662	0.8754232	-0.306534	0.3634356
0.08734147	0.87537587	-0.30699182	0.3631043
0.087473735	0.8753261	-0.30732262	0.3629124
0.08756353	0.87526196	-0.3076942	0.36273056
0.08762805	0.8752129	-0.30806565	0.36251813
0.0876934	0.8752047	-0.3084283	0.36221364
0.08782085	0.875226	-0.30880022	0.36181426
0.08805477	0.8752423	-0.30921367	0.36136463
0.08838015	0.8752368	-0.30966303	0.36091328
0.0887731	0.875195	-0.31017163	0.36048102
0.08920554	0.87510633	-0.31076032	0.3600823
0.08963632	0.87496877	-0.3114396	0.35972252
0.089972645	0.87481904	-0.31204328	0.35947964
0.09035222	0.8746306	-0.3127673	0.35921374
0.09071974	0.87445134	-0.31346342	0.3589507
0.091074064	0.874299	-0.31413838	0.35864198
0.091408275	0.87420136	-0.31472984	0.3582759
0.09180459	0.8741538	-0.3153684	0.35772884
0.0918521	0.87414014	-0.31534815	0.35776785
0.09209181	0.87413013	-0.31613538	0.35703504
0.09218557	0.87412125	-0.31661406	0.35660833
0.09224912	0.8740902	-0.31709334	0.35624194
0.0923514	0.874022	-0.3176311	0.35590357
0.09253741	0.87392765	-0.31820792	0.35557163
0.09282501	0.87381655	-0.3188166	0.3552242
0.09315669	0.87370217	-0.31939772	0.35489658
0.09353037	0.87357265	-0.31998062	0.35459182
0.093771175	0.8734743	-0.32048222	0.35431746
0.093928725	0.87338984	-0.32095614	0.35405466
0.09402561	0.87330216	-0.32142112	0.3538235
0.094104685	0.87320846	-0.32187977	0.35361674
0.09421582	0.8730969	-0.32238054	0.35340628
0.09437185	0.8729647	-0.32293707	0.35318324
0.09457349	0.87281746	-0.32351643	0.35296288
0.09480832	0.87266153	-0.32412854	0.35272357
0.09504629	0.87249917	-0.32471982	0.35251737
0.09528014	0.87233824	-0.32528672	0.35232973
0.09551411	0.8721658	-0.32591045	0.3521169
0.09553839	0.8721953	-0.32590362	0.35204357
0.0958067	0.8720771	-0.32648465	0.35172504
0.0962205	0.8719201	-0.32716435	0.35136923
0.09658645	0.87179995	-0.32764566	0.35111877
0.09698813	0.8716551	-0.32813185	0.35091358
0.09741269	0.871483	-0.32865143	0.35073707
0.0977896	0.871305	-0.32914895	0.35060796
0.09815126	0.8711014	-0.3296716	0.3505218
0.09846194	0.87089485	-0.33016238	0.35048586
0.098730415	0.8706503	-0.33068466	0.35052565
0.09900055	0.87038946	-0.33118594	0.3506239
0.09928416	0.870115	-0.33171272	0.35072666
0.099609174	0.8698419	-0.3322702	0.35078436
0.100194834	0.8694995	-0.3330287	0.3507473
0.10059759	0.86926824	-0.33354	0.35071936
0.10118872	0.86897236	-0.33422446	0.35063067
0.101858705	0.868692	-0.3348832	0.35050294
0.10257761	0.8684163	-0.3354936	0.35039273
0.10330034	0.86812407	-0.3360742	0.35034811
0.10396661	0.8678319	-0.33663374	0.35033792
0.104558595	0.86754906	-0.3371788	0.35033798
0.105097495	0.8672632	-0.33774635	0.3503378
0.10558968	0.86696666	-0.33836067	0.35033107
0.10596926	0.8666887	-0.33896115	0.35032356
0.10624513	0.86640936	-0.3395741	0.3503372
0.106405064	0.86613286	-0.3401501	0.3504139
0.10650747	0.86586887	-0.34067875	0.35052153
0.106564365	0.86565185	-0.34107274	0.35065696
0.106640905	0.86543447	-0.3414124	0.35083997
0.10673668	0.8652352	-0.34170574	0.35101634
0.107053496	0.8648178	-0.34233263	0.3513379
0.107347436	0.8645911	-0.34273148	0.35141686
0.10771662	0.86434436	-0.3431779	0.3514754
0.10812881	0.86407274	-0.34366143	0.35154426
0.108556345	0.86376965	-0.34418166	0.35164848
0.108950116	0.86345506	-0.34471238	0.3517793
0.10928477	0.86314267	-0.34525305	0.35191163
0.109567806	0.8628279	-0.34577864	0.35207978
0.10983321	0.86250013	-0.34631523	0.3522729
0.110107	0.86218446	-0.34684595	0.35243765
0.110407665	0.8619133	-0.34731114	0.35254866
0.110782266	0.8617257	-0.34766963	0.35253653
0.11123782	0.86156267	-0.34802693	0.352439
0.11162024	0.8614381	-0.34831417	0.35233876
0.11205504	0.86129165	-0.3486436	0.3522332
0.11243578	0.86113894	-0.34896868	0.3521633
0.11281542	0.8609358	-0.34936678	0.35214353
0.11315146	0.8606944	-0.34980184	0.352194
0.113478996	0.8604255	-0.35026857	0.3522821
0.11382576	0.86015123	-0.35073957	0.35237095
0.114193216	0.8598982	-0.3511987	0.35241267
0.1145846	0.8596643	-0.35165173	0.35240415
0.11506489	0.85940576	-0.35217914	0.35235173
0.11539583	0.8592325	-0.35254067	0.35230464
0.115769625	0.8590213	-0.35295308	0.35228404
0.1161273	0.85877836	-0.35338274	0.35232776
0.116452694	0.85850894	-0.3538082	0.3524498
0.116746	0.8582342	-0.3542082	0.3526202
0.11707843	0.85793597	-0.35462067	0.3528211
0.117442094	0.8576496	-0.35502303	0.3529919
0.11786695	0.85736513	-0.35543635	0.35312554
0.11835663	0.8570709	-0.35588506	0.35322383
0.118856534	0.8567956	-0.35632074	0.35328448
0.11931366	0.85653853	-0.3567269	0.35334396
0.11978839	0.85625273	-0.35715598	0.35344237
0.12021679	0.8559576	-0.35757962	0.35358366
0.12064369	0.85564864	-0.35800833	0.353752
0.121047296	0.8553564	-0.35841602	0.3539083
0.121465355	0.85506207	-0.35884547	0.3540411
0.121849164	0.8547955	-0.35930654	0.35408527
0.122403756	0.8544541	-0.3599633	0.35405087
0.12278387	0.8542115	-0.36044264	0.35401693
0.12325011	0.8539071	-0.36105692	0.35396332
0.12373531	0.85355765	-0.36174473	0.35393462
0.124184236	0.85317564	-0.36245245	0.35397458
0.12451658	0.85283816	-0.36305878	0.3540496
0.12481598	0.8524984	-0.36365524	0.3541501
0.12508658	0.8521811	-0.36420676	0.35425177
0.12537278	0.8518522	-0.364789	0.35434264
0.12562792	0.85157037	-0.3652877	0.35441586
0.12594125	0.85124743	-0.36583978	0.35451072
0.12628081	0.8509136	-0.3664053	0.3546075
0.12671958	0.8505051	-0.36709562	0.35471684
0.12705322	0.85020465	-0.36761302	0.354782
0.12745652	0.84982896	-0.36829853	0.35482627
0.12785178	0.84942615	-0.36904082	0.35487765
0.12821004	0.8490214	-0.36976984	0.35495803
0.12858954	0.84858197	-0.3705495	0.35505852
0.12898974	0.8481519	-0.3713008	0.35515603
0.12946367	0.8477023	-0.37207326	0.35524854
0.13003992	0.8472215	-0.37287754	0.35534164
0.1306063	0.8468025	-0.37359107	0.35538337
0.13124183	0.8463914	-0.37431395	0.3553679
0.13185725	0.8460306	-0.37495172	0.35532683
0.13248071	0.84569263	-0.37552667	0.35529214
0.13304764	0.8453918	-0.37600082	0.3552951
0.13361315	0.8450866	-0.37645817	0.35532427
0.13419738	0.8447623	-0.376929	0.35537627
0.13477495	0.84439003	-0.37743706	0.35550335
0.1352543	0.8440421	-0.3779059	0.35564914
0.13564059	0.84365535	-0.37842798	0.35586485
0.1359365	0.84328854	-0.37893626	0.3560802
0.13632765	0.84271353	-0.379711	0.3564663
0.13636687	0.84273434	-0.37969607	0.35641834
0.13686243	0.8420101	-0.3806525	0.35691944
0.13725096	0.8415457	-0.38126984	0.35720637
0.13728733	0.84156126	-0.38125566	0.3571709
0.13790841	0.84094185	-0.38198826	0.35760772
0.13825487	0.8406352	-0.38231432	0.35784596
0.1385771	0.8403697	-0.38257197	0.3580695
0.13888445	0.84011966	-0.38282037	0.3582717
0.13921998	0.8398209	-0.38314667	0.35849315
0.13951917	0.8395359	-0.38347876	0.35868937
0.13984703	0.83920795	-0.3838799	0.35889986
0.14019845	0.8388893	-0.38428107	0.35907814
0.14062162	0.8385601	-0.384689	0.35924488
0.14110777	0.8382562	-0.3850451	0.35938188
0.14169033	0.8379476	-0.38537616	0.35951772
0.14233224	0.8376513	-0.3856619	0.35964802
0.14345853	0.83714736	-0.3860733	0.35993263
0.1440142	0.8368873	-0.38623726	0.36013943
0.14443676	0.8366457	-0.38638547	0.36037263
0.14481321	0.83637846	-0.38657454	0.36063865
0.1451341	0.83605886	-0.3868835	0.36091942
0.14547554	0.83574945	-0.3872032	0.36115584
0.14586787	0.8354144	-0.38759527	0.36135212
0.14635648	0.83505625	-0.3880103	0.3615368
0.14698258	0.83466434	-0.38844588	0.3617201
0.1476537	0.834245	-0.3888522	0.36197737
0.14825098	0.8338699	-0.38915762	0.36226955
0.14878051	0.8335432	-0.38939238	0.36255196
0.14927654	0.8332458	-0.38962075	0.3627858
0.14975527	0.83297116	-0.38986227	0.36295998
0.15026589	0.8326798	-0.39014304	0.36311546
0.15079325	0.8323626	-0.39046454	0.3632789
0.15133993	0.8319907	-0.3908441	0.36349475
0.15189622	0.8315696	-0.3912834	0.36375403
0.15242904	0.83111274	-0.39175946	0.3640626
0.15345386	0.830067	-0.39292046	0.3647662
0.15391201	0.82950056	-0.39359263	0.3651367
0.15436693	0.82890004	-0.3943345	0.36550754
0.15482749	0.82830787	-0.39508146	0.3658486
0.15530328	0.8277356	-0.3957999	0.3661654
0.15584306	0.8271562	-0.3965229	0.3664631
0.15642563	0.8265863	-0.39721942	0.36674637
0.15700503	0.82606125	-0.39785	0.3669982
0.15762019	0.8255359	-0.39847118	0.36724272
0.15821579	0.82502574	-0.3990507	0.36750364
0.15877458	0.8245333	-0.39959255	0.367779
0.15929821	0.82405955	-0.4001146	0.36804685
0.1598028	0.8235656	-0.40067124	0.36832768
0.16033715	0.82304686	-0.40126264	0.36861134
0.1609	0.82254165	-0.4018377	0.36886713
0.16150409	0.8220506	-0.40241134	0.36907238
0.16214728	0.8215608	-0.40301344	0.36922395
0.16279835	0.82105833	-0.40359718	0.36941764
0.16340582	0.82053804	-0.40414917	0.3697017
0.16396213	0.8200011	-0.40468472	0.3700607
0.16442536	0.8194931	-0.40516803	0.37045166
0.1648222	0.8190111	-0.40561593	0.37085095
0.16525108	0.8185207	-0.40603384	0.37128484
0.16563614	0.818064	-0.40643054	0.37168586
0.16600226	0.81762415	-0.40682587	0.37205747
0.16637406	0.8171684	-0.40724635	0.37243223
0.16670087	0.8167659	-0.4076051	0.3727767
0.16702296	0.816343	-0.40797254	0.3731565
0.16734107	0.8158974	-0.40835422	0.37357083
0.16768937	0.81543446	-0.40875846	0.37398303
0.16815665	0.8148881	-0.40924633	0.37443054
0.16862823	0.8144256	-0.40966067	0.37477154
0.16908607	0.8140559	-0.40998477	0.3750139
0.16960469	0.813693	-0.41029704	0.3752258
0.17018712	0.81331366	-0.41060925	0.37544277
0.17074771	0.8129418	-0.41090617	0.37566885
0.17126283	0.81256986	-0.41116172	0.37595904
0.17168078	0.81219983	-0.41131803	0.376397
0.17207511	0.8117777	-0.4115279	0.3768978
0.17248821	0.81127465	-0.41183296	0.37745827
0.17280932	0.8108167	-0.41213843	0.37796164
0.17317355	0.81035054	-0.41242585	0.37848118
0.17356832	0.8099096	-0.41270456	0.37893996
0.17408144	0.80942845	-0.41298532	0.3794264
0.1745905	0.8090339	-0.41319203	0.3798091
0.17521167	0.80861956	-0.41341874	0.3801582
0.17589395	0.80817467	-0.41371745	0.3804642
0.17654917	0.8077182	-0.41402575	0.38079444
0.17715937	0.8072748	-0.41431546	0.381136
0.17771691	0.80687153	-0.41457313	0.3814499
0.17822988	0.8065142	-0.41479772	0.38172236
0.17881863	0.806101	-0.4150391	0.38205737
0.1793942	0.80569786	-0.41528457	0.38237086
0.18007036	0.8052473	-0.4155682	0.3826936
0.18080223	0.8047868	-0.4158786	0.3829802
0.18156618	0.80427814	-0.4162491	0.38328472
0.18236394	0.8036877	-0.4167098	0.38364363
0.18316475	0.8030252	-0.4172207	0.38409397
0.18397179	0.8023044	-0.41783327	0.38454857
0.18465108	0.80163467	-0.41842198	0.3849793
0.18526201	0.8009891	-0.4189863	0.3854153
0.18583252	0.80038244	-0.41947022	0.38587424
0.1863459	0.7998593	-0.41983125	0.38631892
0.18681687	0.7994105	-0.42010462	0.38672262
0.18725735	0.7990191	-0.42031354	0.3870912
0.18768404	0.7986136	-0.42053807	0.3874774
0.18807976	0.7982234	-0.42074084	0.38786945
0.18843482	0.7978082	-0.42098692	0.38828406
0.18871816	0.79735273	-0.42133024	0.38870934
0.18899381	0.7968578	-0.4217269	0.3891598
0.18932934	0.7963003	-0.42220312	0.38962147
0.189581	0.795853	-0.42258495	0.38999882
0.18999028	0.79530346	-0.42311	0.39035118
0.19038592	0.7948117	-0.42358455	0.39064553
0.19083047	0.794298	-0.42407882	0.39093688
0.19166303	0.7934211	-0.42492294	0.39139357
0.19220488	0.79286116	-0.42540184	0.39174208
0.19261628	0.7924287	-0.42576307	0.39202252
0.1933193	0.79166734	-0.42645818	0.39245895
0.19333038	0.791635	-0.4264516	0.39252588
0.19367108	0.79123706	-0.42680395	0.39277714
0.19401589	0.79083925	-0.42715797	0.3930233
0.19442435	0.7904137	-0.42754084	0.39326096
0.19540931	0.78955907	-0.42837393	0.39358297
0.19603753	0.78907543	-0.42884827	0.3937238
0.19672626	0.7885491	-0.42935082	0.39388707
0.19743846	0.78798234	-0.4298898	0.3940772
0.19813749	0.7873862	-0.4304607	0.39429456
0.19880645	0.78675365	-0.43106893	0.3945558
0.19937302	0.7861538	-0.4316577	0.3948216
0.19997045	0.7854168	-0.4324304	0.39514086
0.20042872	0.7848348	-0.43305042	0.3953859
0.20090047	0.78420407	-0.433757	0.3956233
0.2013505	0.7835945	-0.43444365	0.3958491
0.20175952	0.78301567	-0.43508324	0.3960834
0.20214649	0.7824582	-0.43569094	0.39631987
0.20275898	0.78141725	-0.43666932	0.3969832
0.2030468	0.7808987	-0.43711573	0.39736506
0.20343545	0.78031033	-0.43759942	0.3977895
0.20389733	0.77976805	-0.4380274	0.39814535
0.2039581	0.7797865	-0.43799773	0.39811075
0.20478675	0.77910423	-0.43856138	0.39840046
0.20582783	0.7783112	-0.439281	0.39862126
0.20658953	0.7777513	-0.43981764	0.3987281
0.20733367	0.7771712	-0.44041514	0.39881346
0.20804757	0.77655685	-0.44108835	0.39889458
0.20877746	0.7758869	-0.44182143	0.39900553
0.20945065	0.77522695	-0.44254252	0.39913622
0.21017167	0.7744954	-0.4433369	0.39929584
0.21152075	0.77307403	-0.4448563	0.39964786
0.21220648	0.7723531	-0.44560304	0.39984643
0.21286716	0.77168584	-0.44625688	0.40005422
0.2135638	0.7710131	-0.44693914	0.4002186
0.2148862	0.7698069	-0.44827798	0.40033507
0.21546954	0.76931906	-0.44881436	0.40035826
0.21607935	0.7688121	-0.4493659	0.40038472
0.2166569	0.7683266	-0.44989672	0.40040857
0.21715789	0.7678914	-0.45035666	0.40045512
0.21763961	0.7674611	-0.45078734	0.4005337
0.21808311	0.7670014	-0.45123157	0.40067276
0.2185179	0.76654124	-0.45165205	0.40084255
0.21892868	0.76599675	-0.45217142	0.40107372
0.21938495	0.76536614	-0.4527726	0.40135017
0.21985397	0.7646915	-0.4533953	0.4016764
0.22028425	0.7640397	-0.45396882	0.40203312
0.22067629	0.76344806	-0.45446998	0.40237558
0.22108509	0.76285475	-0.4549454	0.40273908
0.22143976	0.7623342	-0.45530522	0.40312323
0.22172466	0.7619413	-0.45554	0.40344384
0.22206257	0.7615256	-0.45578682	0.40376437
0.22243655	0.76109123	-0.45608234	0.40404338
0.2227833	0.76069343	-0.456386	0.40425867
0.22325724	0.760156	-0.4568383	0.40449706
0.22385201	0.7595112	-0.4573946	0.4047511
0.2244491	0.7588969	-0.45792142	0.4049765
0.22521354	0.7581639	-0.45856023	0.40520233
0.22606139	0.7573837	-0.45924786	0.4054102
0.22688033	0.7566319	-0.45988098	0.40563914
0.22771057	0.75588274	-0.46045917	0.40591443
0.22854125	0.7551455	-0.46106157	0.406136
0.22944658	0.75433576	-0.4616866	0.40642023
0.23013309	0.7536922	-0.4621476	0.4067019
0.23088558	0.75298315	-0.46263131	0.40703878
0.23162338	0.75227123	-0.46310586	0.40739614
0.23234941	0.75155663	-0.4635548	0.40779087
0.23305343	0.7508485	-0.4639728	0.40821823
0.23381235	0.75010145	-0.46439177	0.40868077
0.23440114	0.74950945	-0.46475482	0.40901688
0.23497765	0.748928	-0.46510765	0.4093498
0.23552899	0.74833184	-0.46550006	0.4096772
0.23600939	0.7477659	-0.4658858	0.40999535
0.23644271	0.747209	-0.46627843	0.41031462
0.23682071	0.7466689	-0.4666724	0.4106319
0.23739226	0.74570817	-0.46739653	0.41122344
0.2376242	0.74527717	-0.46769187	0.41153505
0.23785311	0.7448888	-0.467939	0.41182485
0.23821214	0.7444841	-0.46811295	0.41215143
0.23860106	0.74412024	-0.46826783	0.41240743
0.23908567	0.7437335	-0.46847156	0.41259292
0.23976946	0.7432105	-0.46883035	0.41273093
0.23983687	0.7432659	-0.4687958	0.41263145
0.24111798	0.74225974	-0.46970555	0.4126614
0.2419154	0.7416233	-0.4702887	0.41267475
0.24276704	0.7408767	-0.47092402	0.41279128
0.24362661	0.7400946	-0.47153085	0.41299483
0.24456997	0.7392163	-0.47213706	0.41331753
0.24516256	0.7386582	-0.47247875	0.41357386
0.2458243	0.73801625	-0.47285378	0.41389823
0.24639052	0.7374386	-0.47318518	0.4142123
0.24689184	0.73688287	-0.47347203	0.41457483
0.2473152	0.73639286	-0.47366613	0.41497123
0.24767724	0.7359865	-0.4737648	0.4153636
0.24801815	0.73563236	-0.4737985	0.41574866
0.24839447	0.73527795	-0.47381043	0.41613734
0.24883229	0.7349009	-0.47382444	0.41652566
0.2493505	0.7344864	-0.4738428	0.41692582
0.2498474	0.73408157	-0.47389114	0.4172862
0.25032195	0.7336657	-0.47400552	0.4176032
0.2503478	0.73363763	-0.4739902	0.41765448
0.25140437	0.7326964	-0.47438368	0.4182247
0.25142708	0.7326688	-0.47437012	0.418275
0.2523451	0.73195505	-0.47465724	0.41864595
0.25292146	0.7315223	-0.47482526	0.4188637
0.2534948	0.7310923	-0.47500348	0.4190659
0.25407225	0.7306531	-0.47520792	0.41925037
0.25463662	0.7302192	-0.47542357	0.41941947
0.2551966	0.7297779	-0.4756414	0.41960022
0.2557853	0.729287	-0.47590235	0.4197991
0.2563941	0.7287381	-0.47622973	0.42000976
0.2570697	0.7280743	-0.47666845	0.42025033
0.25776708	0.7273532	-0.4771848	0.4204856
0.25849164	0.72656476	-0.47778258	0.4207252
0.25923234	0.72573096	-0.47842553	0.4209777
0.26000854	0.72484034	-0.47910404	0.42126185
0.26074046	0.72401077	-0.47972107	0.42153364
0.26145697	0.7232342	-0.4802818	0.42178422
0.262114	0.7225321	-0.48075286	0.4220432
0.26273414	0.7218762	-0.48114863	0.42232868
0.2633526	0.7212721	-0.48143768	0.42264614
0.2640202	0.7206626	-0.48170865	0.42296043
0.26465505	0.7200815	-0.48196664	0.42325926
0.2652977	0.71953124	-0.48225033	0.42346975
0.26598603	0.71902484	-0.4825221	0.4235884
0.26670626	0.71851563	-0.48279405	0.4236897
0.26741996	0.717954	-0.48308846	0.42385632
0.268105	0.71735454	-0.48338717	0.42409796
0.2686552	0.7168178	-0.48363695	0.42437252
0.2691898	0.71623594	-0.4838919	0.42472547
0.26967445	0.71566534	-0.48414412	0.42509228
0.27032602	0.71490204	-0.4844749	0.4255855
0.27032396	0.71489406	-0.48447585	0.4255992
0.27128983	0.7138171	-0.48497248	0.42622602
0.27189767	0.7131652	-0.48532054	0.42653364
0.2725587	0.71251154	-0.48570362	0.42676827
0.2732547	0.7118642	-0.48608577	0.42696846
0.27420402	0.71107924	-0.48651958	0.4271736
0.27486745	0.7105863	-0.4867641	0.42728874
0.27566174	0.71004087	-0.48703662	0.42737344
0.276507	0.70945996	-0.48734263	0.42744318
0.27754852	0.7087405	-0.4877419	0.42750636
0.27755597	0.708715	-0.48773676	0.4275495
0.27898052	0.7076093	-0.48844552	0.42764467
0.27985662	0.7068842	-0.488908	0.42774293
0.28074607	0.70616597	-0.48940274	0.42778075
0.28162983	0.7054526	-0.48990494	0.42780197
0.2825956	0.7046647	-0.49044994	0.42783922
0.28333205	0.7040239	-0.49088147	0.42791203
0.28405774	0.70333713	-0.4913213	0.4280555
0.28469774	0.70268416	-0.491729	0.42823455
0.28521878	0.7020991	-0.49212426	0.42839336
0.28560624	0.701632	-0.49248838	0.42848206
0.2859611	0.7011904	-0.49288318	0.4285143
0.2863221	0.7008065	-0.49323168	0.42850038
0.28681254	0.7003477	-0.49353406	0.42857414
0.28730834	0.6999393	-0.49379683	0.42860663
0.287919	0.69944656	-0.49414077	0.42860484
0.2879754	0.69938713	-0.49410537	0.4287047